2. 1. 2.426427792063796e-12 -2.692598188303125e-16 2.4261585322449654e-12
2. 2. 7.651269125928989e-9 -2.961251423895514e-13 7.650973000786599e-9
3. 1. 1.5284674903842134e-14 -1.1107695805324083e-20 1.5284663796146328e-14
3. 2. 1.1662003622422386e-13 -1.6906746627847408e-19 1.1661986715675758e-13
3. 3. 1.6611909842132654e-10 -1.1466870673153187e-16 1.661189837526198e-10
4. 1. 8.449413688841059e-20 -1.8964067544660587e-27 8.449413499200384e-20
4. 2. 2.5036563360018597e-15 -3.162422297936134e-23 2.5036563043776365e-15
4. 3. 3.935657939808404e-15 -8.543085855425559e-23 3.9356578543775455e-15
4. 4. 4.436611696474483e-12 -5.430889614192489e-20 4.436611642165587e-12
5. 1. 2.4881029772704355e-22 0. 2.488102976695305e-22
5. 2. 3.8985737065383716e-20 -1.3739015669002116e-29 3.89857370516447e-20
5. 3. 1.5532508334496841e-16 -3.428998591302317e-26 1.5532508331067843e-16
5. 4. 1.209595773941043e-16 -4.173752368695298e-26 1.2095957735236678e-16
5. 5. 1.267058367284167e-13 -2.7431675608366896e-23 1.2670583670098505e-13
6. 1. 8.706371219089026e-28 0. 8.706371219036495e-28
6. 2. 3.5853930506649073e-22 0. 3.585393050650592e-22
6. 3. 3.8120274782157805e-21 0. 3.8120274781938934e-21
6. 4. 7.064068174592775e-18 -2.732824707663166e-29 7.064068174565447e-18
6. 5. 3.592058333430756e-18 -2.0336539661893128e-29 3.59205833341042e-18
6. 6. 3.725400592577462e-15 -1.4243671827085937e-26 3.725400592563218e-15
7. 1. 1.3685438202321906e-30 0. 1.3685438202320892e-30
7. 2. 3.773045139160939e-27 0. 3.773045139160568e-27
7. 3. 6.445970450441427e-23 0. 6.445970450440978e-23
7. 4. 2.2058527738390324e-22 0. 2.205852773838822e-22
7. 5. 2.789821639163131e-19 0. 2.7898216391629416e-19
7. 6. 1.051313907424941e-19 0. 1.0513139074248415e-19
7. 7. 1.1113271545898348e-16 -7.496957760507544e-30 1.1113271545897599e-16
8. 1. 0. 0. 0.
8. 2. 1.9224763223379032e-29 0. 1.922476322337901e-29
8. 3. 1.1586691396950817e-27 0. 1.1586691396950797e-27
8. 4. 5.593539145450256e-24 0. 5.593539145450249e-24
8. 5. 9.996849730577009e-24 0. 9.996849730576993e-24
8. 6. 1.0202457944701033e-20 0. 1.020245794470102e-20
8. 7. 3.057112086121492e-21 0. 3.057112086121487e-21
8. 8. 3.341104515319685e-18 0. 3.341104515319681e-18
9. 1. 0. 0. 0.
9. 2. 0. 0. 0.
9. 3. 1.1155100075541138e-29 0. 1.1155100075541138e-29
9. 4. 1.3780507439147507e-28 0. 1.3780507439147507e-28
9. 5. 3.4199731065514667e-25 0. 3.4199731065514667e-25
9. 6. 3.9627370091250063e-25 0. 3.9627370091250063e-25
9. 7. 3.5599793083331075e-22 0. 3.5599793083331075e-22
9. 8. 8.86510959629445e-23 0. 8.86510959629445e-23
9. 9. 1.0088405782672727e-19 0. 1.0088405782672725e-19
10. 1. 0. 0. 0.
10. 2. 0. 0. 0.
10. 3. 0. 0. 0.
10. 4. 2.0312247582660682e-30 0. 2.0312247582660682e-30
10. 5. 1.0316779127479725e-29 0. 1.0316779127479725e-29
10. 6. 1.7159013003648596e-26 0. 1.7159013003648596e-26
10. 7. 1.448359670923405e-26 0. 1.448359670923405e-26
10. 8. 1.2042730196645503e-23 0. 1.2042730196645503e-23
10. 9. 2.568268344790799e-24 0. 2.568268344790799e-24
10. 10. 3.053608084466152e-21 0. 3.053608084466152e-21
11. 1. 0. 0. 0.
11. 2. 0. 0. 0.
11. 3. 0. 0. 0.
11. 4. 0. 0. 0.
11. 5. 0. 0. 0.
11. 6. 0. 0. 0.
11. 7. 7.609374009376188e-28 0. 7.609374009376188e-28
11. 8. 5.02165920882468e-28 0. 5.02165920882468e-28
11. 9. 3.986370360132438e-25 0. 3.986370360132438e-25
11. 10. 7.440223016074799e-26 0. 7.440223016074799e-26
11. 11. 9.25510508756574e-23 0. 9.25510508756574e-23
12. 1. 0. 0. 0.
12. 2. 0. 0. 0.
12. 3. 0. 0. 0.
12. 4. 0. 0. 0.
12. 5. 0. 0. 0.
12. 6. 0. 0. 0.
12. 7. 0. 0. 0.
12. 8. 3.1068374311864566e-29 0. 3.1068374311864566e-29
12. 9. 1.6793614758370228e-29 0. 1.6793614758370228e-29
12. 10. 1.298774325328352e-26 0. 1.298774325328352e-26
12. 11. 2.156415574293984e-27 0. 2.156415574293984e-27
12. 12. 2.8069592247123964e-24 0. 2.8069592247123964e-24
13. 1. 0. 0. 0.
13. 2. 0. 0. 0.
13. 3. 0. 0. 0.
13. 4. 0. 0. 0.
13. 5. 0. 0. 0.
13. 6. 0. 0. 0.
13. 7. 0. 0. 0.
13. 8. 0. 0. 0.
13. 9. 1.196740016775851e-30 0. 1.196740016775851e-30
13. 10. 0. 0. 0.
13. 11. 4.180830358237051e-28 0. 4.180830358237051e-28
13. 12. 6.254442258659536e-29 0. 6.254442258659536e-29
13. 13. 8.515250452994276e-26 0. 8.515250452994276e-26
14. 1. 0. 0. 0.
14. 2. 0. 0. 0.
14. 3. 0. 0. 0.
14. 4. 0. 0. 0.
14. 5. 0. 0. 0.
14. 6. 0. 0. 0.
14. 7. 0. 0. 0.
14. 8. 0. 0. 0.
14. 9. 0. 0. 0.
14. 10. 0. 0. 0.
14. 11. 0. 0. 0.
14. 12. 1.3332609100954315e-29 0. 1.3332609100954315e-29
14. 13. 1.8155423447776925e-30 0. 1.8155423447776925e-30
14. 14. 2.5831637735054906e-27 0. 2.5831637735054906e-27
15. 1. 0. 0. 0.
15. 2. 0. 0. 0.
15. 3. 0. 0. 0.
15. 4. 0. 0. 0.
15. 5. 0. 0. 0.
15. 6. 0. 0. 0.
15. 7. 0. 0. 0.
15. 8. 0. 0. 0.
15. 9. 0. 0. 0.
15. 10. 0. 0. 0.
15. 11. 0. 0. 0.
15. 12. 0. 0. 0.
15. 13. 0. 0. 0.
15. 14. 0. 0. 0.
15. 15. 7.834799240784726e-29 0. 7.834799240784726e-29