2. 1. 4.931013325086226e-7 -3.946487293720372e-8 4.536364595714189e-7
2. 2. 0.00044414663610073364 -5.143737400978633e-6 0.000439002898699755
3. 1. 3.963637037550807e-9 -2.739929772960017e-11 3.936237739821207e-9
3. 2. 2.2270485685428698e-7 -2.1996529460966816e-9 2.205052039081903e-7
3. 3. 0.00007644689205921085 -1.762970997599229e-7 0.00007627059495945093
4. 1. 7.160287211280114e-13 -3.010833773646123e-15 7.130178873543652e-13
4. 2. 5.676005658985299e-9 -6.390807507527483e-12 5.6696148514777715e-9
4. 3. 6.652395466037034e-8 -9.896564110386254e-11 6.642498901926647e-8
4. 4. 0.000016275711838375177 -7.454333055732426e-9 0.000016268257505319443
5. 1. 2.5510474555119186e-15 -1.6052141485967962e-18 2.549442241363322e-15
5. 2. 3.039808605961981e-12 -1.7978426693088904e-15 3.038010763292672e-12
5. 3. 3.0080123413890603e-9 -5.839169066913111e-13 3.007428424482369e-9
5. 4. 1.763090623737889e-8 -4.302686792292837e-12 1.7626603550586598e-8
5. 5. 3.7362040493583187e-6 -3.368387101539521e-10 3.735867210648165e-6
6. 1. 3.0137639348132434e-19 -9.236130826153116e-23 3.012840321730628e-19
6. 2. 3.291034601254864e-14 -3.18878596469329e-18 3.2907157226583946e-14
6. 3. 2.6613820915364545e-12 -2.4345408954221267e-16 2.6611386374469123e-12
6. 4. 1.153295757396695e-9 -3.985111409286744e-14 1.1532559062826021e-9
6. 5. 4.4537982934697705e-9 -1.8655329942119696e-13 4.453611740170349e-9
6. 6. 8.885522030317302e-7 -1.5648040239574067e-11 8.885365549914906e-7
7. 1. 5.601998185594714e-22 -3.2243411647727876e-26 5.601675751478236e-22
7. 2. 1.1997054935432124e-17 -5.220539132071432e-22 1.1996532881518916e-17
7. 3. 5.1906706337687564e-14 -8.212288963447269e-19 5.190588510879122e-14
7. 4. 1.3533518346721994e-12 -2.023789681067266e-17 1.3533315967753888e-12
7. 5. 3.8110533576417906e-10 -2.389499637515625e-15 3.8110294626454155e-10
7. 6. 1.1000705815419761e-9 -8.125316855766518e-15 1.1000624562251204e-9
7. 7. 2.1539092953181144e-7 -7.366715073102021e-13 2.1539019286030413e-7
8. 1. 4.3578654295816937e-26 -1.098245536608504e-30 4.357755605028033e-26
8. 2. 7.125892082831798e-20 -6.041860084388991e-25 7.125831664230954e-20
8. 3. 3.322010561938987e-17 -2.214715344238811e-22 3.321988414785544e-17
8. 4. 3.8953614000393326e-14 -1.0432105879243471e-19 3.8953509679334536e-14
8. 5. 5.320207730392048e-13 -1.3475800042364506e-18 5.320194254592006e-13
8. 6. 1.1609937858289166e-10 -1.3370774475617517e-16 1.1609924487514691e-10
8. 7. 2.686147459291729e-10 -3.5603144064359673e-16 2.686143898977323e-10
8. 8. 5.279981865513519e-8 -3.492109253737384e-14 5.279978373404265e-8
9. 1. 4.9150976063016845e-29 0. 4.9150712834550885e-29
9. 2. 1.7938526886696658e-23 -6.286668841934445e-29 1.793846402000824e-23
9. 3. 3.6813517528188026e-19 -4.908782086057557e-25 3.6813468440367165e-19
9. 4. 3.510245260659269e-17 -3.7551020672247943e-23 3.510241505557201e-17
9. 5. 2.0390415840030447e-14 -9.47398878226061e-21 2.0390406366041666e-14
9. 6. 1.812388457417204e-13 -7.966429661515039e-20 1.8123876607742376e-13
9. 7. 3.3655463881575585e-11 -7.17768613494822e-18 3.365545670388945e-11
9. 8. 6.519118620739921e-11 -1.5692121113509538e-17 6.51911705152781e-11
9. 9. 1.3032906281935743e-8 -1.6615597644219225e-15 1.3032904620375979e-8
10. 1. 0. 0. 0.
10. 2. 6.719872522551203e-26 0. 6.719867457039007e-26
10. 3. 1.7032641870797664e-22 -8.987699101455003e-29 1.703263288309856e-22
10. 4. 5.8896829849836255e-19 -1.282183013405538e-25 5.889681702800612e-19
10. 5. 2.307905832249014e-17 -4.0917772656353516e-24 2.3079054230712873e-17
10. 6. 8.695396903515465e-15 -7.1341030560137065e-22 8.695396190105159e-15
10. 7. 5.653957593491393e-14 -4.387803956045966e-21 5.6539571547109974e-14
10. 8. 9.442405364333417e-12 -3.750313900971529e-19 9.442404989302027e-12
10. 9. 1.5769854759495907e-11 -6.952921154148381e-19 1.5769854064203792e-11
10. 10. 3.231257857380199e-9 -7.921524759680058e-17 3.2312577781649514e-9
11. 1. 0. 0. 0.
11. 2. 1.2217557190417804e-29 0. 1.2217553576126681e-29
11. 3. 1.223931484147583e-24 0. 1.2239313433080203e-24
11. 4. 3.999909269887779e-22 -3.3185992241219224e-29 3.999908938027857e-22
11. 5. 5.257716925584244e-19 -1.919278387829075e-26 5.257716733656405e-19
11. 6. 1.155055856756025e-17 -3.4754890319466863e-25 1.1550558220011346e-17
11. 7. 3.260096111558025e-15 -4.7850808674395116e-23 3.2600960637072165e-15
11. 8. 1.664577816229773e-14 -2.3100147212371214e-22 1.6645777931296258e-14
11. 9. 2.589511727381623e-12 -1.9231685273350805e-20 2.589511708149938e-12
11. 10. 3.808316306531691e-12 -3.095026064431413e-20 3.80831627558143e-12
11. 11. 8.034473177776088e-10 -3.780399715016795e-18 8.03447313997209e-10
12. 1. 0. 0. 0.
12. 2. 0. 0. 0.
12. 3. 4.225223982057838e-28 0. 4.225223797435168e-28
12. 4. 4.443724750762387e-24 0. 4.443724669594775e-24
12. 5. 4.655121054260559e-22 -6.263560564365266e-30 4.655120991624953e-22
12. 6. 3.3447128929511324e-19 -2.0888981868838092e-27 3.3447128720621505e-19
12. 7. 4.864175028378942e-18 -2.5290482184427163e-26 4.8641750030884596e-18
12. 8. 1.1208720977854152e-15 -2.9725191856621774e-24 1.120872094812896e-15
12. 9. 4.708213373125764e-15 -1.1797366710759963e-23 4.708213361328397e-15
12. 10. 6.984828059902442e-13 -9.728919475585864e-22 6.984828050173522e-13
12. 11. 9.18974671416962e-13 -1.3832886588266453e-21 9.189746700336734e-13
12. 12. 2.001573677125993e-10 -1.804879707429444e-19 2.0015736753211133e-10
13. 1. 0. 0. 0.
13. 2. 0. 0. 0.
13. 3. 2.1330934555842625e-30 0. 2.1330934340580742e-30
13. 4. 2.3193754342641994e-27 0. 2.3193754186290326e-27
13. 5. 7.137070392428902e-24 0. 7.137070371156032e-24
13. 6. 3.593010274890533e-22 0. 3.59301026686284e-22
13. 7. 1.7136900730416666e-19 -1.8598936652979004e-28 1.713690071181773e-19
13. 8. 1.8228734771485007e-18 -1.660784690093142e-27 1.822873475487716e-18
13. 9. 3.6247313382205315e-16 -1.7502120417110287e-25 3.6247313364703194e-16
13. 10. 1.293891903157684e-15 -5.898095136338738e-25 1.2938919025678746e-15
13. 11. 1.8606813000042102e-13 -4.871542018846216e-23 1.860681299517056e-13
13. 12. 2.217056653435588e-13 -6.204211495472346e-23 2.217056652815167e-13
13. 13. 4.9926542105094515e-11 -8.617584520552135e-21 4.992654209647693e-11
14. 1. 0. 0. 0.
14. 2. 0. 0. 0.
14. 3. 0. 0. 0.
14. 4. 1.8404342431065893e-29 0. 1.8404342402261598e-29
14. 5. 4.987958268015171e-27 0. 4.987958262667645e-27
14. 6. 7.093770089609002e-24 0. 7.09377008608446e-24
14. 7. 2.1302383434013545e-22 0. 2.1302383425962124e-22
14. 8. 7.575519513724331e-20 -1.4465733806519944e-29 7.575519512277758e-20
14. 9. 6.289129939840116e-19 -1.0152494328895132e-28 6.289129938824867e-19
14. 10. 1.120556579664735e-16 -9.911325026561836e-27 1.1205565795656218e-16
14. 11. 3.480695256234472e-16 -2.903715325763569e-26 3.480695255944101e-16
14. 12. 4.9089336223570856e-14 -2.420014406592872e-24 4.908933622115084e-14
14. 13. 5.3492905991483794e-14 -2.7912137559419157e-24 5.3492905988692577e-14
14. 14. 1.246365248648884e-11 -4.1139049376388093e-22 1.246365248607745e-11
15. 1. 0. 0. 0.
15. 2. 0. 0. 0.
15. 3. 0. 0. 0.
15. 4. 0. 0. 0.
15. 5. 5.53482814313333e-29 0. 5.534828141751125e-29
15. 6. 6.162112700583086e-27 0. 6.162112699507451e-27
15. 7. 5.171680911372428e-24 0. 5.1716809109367605e-24
15. 8. 1.0542720881094755e-22 0. 1.0542720880410538e-22
15. 9. 3.013255507363518e-20 -1.022516618237151e-30 3.013255507261266e-20
15. 10. 2.0417737892295216e-19 -5.8925066538502594e-30 2.0417737891705966e-19
15. 11. 3.347793214173209e-17 -5.45076184089314e-28 3.347793214118701e-17
15. 12. 9.212682980028289e-17 -1.413304443029582e-27 9.212682979886958e-17
15. 13. 1.2851960443778174e-14 -1.1946043969339233e-25 1.2851960443658714e-14
15. 14. 1.29106597630349e-14 -1.259127360674239e-25 1.2910659762908986e-14
15. 15. 3.1130092226005003e-12 -1.963340967428803e-23 3.113009222580867e-12