2. 1. 5.936180851520324e-7 -0.00011112735797168933 -0.0001105337398865373
2. 2. 0.024620088944245135 -0.005840913068007208 0.018779175876237925
3. 1. 5.630197463815364e-11 -4.5497181222008125e-7 -4.5491551024544306e-7
3. 2. 2.195273456362869e-6 -0.00007512156496180052 -0.00007292629150543765
3. 3. 0.02004894747933629 -0.002816889694531437 0.017232057784804855
4. 1. 7.797556514732512e-16 -1.6656719830132097e-9 -1.6656712032575583e-9
4. 2. 5.405752194929994e-10 -8.162246157640356e-7 -8.156840405445427e-7
4. 3. 4.149515243237234e-6 -0.00003814965632095098 -0.00003400014107771375
4. 4. 0.0138167782364075 -0.0012020401434685748 0.012614738092938924
5. 1. 6.580585399715216e-20 -6.975388904450271e-12 -6.975388838644417e-12
5. 2. 1.895043785346557e-14 -6.028338064523818e-9 -6.028319114085965e-9
5. 3. 2.0922811391306173e-9 -6.622692225337637e-7 -6.60176941394633e-7
5. 4. 5.65911976470841e-6 -0.0000179815138020025 -0.00001232239403729409
5. 5. 0.009399267676083144 -0.0005184028397867954 0.008880864836296347
6. 1. 8.218777684412729e-25 -1.830496030310089e-14 -1.830496030227901e-14
6. 2. 3.714467021543086e-18 -5.827262636106277e-11 -5.827262264659576e-11
6. 3. 1.2151771075134525e-13 -6.766945469300304e-9 -6.766823951589552e-9
6. 4. 5.417151501761965e-9 -4.179626990780871e-7 -4.1254554757632515e-7
6. 5. 6.36362178360723e-6 -8.257088779001522e-6 -1.8934669953942921e-6
6. 6. 0.006457734917261114 -0.0002288920612371983 0.006228842856023916
7. 1. 4.034069519059492e-29 -6.743256211251278e-17 -6.743256211247244e-17
7. 2. 1.244064055432892e-22 -3.1421149615441203e-13 -3.142114960300056e-13
7. 3. 3.58099791817515e-17 -1.0203739731055895e-10 -1.0203736150057976e-10
7. 4. 4.726896923783071e-13 -5.129673269953433e-9 -5.129200580261055e-9
7. 5. 1.0733496719114351e-8 -2.360833474899003e-7 -2.2534985077078595e-7
7. 6. 6.33916368080358e-6 -3.754195616396666e-6 2.584968064406914e-6
7. 7. 0.004490554839049188 -0.00010312032899522237 0.004387434510053965
8. 1. 0. -1.3391862494102468e-19 -1.3391862494102432e-19
8. 2. 1.6410504733156722e-26 -2.5107323522601887e-15 -2.5107323522437784e-15
8. 3. 1.910192206135464e-21 -8.049351017485162e-13 -8.049350998383241e-13
8. 4. 1.8713327663562745e-16 -1.0252727100295411e-10 -1.0252708386967748e-10
8. 5. 1.3659603472165802e-12 -3.2482368390365823e-9 -3.2468708786893656e-9
8. 6. 1.7425393104695415e-8 -1.258217837706027e-7 -1.0839639066590728e-7
8. 7. 5.832570163161269e-6 -1.701048784203358e-6 4.131521378957911e-6
8. 8. 0.0031556334567568694 -0.00004717349487509513 0.0031084599618817744
9. 1. 0. -4.37419913522071e-22 -4.37419913522071e-22
9. 2. 0. -9.897552319330168e-18 -9.897552319329735e-18
9. 3. 4.0196121883322785e-25 -1.0154135724516609e-14 -1.0154135724114648e-14
9. 4. 1.3428827362531573e-20 -1.0166963914110435e-12 -1.0166963779822162e-12
9. 5. 7.051264196370908e-16 -7.920646725811227e-11 -7.920576213169265e-11
9. 6. 3.173214821636299e-12 -1.8661245454067665e-9 -1.86295133058513e-9
9. 7. 2.429529024650954e-8 -6.482480732705304e-8 -4.05295170805435e-8
9. 8. 5.083737469923553e-6 -7.703359960738856e-7 4.313401473849667e-6
9. 9. 0.002236697084175561 -0.00002182507581051862 0.0022148720083650423
10. 1. 0. -7.193074268975292e-25 -7.193074268975292e-25
10. 2. 0. -6.489959251118609e-20 -6.489959251118605e-20
10. 3. 1.7798440930087733e-29 -6.060654925955072e-17 -6.060654925953292e-17
10. 4. 3.7774935132518634e-24 -1.7283689827234683e-14 -1.7283689823457188e-14
10. 5. 6.373796883123228e-20 -9.126831423111798e-13 -9.126830785732109e-13
10. 6. 2.1257639292148256e-15 -5.2897524077879396e-11 -5.2895398313950184e-11
10. 7. 6.189051419993783e-12 -1.0112859413791035e-9 -1.0050968899591097e-9
10. 8. 3.0135298011531494e-8 -3.269689406093251e-8 -2.561596049401019e-9
10. 9. 4.265142518266111e-6 -3.4913335976716876e-7 3.916009158498942e-6
10. 10. 0.001596411037305661 -0.00001018176492648678 0.0015862292723791743
11. 1. 0. -2.1570835895899978e-27 -2.1570835895899978e-27
11. 2. 0. -1.9861069130067906e-22 -1.9861069130067906e-22
11. 3. 0. -6.284205209543243e-19 -6.284205209543215e-19
11. 4. 2.2957988583574438e-28 -1.347070806348123e-16 -1.3470708063458272e-16
11. 5. 2.2256774527317614e-23 -1.9176487919738667e-14 -1.9176487897481894e-14
11. 6. 2.3585709454867346e-19 -6.765712521365444e-13 -6.765710162794498e-13
11. 7. 5.383640927735955e-15 -3.23117987934679e-11 -3.2306415152540165e-11
11. 8. 1.0448866327491886e-11 -5.277986124594161e-10 -5.173497461319243e-10
11. 9. 3.4152274321874097e-8 -1.6261831163856134e-8 1.7890443158017962e-8
11. 10. 3.4805416847134876e-6 -1.5846066976367762e-7 3.32208101494981e-6
11. 11. 0.0011458499625939245 -4.779221703948141e-6 0.0011410707408899764
12. 1. 0. -3.120830570623096e-30 -3.120830570623096e-30
12. 2. 0. -1.1009861660308016e-24 -1.1009861660308016e-24
12. 3. 0. -2.9351610396510205e-21 -2.9351610396510205e-21
12. 4. 0. -1.9104378752994768e-18 -1.910437875299428e-18
12. 5. 1.6904407106438207e-27 -1.7951465961779857e-16 -1.7951465961610814e-16
12. 6. 9.898070216140418e-23 -1.6677544929756977e-14 -1.6677544830776274e-14
12. 7. 7.264290659284561e-19 -4.456190098692104e-13 -4.4561828344014444e-13
12. 8. 1.178576136134555e-14 -1.8613286160091774e-11 -1.860150039873043e-11
12. 9. 1.564494577518149e-11 -2.6851871663319676e-10 -2.528737708580153e-10
12. 10. 3.607941739238031e-8 -8.009783165848173e-9 2.8069634226532134e-8
12. 11. 2.782226600827506e-6 -7.204214686138716e-8 2.7101844539661187e-6
12. 12. 0.000826244493037896 -2.2535767653457404e-6 0.0008239909162725502
13. 1. 0. 0. 0.
13. 2. 0. -2.7603145525460955e-27 -2.7603145525460955e-27
13. 3. 0. -2.543320816553336e-23 -2.543320816553336e-23
13. 4. 0. -1.1912390511943622e-20 -1.191239051194362e-20
13. 5. 0. -3.195138539981642e-18 -3.1951385399811883e-18
13. 6. 8.960442175505498e-27 -1.7817253318349495e-16 -1.7817253317453453e-16
13. 7. 3.615815962330374e-22 -1.2458273496646465e-14 -1.2458273135064869e-14
13. 8. 1.9283155492173987e-18 -2.7143736402999903e-13 -2.714354357144498e-13
13. 9. 2.2758322750071357e-14 -1.0295861205726867e-11 -1.0273102882976794e-11
13. 10. 2.1196826135350816e-11 -1.3416942902702537e-10 -1.1297260289167454e-10
13. 11. 3.6068522115477004e-8 -3.918010759988688e-9 3.2150511355488314e-8
13. 12. 2.189329077434286e-6 -3.2811274362926695e-8 2.156517803071359e-6
13. 13. 0.0005980476831382981 -1.0662692862245286e-6 0.0005969814138520736
14. 1. 0. 0. 0.
14. 2. 0. -1.33511863952138e-29 -1.33511863952138e-29
14. 3. 0. -9.650606363300999e-26 -9.650606363300999e-26
14. 4. 0. -1.4215085082011058e-22 -1.4215085082011058e-22
14. 5. 0. -2.4489981872603774e-20 -2.4489981872603744e-20
14. 6. 2.8706297134701288e-30 -3.769810219997239e-18 -3.769810219994369e-18
14. 7. 3.807391088222384e-26 -1.4690777969047453e-16 -1.4690777965240063e-16
14. 8. 1.1337428237455902e-21 -8.409010685057252e-15 -8.409009551314429e-15
14. 9. 4.508014386920328e-18 -1.5659227474076836e-13 -1.5658776672638146e-13
14. 10. 3.9398526035399983e-14 -5.531096411413368e-12 -5.4916978853779684e-12
14. 11. 2.642601869571771e-11 -6.616576298691538e-11 -3.973974429119766e-11
14. 12. 3.4510107921394334e-8 -1.90679254331972e-9 3.2603315378074614e-8
14. 13. 1.7019032196854505e-6 -1.4970130750733007e-8 1.6869330889347174e-6
14. 14. 0.00043424160427155855 -5.057905765128339e-7 0.0004337358136950457
15. 1. 0. 0. 0.
15. 2. 0. 0. 0.
15. 3. 0. -7.150442625541438e-28 -7.150442625541438e-28
15. 4. 0. -7.274129395231629e-25 -7.274129395231629e-25
15. 5. 0. -3.708150345625119e-22 -3.7081503456251185e-22
15. 6. 0. -3.368215906957373e-20 -3.368215906957351e-20
15. 7. 1.416392873019907e-29 -3.563523604847104e-18 -3.56352360483294e-18
15. 8. 1.3717607102299806e-25 -1.06964154830747e-16 -1.0696415469357093e-16
15. 9. 3.1301409049586036e-21 -5.286632687793886e-15 -5.286629557652981e-15
15. 10. 9.425171191853565e-18 -8.685652062007324e-14 -8.684709544888138e-14
15. 11. 6.200467350359692e-14 -2.907542805228598e-12 -2.845538131725001e-12
15. 12. 3.0738187410859656e-11 -3.2311623898186284e-11 -1.5734364873266263e-12
15. 13. 3.1874721908682056e-8 -9.244469796336629e-10 3.095027492904839e-8
15. 14. 1.3103471680172536e-6 -6.841755799616805e-9 1.3035054122176369e-6
15. 15. 0.0003161354934159971 -2.403856387118991e-7 0.0003158951077772852