2. 1. 8.615426708841414e-6 -0.00007995688948563797 -0.00007134146277679656
2. 2. 0.033453651679509325 -0.0050673291689241765 0.02838632251058515
3. 1. 1.0511987378395056e-8 -2.404586085011533e-7 -2.2994662112275825e-7
3. 2. 0.000016205317996117216 -0.00003662306045156916 -0.00002041774245545194
3. 3. 0.019001421854098026 -0.0014608066948740136 0.01754061515922401
4. 1. 1.1045675058564417e-12 -4.884860536676816e-10 -4.873814861618252e-10
4. 2. 6.204774232669677e-8 -3.4318467154245227e-7 -2.8113692921575546e-7
4. 3. 0.000017061977715920345 -0.000012923834191174833 4.1381435247455145e-6
4. 4. 0.010438202293199481 -0.00042897147908265934 0.01000923081411682
5. 1. 7.624754269839559e-16 -1.2802401896559488e-12 -1.2794777142289648e-12
5. 2. 2.0219505724285953e-11 -1.6208218971079615e-9 -1.6006023913836756e-9
5. 3. 1.2557652523088716e-7 -2.0709394619653505e-7 -8.151742096564788e-8
5. 4. 0.000014503224122159335 -4.2960367678774254e-6 0.00001020718735428191
5. 5. 0.005950604530636651 -0.00013374031727512135 0.0058168642133615295
6. 1. 6.024517595838101e-20 -1.5107985400355331e-15 -1.5107382948595748e-15
6. 2. 3.9003791957562215e-14 -1.1986454219757276e-11 -1.1947450427799713e-11
6. 3. 7.491438974157889e-11 -1.4097905550440594e-9 -1.3348761653024805e-9
6. 4. 1.691541907432394e-7 -9.60746010271836e-8 7.307958971605577e-8
6. 5. 0.000011084621266653166 -1.4033902206105427e-6 9.681231046042623e-6
6. 6. 0.0034936692738118985 -0.00004339200796668517 0.0034502772658452133
7. 1. 2.2413314072592483e-23 -2.8565697025580577e-18 -2.856547289243985e-18
7. 2. 9.401478218756108e-18 -3.665180382071627e-14 -3.6642402342497517e-14
7. 3. 2.5136160893154937e-13 -1.7548908119958443e-11 -1.7297546511026893e-11
7. 4. 1.518164853600671e-10 -7.965482168421506e-10 -6.447317314820834e-10
7. 5. 1.837532671129818e-7 -3.9775632210056475e-8 1.439776349029253e-7
7. 6. 7.971419441793327e-6 -4.5645018718710135e-7 7.514969254606226e-6
7. 7. 0.0020937809847497075 -0.000014434303264638002 0.0020793466814850695
8. 1. 1.2139712638736346e-27 -2.1071754700124857e-21 -2.107174256041222e-21
8. 2. 1.0520751740432785e-20 -2.0082622633297406e-16 -2.0081570558123361e-16
8. 3. 1.0847709760261281e-16 -8.436934302422821e-14 -8.426086592662559e-14
8. 4. 7.500531894968327e-13 -1.3748087738168982e-11 -1.2998034548672149e-11
8. 5. 2.2352587844076724e-10 -3.7064201292137143e-10 -1.471161344806042e-10
8. 6. 1.749983758204925e-7 -1.552597289869044e-8 1.5947240292180207e-7
8. 7. 5.519002930943557e-6 -1.4851502078427355e-7 5.370487910159284e-6
8. 8. 0.0012731681753427662 -4.878135350277381e-6 0.0012682900399924887
9. 1. 0. -2.9278455991821598e-24 -2.9278453224335004e-24
9. 2. 1.8148444019675115e-24 -4.085607037059946e-19 -4.0855888886159264e-19
9. 3. 2.169026764019923e-19 -8.048804876869669e-16 -8.046635850105649e-16
9. 4. 4.760410216876199e-16 -8.596188344277766e-14 -8.548584242109004e-14
9. 5. 1.4958174968870362e-12 -8.055366973209772e-12 -6.5595494763227365e-12
9. 6. 2.699837677879196e-10 -1.5549032377583925e-10 1.1449344401208039e-10
9. 7. 1.527002189401067e-7 -5.857533317692163e-9 1.4684268562241454e-7
9. 8. 3.726377201653113e-6 -4.842760913244576e-8 3.6779495925206672e-6
9. 9. 0.0007823776806912978 -1.6655617902888968e-6 0.000780712118901009
10. 1. 0. -1.4937847676663386e-27 -1.4937847570192998e-27
10. 2. 1.3146475257681935e-27 -1.6660302302022513e-21 -1.6660289155547254e-21
10. 3. 6.872191022497378e-23 -2.7476500748345658e-18 -2.7475813529243407e-18
10. 4. 1.4055705830638182e-18 -1.1656802541056978e-15 -1.164274683522634e-15
10. 5. 1.2649821725135482e-15 -5.962358523908762e-14 -5.835860306657406e-14
10. 6. 2.324758410101509e-12 -4.0250889771849346e-12 -1.7003305670834264e-12
10. 7. 2.8517032336693165e-10 -6.134342029816803e-11 2.2382690306876365e-10
10. 8. 1.2530534278013272e-7 -2.163340055160947e-9 1.2314200272497175e-7
10. 9. 2.472846685157625e-6 -1.583568225199307e-8 2.457011002905632e-6
10. 10. 0.0004845695775639847 -5.725345576957557e-7 0.00048399704300628897
11. 1. 0. -1.6028508128936176e-30 -1.602850811263698e-30
11. 2. 0. -2.3968910171460563e-24 -2.396890850133133e-24
11. 3. 9.189612516028368e-26 -2.010950915584497e-20 -2.0109417259719808e-20
11. 4. 6.632471741266317e-22 -5.455902682014088e-18 -5.455239434839961e-18
11. 5. 5.020071058434843e-18 -1.0358374568907114e-15 -1.0308173858322764e-15
11. 6. 2.469919080214579e-15 -3.341903213806288e-14 -3.09491130578483e-14
11. 7. 3.048388838047802e-12 -1.825643626509156e-12 1.2227452115386462e-12
11. 8. 2.7362110616614283e-10 -2.3271340241870247e-11 2.5034976592427255e-10
11. 9. 9.831322187688196e-8 -7.87778303523664e-10 9.75254435733583e-8
11. 10. 1.620890156348747e-6 -5.193503418779213e-9 1.615696652929968e-6
11. 11. 0.0003019199886057595 -1.9769932914651286e-7 0.00030172228927661295
12. 1. 0. 0. 0.
12. 2. 0. -7.502820652619349e-27 -7.502820568178827e-27
12. 3. 2.2017783759489267e-29 -5.0609210035742387e-23 -5.060918801795863e-23
12. 4. 1.3322736724991185e-24 -5.82608378988436e-20 -5.82595056251711e-20
12. 5. 3.172460869190383e-21 -5.9887922543797076e-18 -5.9856197935105176e-18
12. 6. 1.2471701361802627e-17 -6.997573289700839e-16 -6.872856276082812e-16
12. 7. 3.9116197323843355e-15 -1.643833454773395e-14 -1.2526714815349614e-14
12. 8. 3.534130470574067e-12 -7.772937153740936e-13 2.7568367551999735e-12
12. 9. 2.4441230563237277e-10 -8.598915863778287e-12 2.3581338976859446e-10
12. 10. 7.457170264630346e-8 -2.8407030230849573e-10 7.428763234399497e-8
12. 11. 1.052924006077251e-6 -1.708160348407335e-9 1.0512158457288437e-6
12. 12. 0.00018899084024756648 -6.84752302634166e-8 0.00018892236501730304
13. 1. 0. 0. 0.
13. 2. 0. -8.04678710233604e-30 -8.046787094168873e-30
13. 3. 0. -2.902345733711036e-25 -2.902345522588264e-25
13. 4. 4.839932223713458e-28 -2.0874683209185996e-22 -2.087463480986376e-22
13. 5. 8.626945919622477e-24 -8.364235763796012e-20 -8.36337306920405e-20
13. 6. 9.915633273377064e-21 -4.699746827886948e-18 -4.689831194613571e-18
13. 7. 2.4247716078917718e-17 -3.9889904096199626e-16 -3.7465132488307853e-16
13. 8. 5.3224192518940475e-15 -7.420821888774653e-15 -2.0984026368806068e-15
13. 9. 3.733333875117101e-12 -3.168338076141156e-13 3.416500067502985e-12
13. 10. 2.0666976736100604e-10 -3.1193959456717374e-12 2.035503714153343e-10
13. 11. 5.510613822174344e-8 -1.0171324905057349e-10 5.500442497269286e-8
13. 12. 6.793929420941966e-7 -5.633352890801322e-10 6.788296068051164e-7
13. 13. 0.0001187338289319733 -2.376618424688546e-8 0.00011871006274772643
14. 1. 0. 0. 0.
14. 2. 0. 0. 0.
14. 3. 0. -5.587991417460792e-28 -5.587991378088912e-28
14. 4. 0. -1.783311438705029e-24 -1.7833107290773218e-24
14. 5. 4.24600843947869e-27 -3.8228130734637126e-22 -3.822770613379318e-22
14. 6. 3.4348882265120324e-23 -8.039741280639426e-20 -8.036306392412914e-20
14. 7. 2.3286213041497193e-20 -2.992020466357319e-18 -2.968734253315822e-18
14. 8. 3.9484940324833237e-17 -2.0317318226466985e-16 -1.6368824193983663e-16
14. 9. 6.454921135786867e-15 -3.1568994923116904e-15 3.2980216434751764e-15
14. 10. 3.6682967411115915e-12 -1.2517007024142378e-13 3.543126670870168e-12
14. 11. 1.6739879436846696e-10 -1.1166729913976193e-12 1.6628212137706935e-10
14. 12. 3.989236391857299e-8 -3.622797824086625e-11 3.985613594033213e-8
14. 13. 4.3614385660777414e-7 -1.862461830556482e-10 4.3595761042471847e-7
14. 14. 0.00007481205496128876 -8.260225698738187e-9 0.00007480379473559002
15. 1. 0. 0. 0.
15. 2. 0. 0. 0.
15. 3. 0. -2.571342186537511e-30 -2.571342183696948e-30
15. 4. 0. -5.0207025664173106e-27 -5.0207023623726974e-27
15. 5. 8.520324141086959e-30 -4.348598582206374e-24 -4.348590061882233e-24
15. 6. 2.142210168448114e-26 -4.3866867319407815e-22 -4.386472510923936e-22
15. 7. 9.881032245062626e-23 -6.006786781574355e-20 -5.996905749329292e-20
15. 8. 4.4513646335356405e-20 -1.6569266260010896e-18 -1.6124129796657331e-18
15. 9. 5.621139434258288e-17 -9.56620112570635e-17 -3.9450616914480613e-17
15. 10. 7.154235224230783e-15 -1.2867967971294974e-15 5.8674384271012865e-15
15. 11. 3.402417922413121e-12 -4.831759480758373e-14 3.354100327605537e-12
15. 12. 1.3101106794003224e-10 -3.9583015160506247e-13 1.3061523778842717e-10
15. 13. 2.840606724788411e-8 -1.2851775496572965e-11 2.839321547238754e-8
15. 14. 2.7889065124814625e-7 -6.17163765227218e-11 2.7882893487162354e-7
15. 15. 0.000047248340257495294 -2.8736205598685526e-9 0.00004724546663693543