2. 1. 5.480100405753882e-8 -0.00008548234234954213 -0.00008542754134548459
2. 2. 0.014773737566381763 -0.0038430748421213693 0.010930662724260394
3. 1. 8.959427381610327e-13 -4.7163139447810825e-7 -4.716304985353701e-7
3. 2. 2.966965843157206e-7 -0.000060533182074660326 -0.000060236485490344606
3. 3. 0.013177879922143726 -0.002100050630819224 0.011077829291324502
4. 1. 3.094021269002506e-18 -2.7937396056776625e-9 -2.7937396025836413e-9
4. 2. 9.351270430715922e-12 -7.488580165001048e-7 -7.488486652296741e-7
4. 3. 8.57252775189138e-7 -0.000033046334293767786 -0.000032189081518578644
4. 4. 0.009674862692624488 -0.0009845902358810942 0.008690272456743394
5. 1. 6.387314371730287e-23 -2.0423335103157554e-11 -2.042333510309368e-11
5. 2. 6.605757594013234e-17 -7.175317479462794e-9 -7.175317413405218e-9
5. 3. 5.040875901777312e-11 -6.175179957478199e-7 -6.174675869888022e-7
5. 4. 1.6436077168640999e-6 -0.00001677900110879753 -0.000015135393391933427
5. 5. 0.006908514656467728 -0.00045928230788170156 0.006449232348586026
6. 1. 2.2166514081304636e-28 -1.1228397596298182e-13 -1.122839759629816e-13
6. 2. 2.7431067752361433e-21 -9.100041454661872e-11 -9.100041454387561e-11
6. 3. 4.896030840334162e-16 -7.640842949212912e-9 -7.640842459609828e-9
6. 4. 2.0242429076734815e-10 -4.0790406604283697e-7 -4.0770164175206965e-7
6. 5. 2.3672993172970495e-6 -8.297224465771888e-6 -5.929925148474839e-6
6. 6. 0.00494638870600653 -0.0002177789599472561 0.004728609746059273
7. 1. 0. -8.968954673607992e-16 -8.968954673607992e-16
7. 2. 2.303916267345424e-26 -7.438784034530704e-13 -7.438784034530473e-13
7. 3. 2.628722223134022e-20 -1.3657951337263999e-10 -1.3657951334635275e-10
7. 4. 2.6075777169935253e-15 -5.8808815157054816e-9 -5.880878908127765e-9
7. 5. 6.32084899749999e-10 -2.4363628314657216e-7 -2.430041982468222e-7
7. 6. 2.8247611609106483e-6 -4.059987875659051e-6 -1.2352267147484031e-6
7. 7. 0.003571374992710265 -0.00010503094467332383 0.003466344048036941
8. 1. 0. -4.48993266803391e-18 -4.48993266803391e-18
8. 2. 0. -9.041202426972202e-15 -9.041202426972202e-15
8. 3. 3.134452661641011e-25 -1.4472061603380294e-12 -1.447206160337716e-12
8. 4. 1.6389243792079668e-19 -1.325054539637849e-10 -1.3250545379989246e-10
8. 5. 1.1391183231470709e-14 -3.8766482214091474e-9 -3.8766368302259155e-9
8. 6. 1.5562164981019641e-9 -1.3793419476930498e-7 -1.3637797827120301e-7
8. 7. 2.981635482111017e-6 -1.978705996862249e-6 1.0029294852487682e-6
8. 8. 0.0026007388680186054 -0.00005136593934364596 0.0025493729286749593
9. 1. 0. -3.7033908954399716e-20 -3.7033908954399716e-20
9. 2. 0. -6.229827892739553e-17 -6.229827892739553e-17
9. 3. 1.4376436050993297e-29 -2.396235369129001e-14 -2.3962353691289993e-14
9. 4. 2.344349067044398e-24 -1.6650599614538895e-12 -1.6650599614515453e-12
9. 5. 8.369564210847401e-19 -1.0339804631831435e-10 -1.0339804548135792e-10
9. 6. 4.1848117669314044e-14 -2.345516610202665e-9 -2.345474762084996e-9
9. 7. 3.0972411028069583e-9 -7.567107426650709e-8 -7.257383316370013e-8
9. 8. 2.900039211970968e-6 -9.6337481298168e-7 1.936664398989288e-6
9. 9. 0.0019081518988984013 -0.000025394389301931557 0.0018827575095964697
10. 1. 0. -1.7451643786913896e-22 -1.7451643786913896e-22
10. 2. 0. -7.106370378921304e-19 -7.106370378921304e-19
10. 3. 0. -2.1217033043297643e-16 -2.1217033043297643e-16
10. 4. 1.3047173382832447e-28 -3.4464989093691846e-14 -3.446498909369172e-14
10. 5. 1.357055447453549e-23 -1.4608841634981793e-12 -1.4608841634846088e-12
10. 6. 3.7246370606493935e-18 -7.125842683741426e-11 -7.12584231127772e-11
10. 7. 1.2960978941529376e-13 -1.346938437003851e-9 -1.3468088272144358e-9
10. 8. 5.157233347129084e-9 -4.069774887684138e-8 -3.55405155297123e-8
10. 9. 2.665997757960012e-6 -4.69232308269051e-7 2.196765449690961e-6
10. 10. 0.0014088628450948742 -0.000012658931498995271 0.0013962039135958788
11. 1. 0. -1.4684794171510996e-24 -1.4684794171510996e-24
11. 2. 0. -4.315016705976521e-21 -4.315016705976521e-21
11. 3. 0. -3.1866136987131707e-18 -3.1866136987131707e-18
11. 4. 0. -3.662680862904533e-16 -3.662680862904533e-16
11. 5. 8.522799894530307e-28 -3.573919586795179e-14 -3.573919586795094e-14
11. 6. 6.783048993116085e-23 -1.0947868415473497e-12 -1.0947868414795193e-12
11. 7. 1.4651106358760194e-17 -4.5444586173044554e-11 -4.544457152193819e-11
11. 8. 3.393082367882572e-13 -7.476430223833215e-10 -7.473037141465332e-10
11. 9. 7.442435151187825e-9 -2.1601960002010778e-8 -1.4159524850822953e-8
11. 10. 2.3543277337435884e-6 -2.288027239120566e-7 2.125525009831532e-6
11. 11. 0.0010457027127075962 -6.350369812020349e-6 0.0010393523428955758
12. 1. 0. -6.655053455810426e-27 -6.655053455810426e-27
12. 2. 0. -4.679139885282863e-23 -4.679139885282863e-23
12. 3. 0. -2.4315684843538548e-20 -2.4315684843538548e-20
12. 4. 0. -6.8167130817775414e-18 -6.8167130817775414e-18
12. 5. 0. -4.3425920754433435e-16 -4.342592075443343e-16
12. 6. 4.684031512514429e-27 -3.050365561779349e-14 -3.05036556177888e-14
12. 7. 3.0389988251613385e-22 -7.425998926068949e-13 -7.42599892302995e-13
12. 8. 5.093708974549935e-17 -2.7523874301626162e-11 -2.7523823364536417e-11
12. 9. 7.573664306696844e-13 -4.0545539130044916e-10 -4.0469802486977944e-10
12. 10. 9.598931220698461e-9 -1.1362363298712195e-8 -1.763432078013734e-9
12. 11. 2.018724382085891e-6 -1.1172646703655298e-7 1.9069979150493378e-6
12. 12. 0.000779566824776771 -3.2010817336213815e-6 0.0007763657430431496
13. 1. 0. -5.686329363878151e-29 -5.686329363878151e-29
13. 2. 0. -2.5957945040018357e-25 -2.5957945040018357e-25
13. 3. 0. -3.35310508107569e-22 -3.35310508107569e-22
13. 4. 0. -6.23777588800391e-20 -6.23777588800391e-20
13. 5. 0. -9.554802648293328e-18 -9.554802648293328e-18
13. 6. 0. -4.098545557346232e-16 -4.0985455573462313e-16
13. 7. 2.3020953011483767e-26 -2.29745473324967e-14 -2.2974547332473678e-14
13. 8. 1.2338405561532867e-21 -4.710808252606102e-13 -4.710808240267696e-13
13. 9. 1.5612780442894094e-16 -1.6079614947837336e-11 -1.6079458820032908e-11
13. 10. 1.4621365948421283e-12 -2.1628163152815608e-10 -2.1481949493331395e-10
13. 11. 1.1340534284900156e-8 -5.9378767103511615e-9 5.402657574548995e-9
13. 12. 1.6930258005020156e-6 -5.464227470828798e-8 1.6383835257937276e-6
13. 13. 0.0005833055542815573 -1.6195767012995776e-6 0.0005816859775802577
14. 1. 0. 0. 0.
14. 2. 0. -2.713600116716032e-27 -2.713600116716032e-27
14. 3. 0. 0. 0.
14. 4. 0. -1.0517299077144047e-21 -1.0517299077144047e-21
14. 5. 0. -1.0072233850489759e-19 -1.0072233850489759e-19
14. 6. 0. -1.0303763178850448e-17 -1.0303763178850448e-17
14. 7. 0. -3.3345281061554596e-16 -3.334528106155455e-16
14. 8. 1.036329784737962e-25 -1.5893246798246856e-14 -1.5893246798143225e-14
14. 9. 4.5436289060093875e-21 -2.8508167787534493e-13 -2.8508167333171604e-13
14. 10. 4.2172715202117654e-16 -9.151293729562168e-12 -9.150872002410146e-12
14. 11. 2.4843174077815265e-12 -1.1398517560714038e-10 -1.1150085819935886e-10
14. 12. 1.2507696974940952e-8 -3.088415477804241e-9 9.419281497136711e-9
14. 13. 1.3959067525720187e-6 -2.6766407411628155e-8 1.3691403451603906e-6
14. 14. 0.0004378106730562769 -8.217558243286239e-7 0.0004369889172319483
15. 1. 0. 0. 0.
15. 2. 0. -1.410325162087334e-29 -1.410325162087334e-29
15. 3. 0. -2.9314528635953294e-26 -2.9314528635953294e-26
15. 4. 0. 0. 0.
15. 5. 0. -2.000921596191595e-21 -2.000921596191595e-21
15. 6. 0. -1.2135657304240975e-19 -1.2135657304240975e-19
15. 7. 0. -9.344522694969215e-18 -9.344522694969215e-18
15. 8. 2.1429662017110166e-30 -2.4501524048505904e-16 -2.4501524048505687e-16
15. 9. 4.307512550268327e-25 -1.0349968101654337e-14 -1.0349968101223586e-14
15. 10. 1.514267615689235e-20 -1.6668991235943091e-13 -1.6668989721675475e-13
15. 11. 1.0070412777927623e-15 -5.107394104091008e-12 -5.106387062813215e-12
15. 12. 3.7824337388212015e-12 -5.953117070854398e-11 -5.574873696972278e-11
15. 13. 1.30646573339162e-8 -1.6006666804695302e-9 1.146399065344667e-8
15. 14. 1.1357000039083718e-6 -1.3131863919453709e-8 1.1225681399889182e-6
15. 15. 0.0003294731362901007 -4.178670931336847e-7 0.000329055269196967