2. 1. 8.075009635291013e-8 -0.00008929363739500718 -0.00008921288729865427
2. 2. 0.016090455902471244 -0.004149113525454661 0.011941342377016582
3. 1. 1.744134053294663e-12 -4.6228707800876307e-7 -4.6228533387470975e-7
3. 2. 4.1327543250302826e-7 -0.00006334503500411938 -0.00006293175957161635
3. 3. 0.014199468298782535 -0.0022365005552564213 0.011962967743526114
4. 1. 7.466936539963638e-18 -2.4876049091784543e-9 -2.4876049017115176e-9
4. 2. 1.8163857116675194e-11 -7.612357526580136e-7 -7.612175888008969e-7
4. 3. 1.112366218902562e-6 -0.000034376452536931984 -0.000033264086318029424
4. 4. 0.010346067196488356 -0.0010377117877814661 0.009308355408706889
5. 1. 1.9242518269847704e-22 -1.6262246517469426e-11 -1.6262246517277e-11
5. 2. 1.6479987078575904e-16 -6.925356103052684e-9 -6.925355938252813e-9
5. 3. 9.34700536987609e-11 -6.31324189036799e-7 -6.312307189831002e-7
5. 4. 2.012635937741312e-6 -0.00001732926207181799 -0.000015316626134076675
5. 5. 0.007344657799924504 -0.00047990916796342815 0.006864748631961077
6. 1. 8.150204689729549e-28 -7.779024038384898e-14 -7.779024038384818e-14
6. 2. 8.736388208215115e-21 -8.282180429978353e-11 -8.282180429104713e-11
6. 3. 1.2065611263453703e-15 -7.530551692381444e-9 -7.530550485820318e-9
6. 4. 3.5014615618886767e-10 -4.1647217444369705e-7 -4.161220282875082e-7
6. 5. 2.783111025143144e-6 -8.50511610844077e-6 -5.722005083297626e-6
6. 6. 0.005232540694135774 -0.00022580181284356316 0.005006738881292211
7. 1. 0. -5.377282554325941e-16 -5.37728255432594e-16
7. 2. 9.101564059300292e-26 -6.230308679889612e-13 -6.230308679888703e-13
7. 3. 8.479702929206697e-20 -1.296544267956231e-10 -1.2965442671082607e-10
7. 4. 6.157002947162025e-15 -5.82926440463674e-9 -5.829258247633793e-9
7. 5. 1.0129896267653191e-9 -2.477863268349689e-7 -2.4677333720820357e-7
7. 6. 3.228432298918305e-6 -4.130102251676101e-6 -9.016699527577963e-7
7. 7. 0.003760933889376741 -0.00010810270399146955 0.0036528311853852714
8. 1. 0. -2.2818704479236392e-18 -2.2818704479236392e-18
8. 2. 3.5930875088565015e-30 -6.940423385045486e-15 -6.940423385045482e-15
8. 3. 1.2779929294576503e-24 -1.2959690056029232e-12 -1.2959690056016451e-12
8. 4. 5.19220937013341e-19 -1.278792217230289e-10 -1.2787922120380796e-10
8. 5. 2.5259114810369043e-14 -3.842415016472228e-9 -3.8423897573574174e-9
8. 6. 2.321505009771865e-9 -1.3957079292311187e-7 -1.3724928791334e-7
8. 7. 3.3386827601999417e-6 -1.9975272364269186e-6 1.3411555237730231e-6
8. 8. 0.0027271000134967663 -0.000052490546940777466 0.002674609466555989
9. 1. 0. -1.5969823400743428e-20 -1.5969823400743428e-20
9. 2. 0. -4.2860097967939565e-17 -4.2860097967939565e-17
9. 3. 7.446562734814615e-29 -2.0241927554805967e-14 -2.0241927554805894e-14
9. 4. 9.574028490679457e-24 -1.535179213448938e-12 -1.535179213439364e-12
9. 5. 2.5447834327371683e-18 -1.0042881443028084e-10 -1.004288118854974e-10
9. 6. 8.617511882426595e-14 -2.31831152787005e-9 -2.318225352751226e-9
9. 7. 4.345693537239424e-9 -7.61304099004265e-8 -7.178471636318707e-8
9. 8. 3.196776112383591e-6 -9.651181800777726e-7 2.2316579323058187e-6
9. 9. 0.001992612234577143 -0.000025766816703719566 0.0019668454178734234
10. 1. 0. -6.279016405466011e-23 -6.279016405466011e-23
10. 2. 0. -4.376848962648338e-19 -4.376848962648338e-19
10. 3. 0. -1.6566080607120514e-16 -1.6566080607120514e-16
10. 4. 6.87732197026847e-28 -3.044915104438489e-14 -3.04491510443842e-14
10. 5. 5.422545251270452e-23 -1.3656349210325814e-12 -1.3656349209783558e-12
10. 6. 1.0687208966261895e-17 -6.931714601501879e-11 -6.931713532780982e-11
10. 7. 2.469822868530286e-13 -1.3256131791858676e-9 -1.3253661968990146e-9
10. 8. 6.883903151819483e-9 -4.069442796257927e-8 -3.3810524810759785e-8
10. 9. 2.9018427047840656e-6 -4.6649803989388703e-7 2.4353446648901783e-6
10. 10. 0.0014652776940892538 -0.000012753909848625775 0.001452523784240628
11. 1. 0. -4.4288627369513625e-25 -4.4288627369513625e-25
11. 2. 0. -2.331653975035418e-21 -2.331653975035418e-21
11. 3. 0. -2.3019554148831686e-18 -2.3019554148831686e-18
11. 4. 0. -3.043346192012313e-16 -3.043346192012313e-16
11. 5. 4.467989195764598e-27 -3.232109661103352e-14 -3.232109661102905e-14
11. 6. 2.6032293953787384e-22 -1.0298178974678268e-12 -1.029817897207504e-12
11. 7. 3.922243518388356e-17 -4.4154185387745775e-11 -4.415414616531059e-11
11. 8. 5.997880321273439e-13 -7.319974883808874e-10 -7.313977003487601e-10
11. 9. 9.545452503470306e-9 -2.1462668392412152e-8 -1.1917215888941845e-8
11. 10. 2.5354709457900946e-6 -2.2573785765054416e-7 2.3097330881395506e-6
11. 11. 0.0010832329808051328 -6.35276158557367e-6 0.0010768802192195593
12. 1. 0. -1.6580109658815905e-27 -1.6580109658815905e-27
12. 2. 0. -2.2217664993003448e-23 -2.2217664993003448e-23
12. 3. 0. -1.5936073944527106e-20 -1.5936073944527106e-20
12. 4. 0. -5.344185629119557e-18 -5.344185629119557e-18
12. 5. 0. -3.733019290543824e-16 -3.733019290543823e-16
12. 6. 2.3966712781025785e-26 -2.7936817238193383e-14 -2.7936817238169417e-14
12. 7. 1.104155181443444e-21 -6.999578803287047e-13 -6.999578792245496e-13
12. 8. 1.2641589117656446e-16 -2.6666895897530764e-11 -2.666676948163959e-11
12. 9. 1.2496809231443307e-12 -3.9468837791467114e-10 -3.9343869699152683e-10
12. 10. 1.1923223063205746e-8 -1.1215245611801667e-8 7.079774514040787e-10
12. 11. 2.154006159494401e-6 -1.0939199730912962e-7 2.0446141621852713e-6
12. 12. 0.0008043434084386097 -3.179550191021218e-6 0.0008011638582475885
13. 1. 0. -1.1782460295511546e-29 -1.1782460295511546e-29
13. 2. 0. -1.0635083204546788e-25 -1.0635083204546788e-25
13. 3. 0. -1.9981086102614541e-22 -1.9981086102614541e-22
13. 4. 0. -4.5300352946055087e-20 -4.5300352946055087e-20
13. 5. 0. -7.846839816141401e-18 -7.846839816141401e-18
13. 6. 0. -3.5930504232377017e-16 -3.5930504232376963e-16
13. 7. 1.1320249199168705e-25 -2.1180458132150904e-14 -2.1180458132037702e-14
13. 8. 4.198677106531387e-21 -4.437988646488351e-13 -4.43798860450158e-13
13. 9. 3.584956201193533e-16 -1.5518468026257394e-11 -1.5518109530637276e-11
13. 10. 2.270146045101197e-12 -2.0924609043364983e-10 -2.0697594438854863e-10
13. 11. 1.3724341168142e-8 -5.821905402874872e-9 7.902435765267126e-9
13. 12. 1.7915976349749548e-6 -5.309448015608584e-8 1.738503154818869e-6
13. 13. 0.000599467011878569 -1.5972083896283813e-6 0.0005978698034889405
14. 1. 0. 0. 0.
14. 2. 0. -9.629135229013398e-28 -9.629135229013398e-28
14. 3. 0. 0. 0.
14. 4. 0. -7.101343933544679e-22 -7.101343933544679e-22
14. 5. 0. -7.765816704898103e-20 -7.765816704898103e-20
14. 6. 0. -8.702747381224903e-18 -8.702747381224903e-18
14. 7. 2.851545970789662e-30 -2.9569920295941854e-16 -2.956992029594157e-16
14. 8. 4.836439224864968e-25 -1.4694633387434024e-14 -1.469463338695038e-14
14. 9. 1.4376544500683095e-20 -2.6798442516719566e-13 -2.6798441079065116e-13
14. 10. 8.973444099526343e-16 -8.791215165291847e-12 -8.790317820881894e-12
14. 11. 3.659596651108692e-12 -1.0957031254297098e-10 -1.0591071589186229e-10
14. 12. 1.4813834960909927e-8 -3.007607955812596e-9 1.1806227005097331e-8
14. 13. 1.466074779273414e-6 -2.5811085605612966e-8 1.4402636936678013e-6
14. 14. 0.00044816655388533994 -8.045985141603782e-7 0.00044736195537117953
15. 1. 0. 0. 0.
15. 2. 0. -4.262855373455228e-30 -4.262855373455228e-30
15. 3. 0. -1.3961970656294933e-26 -1.3961970656294933e-26
15. 4. 0. 0. 0.
15. 5. 0. -1.4558226481493786e-21 -1.4558226481493786e-21
15. 6. 0. -9.710963915279586e-20 -9.710963915279586e-20
15. 7. 0. -8.032032203833159e-18 -8.032032203833158e-18
15. 8. 1.3276593317729527e-29 -2.186808281752139e-16 -2.1868082817520063e-16
15. 9. 1.8891339659901257e-24 -9.57399753896314e-15 -9.573997537074006e-15
15. 10. 4.4369674256535425e-20 -1.5617189256938258e-13 -1.5617184819970833e-13
15. 11. 1.993918299969469e-15 -4.881266899673232e-12 -4.8792729813732624e-12
15. 12. 5.326779099010682e-12 -5.684711393893373e-11 -5.1520334839923045e-11
15. 13. 1.519427437272686e-8 -1.5481202312269572e-9 1.3646154141499904e-8
15. 14. 1.1844726487587106e-6 -1.256730526842169e-8 1.1719053434902889e-6
15. 15. 0.00033593679741452146 -4.061969569139044e-7 0.0003355306004576075