2 1 1.442423059356e-13 -5.571723206215e-06 -3.338518287138e-07 3.367882699849e-07 2.769768668177e-01 4.981296804067e-01
2 2 9.675431546668e-04 -2.826973102539e-04 -5.885152413181e-02 -5.069867387442e-02 9.282132560496e-02 9.962593608133e-01
3 1 1.648318516381e-21 -2.270211203962e-08 1.195676328812e-11 4.926331692969e-11 -3.420683537186e-01 4.981296804067e-01
3 2 2.514085252692e-12 -4.719872816628e-06 3.958650879937e-06 8.712090489906e-08 -3.416004568137e-01 9.962593608133e-01
3 3 9.336266027335e-04 -1.757058483545e-04 -1.115041778402e-01 -2.582816325559e-02 -1.371012790841e-01 1.494389041220e+00
4 1 1.065125881889e-29 -8.286507991316e-11 2.928476821370e-15 2.833733741614e-15 -8.713393060405e-02 4.981296804067e-01
4 2 6.731911540027e-21 -5.117529368138e-08 -1.035534618078e-10 -1.768012392029e-10 3.137334580525e-01 9.962593608133e-01
4 3 1.233528362280e-10 -2.881630469805e-06 1.837681428752e-05 -3.732466262237e-05 3.817140029003e-01 1.494389041220e+00
4 4 7.263505700185e-04 -9.114443002309e-05 -1.342674590650e-01 -9.545351398717e-03 1.729209032446e-01 1.992518721627e+00
5 1 5.717580179680e-37 -2.904417659369e-13 8.507198843776e-19 4.094930891275e-19 3.265681698891e-01 4.981296804067e-01
5 2 3.339860312018e-29 -4.105015827606e-10 -1.441595708272e-14 6.802846020197e-16 1.436061698945e-01 9.962593608133e-01
5 3 6.220384107480e-20 -4.926853192822e-08 4.882279262811e-11 9.329714866609e-10 -2.877748133331e-01 1.494389041220e+00
5 4 4.835895985697e-09 -1.607762941755e-06 2.349240593536e-04 -2.558172005864e-04 -4.101635384320e-01 1.992518721627e+00
5 5 5.423590013293e-04 -4.629906848685e-05 -1.445430307837e-01 -1.570539129623e-02 -2.039420055098e-01 2.490648402033e+00
6 1 5.641993772037e-45 -6.413396973751e-16 9.196078792405e-23 1.842439543326e-23 5.404069577172e-02 4.981296804067e-01
6 2 1.961272358474e-36 -3.836598130109e-12 -2.630144543250e-18 2.305072173637e-18 -3.178607259227e-01 9.962593608133e-01
6 3 1.313509260306e-28 -5.561106806689e-10 4.233299569802e-14 -7.140113510322e-15 -1.867121433341e-01 1.494389041220e+00
6 4 1.420852819823e-18 -3.640760137866e-08 5.274896933040e-09 -2.760205142627e-09 2.629468773759e-01 1.992518721627e+00
6 5 2.983076270896e-08 -8.669399989736e-07 1.075681111020e-03 7.492596321410e-05 4.315184737255e-01 2.490648402033e+00
6 6 4.030979384200e-04 -2.371245145634e-05 -1.450045871383e-01 -3.997633011372e-02 2.316012086837e-01 2.988778082440e+00
7 1 2.209952520778e-52 -1.622242737224e-18 1.856162623098e-26 1.112648629711e-28 -3.225570149760e-01 4.981296804067e-01
7 2 3.107591122858e-44 -2.167705670996e-14 -1.452962018682e-22 4.155558840030e-22 -9.486052367599e-02 9.962593608133e-01
7 3 4.760714562465e-36 -8.300483004099e-12 2.755380088256e-18 -7.694694689139e-18 3.081499496488e-01 1.494389041220e+00
7 4 1.029040382987e-27 -4.977582242776e-10 -1.555374437906e-13 -3.843937846771e-14 2.217490172892e-01 1.992518721627e+00
7 5 6.943655471126e-17 -2.393493372944e-08 -1.121824852414e-08 -5.079917797204e-08 -2.390964539202e-01 2.490648402033e+00
7 6 6.716923689837e-08 -4.606550777013e-07 1.223380497048e-03 1.507749251539e-03 -4.480551209297e-01 2.988778082440e+00
7 7 3.008895300511e-04 -1.230114933900e-05 -1.320777605693e-01 -7.444260410922e-02 -2.566664581654e-01 3.486907762847e+00
8 1 1.792636118361e-60 -2.187533835500e-21 1.651147114207e-30 -2.618254464017e-31 -3.970311696648e-02 4.981296804067e-01
8 2 2.224278287476e-51 -1.583260422608e-16 7.534090534224e-27 1.175348063934e-25 3.182748506993e-01 9.962593608133e-01
8 3 6.405087287709e-44 -7.201867744153e-14 -4.161642620498e-22 -8.517884594932e-22 1.283506143867e-01 1.494389041220e+00
8 4 1.870290630811e-35 -9.885955633819e-12 -6.744449990756e-18 2.051968962561e-17 -2.976091204524e-01 1.992518721627e+00
8 5 1.603107193218e-26 -3.693490148848e-10 3.420295414425e-13 7.126384574149e-13 -2.511628009896e-01 2.490648402033e+00
8 6 5.256912840560e-15 -1.479523096321e-08 -3.497541135315e-07 -4.156003701312e-07 2.162149225650e-01 2.988778082440e+00
8 7 1.002769259209e-07 -2.431764958458e-07 -1.257084878231e-04 2.764919524665e-03 4.611107601650e-01 3.486907762847e+00
8 8 2.259891829407e-04 -6.457558666260e-06 -1.028234688655e-01 -1.094376366425e-01 2.796233462488e-01 3.985037443253e+00
9 1 4.775410661760e-68 -3.939546847117e-24 2.611005058795e-34 -7.923613677196e-35 3.209076763961e-01 4.981296804067e-01
9 2 3.937618722230e-59 -6.064049960420e-19 6.122157676200e-30 1.442496452275e-29 7.180141869576e-02 9.962593608133e-01
9 3 4.507831025840e-51 -8.853944030614e-16 -2.216700829201e-25 -1.188042899829e-25 -3.131133228218e-01 1.494389041220e+00
9 4 1.671687715475e-43 -1.097608852653e-13 1.449936827731e-21 1.437956729052e-21 -1.569885364612e-01 1.992518721627e+00
9 5 1.313009202427e-34 -8.937833877640e-12 4.581224047032e-17 -5.494461829810e-17 2.864729652848e-01 2.490648402033e+00
9 6 4.659822730991e-25 -2.477062224975e-10 4.001672433242e-12 -3.184419334147e-12 2.763494901083e-01 2.988778082440e+00
9 7 2.762770029331e-13 -8.821114537456e-09 -1.239446916857e-06 -4.423771177400e-06 -1.942983573827e-01 3.486907762847e+00
9 8 1.216449416422e-07 -1.280229676822e-07 -2.280990116401e-03 2.633410224518e-03 -4.715500628317e-01 3.985037443253e+00
9 9 1.707636863968e-04 -3.423428567768e-06 -5.820963366389e-02 -1.348199885172e-01 -3.008121308562e-01 4.483167123660e+00
10 1 2.969053117164e-76 -3.521923920927e-27 1.967715833511e-38 -8.700841201823e-39 3.153327590679e-02 4.981296804067e-01
10 2 2.432894712041e-66 -3.346025022814e-21 2.469144235365e-33 3.012558331165e-33 -3.183470048493e-01 9.962593608133e-01
10 3 9.188542871840e-59 -5.615714017446e-18 -3.589037884241e-29 1.086440299456e-30 -9.912504637590e-02 1.494389041220e+00
10 4 9.094025102902e-51 -1.856820314109e-15 4.746250675444e-25 -3.977586007449e-26 3.072360404640e-01 1.992518721627e+00
10 5 6.865881738213e-43 -1.163433459981e-13 -3.538805506933e-21 -3.773297670274e-21 1.820663704135e-01 2.490648402033e+00
10 6 1.618163775248e-33 -6.947651323879e-12 -2.988311527798e-16 3.900838342941e-17 -2.749466725271e-01 2.988778082440e+00
10 7 2.311922476809e-23 -1.563345545877e-10 -1.636863126242e-11 -3.870715981359e-11 -2.982106294896e-01 3.486907762847e+00
10 8 4.220569305667e-12 -5.140771965506e-09 1.314324387534e-05 -1.576022500676e-05 1.733281146744e-01 3.985037443253e+00
10 9 1.307533022884e-07 -6.734601792999e-08 -3.960425560846e-03 9.094682671245e-04 4.799677522640e-01 4.483167123660e+00
10 10 1.297313579268e-04 -1.829223840092e-06 -3.998716976510e-03 -1.421618614427e-01 3.204874482209e-01 4.981296804067e+00
11 1 5.579164401461e-84 -4.676044805787e-30 2.554232839927e-42 -1.474511539422e-42 -3.200655882181e-01 4.981296804067e-01
11 2 3.881578374857e-74 -9.066622179057e-24 3.966741121077e-37 2.910588242966e-37 -5.806395448678e-02 9.962593608133e-01
11 3 7.049879447353e-66 -5.464899125021e-20 -8.856352790442e-33 4.526158265411e-33 3.151092084393e-01 1.494389041220e+00
11 4 1.649395304731e-58 -1.591629081701e-17 4.458618000221e-29 -4.611399290726e-29 1.230980953510e-01 1.992518721627e+00
11 5 2.551382457498e-50 -2.450744021170e-15 -9.505162498764e-25 3.016003054062e-25 -3.007829151258e-01 2.490648402033e+00
11 6 4.577632011102e-42 -1.009550217575e-13 6.103029535362e-21 1.482157375672e-20 -2.043622861105e-01 2.988778082440e+00
11 7 3.358780178200e-32 -4.925454368935e-12 9.004251714494e-16 1.324820789696e-15 2.631918372835e-01 3.486907762847e+00
11 8 1.686339030452e-21 -9.486812539937e-11 -3.717070347903e-10 -1.734855810641e-10 3.173757190227e-01 3.985037443253e+00
11 9 2.220567569183e-11 -2.950861522955e-09 5.226997006011e-05 8.490041298988e-06 -1.532727285745e-01 4.483167123660e+00
11 10 1.300916833207e-07 -3.543500900942e-08 -4.180197949032e-03 -1.675740680154e-03 -4.867908207025e-01 4.981296804067e+00
11 11 9.901888264445e-05 -9.834811950361e-07 5.028269890543e-02 -1.270876582477e-01 -3.388483718303e-01 5.479426484473e+00
12 1 2.673430885241e-92 -2.962246898368e-33 1.660649905410e-46 -1.187560136825e-46 -2.620918767076e-02 4.981296804067e-01
12 2 1.935500299099e-81 -3.839097289302e-26 1.006951622662e-40 4.394065199110e-41 3.183577878083e-01 9.962593608133e-01
12 3 1.533812091895e-73 -2.586216348726e-22 -9.568573723396e-37 1.112028709753e-36 8.119525378602e-02 1.494389041220e+00
12 4 1.220579732937e-65 -2.206530777278e-19 2.787045081478e-33 -1.722517991245e-32 -3.113219713504e-01 1.992518721627e+00
12 5 3.595522232695e-58 -2.565612230991e-17 -3.899336923462e-29 1.117750643527e-28 -1.445364567488e-01 2.490648402033e+00
12 6 1.078429121238e-49 -2.500291774052e-15 2.396751665513e-24 -5.553523017725e-25 2.938752255608e-01 2.988778082440e+00
12 7 4.878428432360e-41 -7.750596464998e-14 1.657099298148e-20 -5.875578272338e-20 2.243940301850e-01 3.486907762847e+00
12 8 1.118361954623e-30 -3.287182553602e-12 8.087132056434e-15 -6.796230921276e-15 -2.513312060833e-01 3.985037443253e+00
12 9 1.332441064269e-19 -5.604829403295e-11 -3.851009401891e-09 -1.412932928453e-09 -3.343080142551e-01 4.483167123660e+00
12 10 6.341249406221e-11 -1.676127638284e-09 4.254237279250e-05 8.986978126735e-05 1.340925847941e-01 4.981296804067e+00
12 11 1.228011456435e-07 -1.865874774552e-08 -2.713591979716e-03 -3.975235292807e-03 4.923356757329e-01 5.479426484473e+00
12 12 7.587930095496e-05 -5.313543716197e-07 9.378622125557e-02 -9.077154588083e-02 3.560552992678e-01 5.977556164880e+00
13 1 3.697036808025e-100 -3.006634952603e-36 1.822576868818e-50 -1.562735005641e-50 3.195767453463e-01 4.981296804067e-01
13 2 2.625864370396e-89 -7.689488946125e-29 1.251225755186e-44 2.683155525618e-45 4.885695746237e-02 9.962593608133e-01
13 3 1.090652683585e-80 -2.001010080445e-24 -1.408945532590e-40 3.649448649488e-40 -3.161231935776e-01 1.494389041220e+00
13 4 2.789021386838e-73 -1.471484977125e-21 -9.562058378994e-37 -2.458231719318e-36 -1.018338405538e-01 1.992518721627e+00
13 5 2.246248200936e-65 -4.544830725038e-19 1.281461064277e-32 2.667017944391e-32 3.070769399022e-01 2.490648402033e+00
13 6 1.087523735292e-57 -3.015779776609e-17 4.691963701586e-29 -2.425641005720e-28 1.639557156996e-01 2.988778082440e+00
13 7 6.928184661984e-49 -2.176606199387e-15 -7.217419177646e-24 -9.144515924859e-25 -2.866155708847e-01 3.486907762847e+00
13 8 8.082231784697e-40 -5.489904869104e-14 -2.679317275555e-19 9.411332354841e-20 -2.425312115663e-01 3.985037443253e+00
13 9 5.624363137486e-29 -2.104053787602e-12 -3.366780428052e-14 -7.726042034275e-14 2.394566403083e-01 4.483167123660e+00
13 10 6.639393098359e-18 -3.249056759314e-11 -1.979319527976e-08 -2.536444596188e-08 3.493613774076e-01 4.981296804067e+00
13 11 1.270871590076e-10 -9.449324013793e-10 -6.731554182966e-05 1.394390145653e-04 -1.157438170975e-01 5.479426484473e+00
13 12 1.116523545553e-07 -9.835181861750e-09 -9.928098955422e-05 -5.005669124847e-03 -4.968425578770e-01 5.977556164880e+00
13 13 5.834582523119e-05 -2.881840688085e-07 1.173820222291e-01 -3.993184077140e-02 -3.722402933992e-01 6.475685845287e+00
14 1 1.392282083323e-108 -1.419712417938e-39 1.037106601183e-54 -1.046456206854e-54 2.244822719752e-02 4.981296804067e-01
14 2 1.049275907066e-96 -2.557883117740e-31 2.556880851483e-48 7.697403065130e-50 -3.183549343623e-01 9.962593608133e-01
14 3 2.244113405352e-88 -7.272367222305e-27 -3.373152568358e-45 5.601314278647e-44 -6.894681972462e-02 1.494389041220e+00
14 4 2.188590745986e-80 -1.668833323074e-23 -5.499304519492e-40 -4.934794280647e-40 3.134603993589e-01 1.992518721627e+00
14 5 4.684964287016e-73 -3.826441756332e-21 3.864935772912e-36 1.822827890663e-36 1.205388054153e-01 2.490648402033e+00
14 6 5.291510593095e-65 -6.404796296046e-19 -3.826428548898e-32 -3.880436838580e-32 -3.024492822327e-01 2.988778082440e+00
14 7 4.730582484517e-57 -2.915806117316e-17 -1.794594906692e-28 5.737453172468e-28 -1.817071850838e-01 3.486907762847e+00
14 8 6.673089342100e-48 -1.706065192469e-15 1.910991428214e-23 1.733937263623e-23 2.790891949106e-01 3.985037443253e+00
14 9 2.016969761125e-38 -3.677371785032e-14 9.754551080669e-19 1.263172838662e-18 2.590514435600e-01 4.483167123660e+00
14 10 3.906787602317e-27 -1.306824929912e-12 -7.435607479094e-13 -2.370900188333e-13 -2.276363469838e-01 4.981296804067e+00
14 11 1.316058071979e-16 -1.857435523563e-11 4.636990355057e-08 -1.505884549640e-07 -3.628136869365e-01 5.479426484473e+00
14 12 2.039826427825e-10 -5.297805869933e-10 -2.049954077826e-04 6.141767401924e-05 9.818102348758e-02 5.977556164880e+00
14 13 9.874185919525e-08 -5.190268222568e-09 2.671111309179e-03 -4.345330200176e-03 5.004974577232e-01 6.475685845287e+00
14 14 4.499515479411e-05 -1.567725991550e-07 1.163216355490e-01 1.479071350109e-02 3.875138615508e-01 6.973815525693e+00
15 1 1.469373046275e-116 -1.136585918580e-42 9.822859648753e-59 -1.151505507989e-58 -3.192674741261e-01 4.981296804067e-01
15 2 1.194199829981e-104 -3.928381807827e-34 2.703629848274e-52 -3.711261354219e-53 -4.222382092308e-02 9.962593608133e-01
15 3 1.399868561681e-95 -4.540446586547e-29 3.040400791879e-48 1.368137163929e-47 3.167137401799e-01 1.494389041220e+00
15 4 5.261260664010e-88 -8.822743154851e-26 -1.090946663223e-43 -3.496575806027e-44 8.709497003184e-02 1.992518721627e+00
15 5 3.534157530336e-80 -5.672570235208e-23 1.158675443172e-39 -1.869975567734e-40 -3.104355975200e-01 2.490648402033e+00
15 6 9.243381444541e-73 -6.381713397062e-21 -7.194338852996e-36 3.482290759860e-37 -1.376798012508e-01 2.988778082440e+00
15 7 1.699130953475e-64 -7.127359219290e-19 8.664390871625e-32 7.398121414642e-32 2.975031453141e-01 3.486907762847e+00
15 8 2.964180877884e-56 -2.476463262198e-17 1.042874050760e-27 -1.367509212529e-27 1.980446308704e-01 3.985037443253e+00
15 9 9.438892136893e-47 -1.242945961485e-15 2.763028684612e-24 -1.091430921741e-22 -2.713662028083e-01 4.483167123660e+00
15 10 7.321303114725e-37 -2.365876834922e-14 8.342385345646e-18 -6.674474426568e-18 -2.741712084927e-01 4.981296804067e+00
15 11 3.210664207794e-25 -7.936926277154e-13 -7.770064137527e-12 4.408455601481e-13 2.159206340345e-01 5.479426484473e+00
15 12 1.077895925045e-15 -1.050838885295e-11 4.827055934011e-07 -9.481030308518e-08 3.748878471404e-01 5.977556164880e+00
15 13 2.820896549325e-10 -2.957945169860e-10 -2.404764020709e-04 -1.284395789573e-04 -8.135902599128e-02 6.475685845287e+00
15 14 8.550541137243e-08 -2.742369658200e-09 4.592565172185e-03 -2.244290363358e-03 -5.034466864986e-01 6.973815525693e+00
15 15 3.478675501648e-05 -8.548867816973e-08 9.168020542999e-02 6.162455950184e-02 -4.019696443683e-01 7.471945206100e+00
16 1 4.440186525818e-125 -4.159377726845e-46 4.946536197243e-63 -6.690086035876e-63 -1.964347301917e-02 4.981296804067e-01
16 2 3.859786659963e-112 -1.050028857071e-36 4.701836370657e-56 -1.401211915919e-56 3.183493379517e-01 9.962593608133e-01
16 3 2.597385179384e-103 -1.301574086791e-31 8.721763558050e-52 1.698191854485e-51 5.999915763605e-02 1.494389041220e+00
16 4 3.963318256329e-95 -8.260334452478e-28 -3.136468296688e-47 2.215647309639e-48 -3.147299202134e-01 1.992518721627e+00
16 5 8.609226413922e-88 -3.887122296616e-25 1.402397932530e-43 -1.178503155830e-43 -1.037039201829e-01 2.490648402033e+00
16 6 6.158867237827e-80 -1.155064875069e-22 -1.312023280685e-39 1.317325147751e-39 3.071002566333e-01 2.988778082440e+00
16 7 2.346940968175e-72 -8.063163146363e-21 1.278714035873e-35 -3.972642013984e-36 1.535155474666e-01 3.486907762847e+00
16 8 7.564125536414e-64 -6.776525494631e-19 -1.826075355745e-31 -2.052548124454e-31 -2.922936934550e-01 3.985037443253e+00
16 9 2.646259117823e-55 -1.921305681336e-17 -5.435440339092e-27 1.968277033986e-27 -2.131598803551e-01 4.483167123660e+00
16 10 1.916311382818e-45 -8.587563151051e-16 -4.945429204008e-22 2.327939749830e-22 2.635039524196e-01 4.981296804067e+00
16 11 3.703642633248e-35 -1.477010703154e-14 -3.025906167443e-17 -7.791792298856e-17 2.880641644655e-01 5.479426484473e+00
16 12 2.383356907959e-23 -4.738718240521e-13 -7.276366215386e-11 -7.497963954257e-12 -2.043462954823e-01 5.977556164880e+00
16 13 4.749758286118e-15 -5.897706616704e-12 7.260488412237e-07 8.510759202240e-07 -3.857657115665e-01 6.475685845287e+00
16 14 3.511260543761e-10 -1.646287586802e-10 -1.080547843290e-04 -3.092252232064e-04 6.523395416442e-02 6.973815525693e+00
16 15 7.284194775314e-08 -1.450745499518e-09 5.026458542983e-03 5.356702752078e-04 5.058068988099e-01 7.471945206100e+00
16 16 2.695291623171e-05 -4.670555273469e-08 5.013435164868e-02 9.079660785531e-02 4.156877981037e-01 7.970074886507e+00
17 1 3.684453079289e-133 -2.695988031104e-49 4.101596381106e-67 -6.373381347653e-67 3.190592947380e-01 4.981296804067e-01
17 2 3.691010044465e-120 -1.273913573942e-39 4.356583600547e-60 -2.009553031721e-60 3.720373278895e-02 9.962593608133e-01
17 3 1.396022221693e-110 -6.665442875661e-34 2.883928351849e-55 3.357288138557e-55 -3.170899694287e-01 1.494389041220e+00
17 4 9.249609218730e-103 -3.530318775679e-30 -4.387616378913e-51 1.955002691469e-51 -7.621316741688e-02 1.992518721627e+00
17 5 6.807791878598e-95 -4.848416988327e-27 1.936041847773e-47 -4.773494188461e-47 3.124541639612e-01 2.490648402033e+00
17 6 1.391742677731e-87 -9.575116691753e-25 -3.399542548852e-44 2.774127271292e-43 1.190505836176e-01 2.988778082440e+00
17 7 1.305338481456e-79 -1.704611516230e-22 1.187741402012e-39 -2.925971371029e-39 -3.034974741440e-01 3.486907762847e+00
17 8 7.929269448295e-72 -8.461685735495e-21 -2.650808723719e-35 9.407761186887e-36 -1.682357821224e-01 3.985037443253e+00
17 9 4.660857851106e-63 -5.770050398177e-19 2.862998347133e-31 7.117767004069e-31 2.868683267351e-01 4.483167123660e+00
17 10 3.313867593067e-54 -1.395722402560e-17 2.055964430764e-26 9.693043998032e-27 2.272031978904e-01 4.981296804067e+00
17 11 5.450700434910e-44 -5.702086123485e-16 1.954100043461e-21 2.542455509300e-21 -2.555492614874e-01 5.479426484473e+00
17 12 2.459600033226e-33 -9.011109531680e-15 -7.133345074480e-16 -2.082015592466e-16 -3.008726937614e-01 5.977556164880e+00
17 13 1.105432245935e-21 -2.791742465075e-13 -3.978640948893e-10 -3.646449922117e-10 1.929399048571e-01 6.475685845287e+00
17 14 1.389308774919e-14 -3.289427512160e-12 -6.025425946841e-07 1.970368400805e-06 3.955977008521e-01 6.973815525693e+00
17 15 4.044923658535e-10 -9.140055730926e-11 1.391375826816e-04 -3.500465928809e-04 -4.976387409419e-02 7.471945206100e+00
17 16 6.125525149791e-08 -7.683757874123e-10 3.895104824822e-03 3.045721743865e-03 -5.076721806525e-01 7.970074886507e+00
17 17 2.092263838974e-05 -2.555518784848e-08 2.160454142899e-03 9.706931372581e-02 -4.287375161436e-01 8.468204566913e+00
18 1 9.105254365652e-142 -7.885216919525e-53 1.842145197403e-71 -3.286670101096e-71 1.746834246395e-02 4.981296804067e-01
18 2 9.780949367338e-128 -2.791267089038e-42 6.596517512578e-64 -4.181216122076e-64 -3.183437891153e-01 9.962593608133e-01
18 3 2.292276847038e-118 -1.542162384374e-36 4.540269842503e-59 3.398567811597e-59 -5.315432625267e-02 1.494389041220e+00
18 4 6.400910351719e-110 -2.761161350450e-32 -9.334713629548e-55 8.516705048152e-55 3.155498755862e-01 1.992518721627e+00
18 5 1.732332139074e-102 -2.742920503878e-29 -4.899049421128e-52 -8.202470899639e-51 9.116601832604e-02 2.490648402033e+00
18 6 1.058909329671e-94 -1.481385363104e-26 3.523887676456e-47 6.856747568042e-47 -3.099245442819e-01 2.988778082440e+00
18 7 2.578327503479e-87 -1.634379308333e-24 -1.743110007900e-43 -4.081484089059e-43 -1.333340203494e-01 3.486907762847e+00
18 8 3.536594223394e-79 -2.026696999291e-22 -1.143325423562e-39 5.829325879368e-39 2.996645045384e-01 3.985037443253e+00
18 9 3.595327995620e-71 -7.793901116351e-21 6.624329641921e-35 -1.233548918779e-35 1.819851040995e-01 4.483167123660e+00
18 10 3.938243308106e-62 -4.533520684657e-19 3.944377057098e-31 -2.446303961031e-30 -2.812676846801e-01 4.981296804067e+00
18 11 5.722343306738e-53 -9.651262861586e-18 -1.336793047017e-26 -1.030355849533e-25 -2.402956494515e-01 5.479426484473e+00
18 12 2.114743179746e-42 -3.672292887855e-16 1.784090782838e-20 -1.250894551823e-20 2.475403075588e-01 5.977556164880e+00
18 13 1.953551973511e-31 -5.399541521245e-15 -6.958097371420e-15 1.748574774748e-15 3.127155652910e-01 6.475685845287e+00
18 14 2.459717607560e-20 -1.627371278654e-13 3.376553253343e-10 -2.720720891603e-09 -1.817202822740e-01 6.973815525693e+00
18 15 3.077034003036e-14 -1.825634419708e-12 -3.109686087415e-06 1.060085164452e-06 -4.045096718269e-01 7.471945206100e+00
18 16 4.393649232490e-10 -5.064603157914e-11 3.671943048717e-04 -2.013160402155e-04 3.490911952767e-02 7.970074886507e+00
18 17 5.097749803030e-08 -4.074316035609e-10 1.653133037385e-03 4.498454977988e-03 5.091191784673e-01 8.468204566913e+00
18 18 1.626824130763e-05 -1.399926023612e-08 -4.078092301985e-02 8.096058978474e-02 4.411789584161e-01 8.966334247320e+00
19 1 6.087424833693e-150 -4.229324664495e-56 1.349801067700e-75 -2.769248760138e-75 -3.189124263306e-01 4.981296804067e-01
19 2 7.913806503654e-136 -2.741080936594e-45 5.420008154133e-68 -4.469465491347e-68 -3.326552620966e-02 9.962593608133e-01
19 3 1.057966402506e-125 -6.578491907154e-39 1.102781017117e-62 5.180446310335e-63 3.173453803453e-01 1.494389041220e+00
19 4 1.395074045183e-117 -9.711208349923e-35 -9.493128891775e-59 1.605872572277e-58 6.781938405754e-02 1.992518721627e+00
19 5 1.340726143205e-109 -2.903486014260e-31 -1.031908569562e-54 -2.039820718217e-54 -3.137692538049e-01 2.490648402033e+00
19 6 2.686156240460e-102 -1.032281712101e-28 1.045937758407e-50 6.431617813238e-51 -1.050713548183e-01 2.988778082440e+00
19 7 1.780090798453e-94 -2.992742740296e-26 -1.046886716902e-46 -5.137271467890e-47 3.071721608849e-01 3.486907762847e+00
19 8 5.852472592683e-87 -2.178994859779e-24 5.090102626239e-43 5.699735587343e-43 1.467027795989e-01 3.985037443253e+00
19 9 1.248031079274e-78 -2.069075654496e-22 2.377094627881e-39 -1.232705500216e-38 -2.956339478266e-01 4.483167123660e+00
19 10 2.182102743580e-70 -6.526462179704e-21 -1.821480811680e-34 -2.902610433592e-35 -1.948772537351e-01 4.981296804067e+00
19 11 4.507042868557e-61 -3.353037463652e-19 -7.186238025496e-30 5.777718315677e-30 2.755265514837e-01 5.479426484473e+00
19 12 1.338430630708e-51 -6.425277559009e-18 -4.850977810983e-25 2.552750077490e-25 2.525369903698e-01 5.977556164880e+00
19 13 1.083532923686e-40 -2.309025428764e-16 -4.890741218511e-20 -1.617319929167e-19 -2.395082086031e-01 6.475685845287e+00
19 14 1.596370636767e-29 -3.189434720070e-15 -6.548215922201e-14 2.429464204581e-14 -3.236932353146e-01 6.973815525693e+00
19 15 2.643383340475e-19 -9.405542828472e-14 8.979110593571e-09 -3.478911004686e-09 1.707003473626e-01 7.471945206100e+00
19 16 5.598856489810e-14 -1.009231192221e-12 -3.990541427822e-06 -2.534126273843e-06 4.126079592810e-01 7.970074886507e+00
19 17 4.558825239063e-10 -2.801979491148e-11 4.466510334941e-04 7.687636112034e-05 -2.063243112648e-02 8.468204566913e+00
19 18 4.206513663862e-08 -2.162779483646e-10 -9.201073348494e-04 4.516866803276e-03 -5.102108832339e-01 8.966334247320e+00
19 19 1.266743964737e-05 -7.676072485254e-09 -6.922664518951e-02 4.834458791747e-02 -4.530647584946e-01 9.464463927727e+00
20 1 1.250981497334e-158 -1.013515546549e-59 5.429118793875e-80 -1.286705227201e-79 -1.573069393344e-02 4.981296804067e-01
20 2 1.743513258159e-143 -5.009085172842e-48 7.214586772908e-72 -7.528604071952e-72 3.183389570808e-01 9.962593608133e-01
20 3 1.527984713056e-133 -1.252659143088e-41 1.419289346307e-66 3.600345656644e-67 4.773809950982e-02 1.494389041220e+00
20 4 8.694721031797e-125 -6.421494533260e-37 -1.185239728219e-62 4.503803664475e-62 -3.161124039007e-01 1.992518721627e+00
20 5 3.362834061111e-117 -1.375031863085e-33 -2.712927391395e-58 -2.397338492775e-58 -8.142895533993e-02 2.490648402033e+00
20 6 2.128406286041e-109 -1.373806697480e-30 3.451734700239e-54 1.775004588171e-55 3.117777862146e-01 2.988778082440e+00
20 7 4.236075963760e-102 -2.449817115801e-28 -1.765898866920e-50 3.431042426699e-51 1.180866114574e-01 3.486907762847e+00
20 8 3.516551713592e-94 -4.571026675132e-26 1.873049832904e-46 2.256492713533e-48 -3.042236481979e-01 3.985037443253e+00
20 9 1.676358471397e-86 -2.439477103337e-24 -1.113623987488e-42 -9.363871836147e-43 -1.592713115873e-01 4.483167123660e+00
20 10 5.759617895615e-78 -1.889299524929e-22 -1.065698320733e-38 2.800699164727e-38 2.914344496421e-01 4.981296804067e+00
20 11 1.759145399184e-69 -5.086770768739e-21 4.488968709856e-34 3.610391047853e-34 2.070040643433e-01 5.479426484473e+00
20 12 6.892344632912e-60 -2.366978891068e-19 3.816195251894e-29 9.541248577439e-30 -2.696746720204e-01 5.977556164880e+00
20 13 4.161043875047e-50 -4.151931432694e-18 1.926708386171e-24 2.692843861238e-24 -2.640109176007e-01 6.475685845287e+00
20 14 7.021959214837e-39 -1.424279442661e-16 -1.390999016744e-18 -4.592075148231e-19 2.314783161597e-01 6.973815525693e+00
20 15 1.073289900437e-27 -1.862264776613e-15 -6.132260821187e-13 2.128744186393e-14 3.338916439864e-01 7.471945206100e+00
20 16 1.603456010347e-18 -5.398138074093e-14 1.899453728605e-08 1.670870008239e-08 -1.598885177119e-01 7.970074886507e+00
20 17 8.819657670203e-14 -5.561325783390e-13 -9.679551151912e-07 -6.229110687950e-06 -4.199831613109e-01 8.468204566913e+00
20 18 4.560996440420e-10 -1.548233737531e-11 3.250457928816e-04 3.531831303800e-04 6.898974466540e-03 8.966334247320e+00
20 19 3.446834888214e-08 -1.149271409031e-10 -3.010790635517e-03 3.214766327188e-03 5.109994691795e-01 9.464463927727e+00
20 20 9.876088329575e-06 -4.212066517578e-09 -7.800390901552e-02 8.624530739447e-03 4.644412208842e-01 9.962593608133e+00
21 1 6.875861310627e-167 -4.581915274696e-63 3.529844585079e-84 -9.733419969236e-84 3.188049220164e-01 4.981296804067e-01
21 2 1.204005846955e-151 -4.062655789055e-51 5.267257238525e-76 -6.880481104569e-76 3.009010900612e-02 9.962593608133e-01
21 3 6.072802757218e-141 -4.513334449874e-44 2.912087783822e-70 2.021362945304e-71 -3.175271846176e-01 1.494389041220e+00
21 4 1.736105293289e-132 -1.887999252179e-39 1.147382674107e-68 6.580815511390e-66 -6.113239961391e-02 1.992518721627e+00
21 5 2.458322978323e-124 -1.246867033338e-35 -9.120452613095e-62 -3.554516029114e-62 3.146774703079e-01 2.490648402033e+00
21 6 5.614102343061e-117 -8.134368625695e-33 5.145002650809e-58 -2.244746014837e-58 9.415158432072e-02 2.988778082440e+00
21 7 3.236336323983e-109 -3.903776257859e-30 -3.513377394509e-54 3.518513114068e-54 -3.095992262756e-01 3.486907762847e+00
21 8 7.515714105596e-102 -4.252783792689e-28 2.016506185911e-50 -1.852809421679e-50 -1.303313735581e-01 3.985037443253e+00
21 9 8.498102599947e-94 -5.725737538361e-26 -3.170581567479e-46 8.241304141289e-47 3.011023790683e-01 4.483167123660e+00
21 10 6.127123512495e-86 -2.402474704073e-24 2.311304946284e-42 2.051941508205e-42 1.711302293146e-01 4.981296804067e+00
21 11 3.465232750836e-77 -1.585780073299e-22 5.232299146079e-38 -6.163898789398e-38 -2.870912088275e-01 5.479426484473e+00
21 12 1.865166304417e-68 -3.750990518882e-21 -4.109392022952e-34 -2.004627642185e-33 -2.184413009222e-01 5.977556164880e+00
21 13 1.388887099911e-58 -1.610654883928e-19 -4.091582491887e-29 -1.868705680976e-28 2.637374740208e-01 6.475685845287e+00
21 14 1.683663251892e-48 -2.619673503805e-18 1.956220933234e-23 -1.148080439221e-23 2.747886989134e-01 6.973815525693e+00
21 15 5.406952038857e-37 -8.649718785915e-17 -1.307674442263e-17 4.320791055559e-18 -2.234712652406e-01 7.471945206100e+00
21 16 4.608160929948e-26 -1.077085352600e-15 -3.387228183424e-12 -2.630366364027e-12 -3.433850147622e-01 7.970074886507e+00
21 17 6.412000553952e-18 -3.080288191386e-14 -1.120631110642e-08 5.256876957937e-08 1.492897703527e-01 8.468204566913e+00
21 18 1.245707584165e-13 -3.056550942424e-13 4.864852973700e-06 -6.265666973488e-06 4.267130362284e-01 8.966334247320e+00
21 19 4.430537886979e-10 -8.545937960386e-12 5.003316889999e-05 4.968476491973e-04 6.323716708289e-03 9.464463927727e+00
21 20 2.807890531718e-08 -6.113104513793e-11 -4.035689212899e-03 1.106330681918e-03 -5.115284542891e-01 9.962593608133e+00
21 21 7.708390466811e-06 -2.312622718522e-09 -6.723106274068e-02 -2.792626003241e-02 -4.753492852748e-01 1.046072328854e+01
22 1 1.192171342911e-175 -9.182620199843e-67 1.269971238819e-88 -4.119941746849e-88 1.430978112082e-02 4.981296804067e-01
22 2 2.234370457422e-159 -6.284835595859e-54 6.155764078127e-80 -1.007213361793e-79 -3.183349129270e-01 9.962593608133e-01
22 3 7.713340855868e-149 -7.191387931092e-47 3.273438735971e-74 -3.281017182651e-75 -4.333970907446e-02 1.494389041220e+00
22 4 9.664980099078e-140 -1.067398267357e-41 3.765146191591e-70 1.506377306974e-69 3.165162235508e-01 1.992518721627e+00
22 5 5.887111652206e-132 -5.006081089368e-38 -1.513452415432e-65 -6.373214070357e-67 7.362869985775e-02 2.490648402033e+00
22 6 4.403974240188e-124 -9.381271980236e-35 1.047789347434e-61 -1.172147518343e-61 -3.130645436675e-01 2.988778082440e+00
22 7 8.440967742444e-117 -2.751105193920e-32 -1.871494573619e-58 7.809075831653e-58 -1.061142709628e-01 3.486907762847e+00
22 8 5.303484419160e-109 -7.841405071395e-30 9.864574532014e-55 -7.207302775359e-54 3.072536338623e-01 3.985037443253e+00
22 9 1.578960109587e-101 -5.911097428426e-28 -1.943580482329e-50 4.020236175967e-50 1.418989189287e-01 4.483167123660e+00
22 10 2.558413553238e-93 -6.198357528743e-26 5.918861456274e-46 -2.203282541321e-46 -2.978291091067e-01 4.981296804067e+00
22 11 2.862699602104e-85 -2.147419986574e-24 -4.495197040178e-42 -5.813535459143e-42 -1.823529602790e-01 5.479426484473e+00
22 12 2.700087045789e-76 -1.247034992611e-22 -2.298880094890e-37 8.814744662440e-38 2.826263951683e-01 5.977556164880e+00
22 13 2.572974984392e-67 -2.647757902612e-21 -5.035439234604e-33 6.514421171197e-33 2.292526043199e-01 6.475685845287e+00
22 14 3.635238043732e-57 -1.064198664849e-19 -9.320084109103e-28 4.921440393749e-28 -2.577366965375e-01 6.973815525693e+00
22 15 8.645679972179e-47 -1.621158963937e-18 -3.485608939008e-23 -1.706260100953e-22 -2.849317621582e-01 7.471945206100e+00
22 16 4.502420619589e-35 -5.186163622945e-17 -1.098863445037e-16 7.677956363209e-17 2.155038245342e-01 7.970074886507e+00
22 17 1.074130883556e-24 -6.180822705960e-16 8.053094646976e-13 -2.198460687544e-11 3.522379699350e-01 8.468204566913e+00
22 18 1.894578981740e-17 -1.749194706693e-14 -9.201955063015e-08 3.320592685206e-08 -1.389064521683e-01 8.966334247320e+00
22 19 1.616486665262e-13 -1.676298615300e-13 9.461675777541e-06 -1.206770168614e-06 -4.328647559029e-01 9.464463927727e+00
22 20 4.200719883504e-10 -4.713161338508e-12 -2.598436151118e-04 4.409641738508e-04 -1.906584137036e-02 9.962593608133e+00
22 21 2.276171828780e-08 -3.254665234096e-11 -3.799531601600e-03 -1.101518669753e-03 5.118343657123e-01 1.046072328854e+01
22 22 6.022390445443e-06 -1.270318028714e-09 -4.183630664106e-02 -5.285970905085e-02 4.858253121550e-01 1.095885296895e+01
23 1 5.478761128987e-184 -3.554284263225e-70 7.300350808333e-93 -2.829982872395e-92 -3.187238565011e-01 4.981296804067e-01
23 2 1.328743851436e-167 -4.281662114497e-57 3.950999693020e-84 -8.200830168671e-84 -2.747357330585e-02 9.962593608133e-01
23 3 2.654131505984e-156 -2.215622449817e-49 5.897615634131e-78 -1.568388769022e-78 3.176614381128e-01 1.494389041220e+00
23 4 1.751958242496e-147 -2.659687068869e-44 9.550368649168e-74 1.859617251068e-73 5.567117549939e-02 1.992518721627e+00
23 5 3.988911974114e-139 -3.924401463741e-40 -3.803225708695e-69 1.040636450798e-69 -3.153329660962e-01 2.490648402033e+00
23 6 1.155706445417e-131 -4.768499160109e-37 8.189753869317e-66 -2.411606075473e-65 -8.536238181120e-02 2.988778082440e+00
23 7 6.686173733602e-124 -3.837516073922e-34 6.135098355427e-62 2.175191791212e-61 3.112925445162e-01 3.486907762847e+00
23 8 1.308386149905e-116 -6.353666181954e-32 -5.505730144987e-58 -1.001189597574e-57 1.174151297102e-01 3.985037443253e+00
23 9 9.966181459790e-109 -1.230002400435e-29 3.763014332905e-54 1.056868269975e-53 -3.047585154960e-01 4.483167123660e+00
23 10 4.029834740886e-101 -6.973815477141e-28 1.830409390822e-50 -7.712160188021e-50 -1.528637147842e-01 4.981296804067e+00
23 11 9.659460449671e-93 -6.007521361474e-26 -1.287821161641e-45 4.046549468646e-46 2.944223726205e-01 5.479426484473e+00
23 12 1.704436894266e-84 -1.780524992658e-24 6.141170522622e-42 1.857260539952e-41 1.930001985831e-01 5.977556164880e+00
23 13 2.702486678745e-75 -9.314391869707e-23 8.084193634669e-37 2.418997397163e-37 -2.780595126549e-01 6.475685845287e+00
23 14 4.566844061910e-66 -1.804617458734e-21 3.710781291530e-32 4.305009022052e-33 -2.394922395262e-01 6.973815525693e+00
23 15 1.217044234278e-55 -6.864848675444e-20 3.477327483943e-27 5.531807154554e-27 2.516909303103e-01 7.471945206100e+00
23 16 5.453392738555e-45 -9.873534658804e-19 -1.368832957523e-21 -5.503275114266e-22 2.944935948295e-01 7.970074886507e+00
23 17 3.531745865360e-33 -3.076517488466e-17 -1.085200680714e-15 6.431479132987e-16 -2.075895851208e-01 8.468204566913e+00
23 18 1.357005792884e-23 -3.523600406977e-16 7.397356968381e-11 -3.718410714949e-11 -3.605071629911e-01 8.966334247320e+00
23 19 4.473775402656e-17 -9.892652112745e-15 -1.289197534758e-07 -9.251561131979e-08 1.287389020485e-01 9.464463927727e+00
23 20 1.961154462651e-13 -9.176934751992e-14 8.929098241013e-06 6.524877986955e-06 4.384966833153e-01 9.962593608133e+00
23 21 3.903222059655e-10 -2.597499923692e-12 -4.741717895127e-04 2.086301407395e-04 3.135545626728e-02 1.046072328854e+01
23 22 1.837470024368e-08 -1.734336559813e-11 -2.509529103058e-03 -2.750926676696e-03 -5.119480381459e-01 1.095885296895e+01
23 23 4.709253265952e-06 -6.980292403817e-10 -9.841501085305e-03 -6.153928907765e-02 -4.959017291902e-01 1.145698264935e+01
24 1 8.116260873748e-193 -6.060267430849e-74 2.322538017117e-97 -1.100653175796e-96 -1.312576820217e-02 4.981296804067e-01
24 2 2.101899769956e-175 -5.680015506326e-60 3.970670245654e-88 -1.073842907809e-87 3.183315663990e-01 9.962593608133e-01
24 3 2.972747713555e-164 -2.996286854585e-52 5.918211177280e-82 -2.585959272921e-82 3.969362101886e-02 1.494389041220e+00
24 4 8.691684934388e-155 -1.298864111865e-46 2.968966244896e-77 3.587019170921e-77 -3.168165359081e-01 1.992518721627e+00
24 5 8.958290703689e-147 -1.351054321808e-42 -5.010671798323e-73 3.132028246814e-73 -6.722842826634e-02 2.490648402033e+00
24 6 8.717478303076e-139 -4.801554035160e-39 -3.470293120748e-70 -6.986246526023e-69 3.139972274869e-01 2.988778082440e+00
24 7 1.807105539065e-131 -2.347659519359e-36 2.536819823879e-65 2.714736840845e-65 9.643749650531e-02 3.486907762847e+00
24 8 1.001623812356e-123 -1.034602518132e-33 -2.810831723990e-61 -1.446877544249e-61 -3.093772403614e-01 3.985037443253e+00
24 9 2.249485990468e-116 -1.117260979574e-31 1.480908714441e-57 8.047728918583e-58 -1.281316636843e-01 4.483167123660e+00
24 10 2.219523778275e-108 -1.607083907187e-29 -1.145746298993e-53 -1.465486652854e-53 3.021294414229e-01 4.981296804067e+00
24 11 1.264270035362e-100 -7.264761045153e-28 -2.538675557089e-50 1.523338347082e-49 1.632864318188e-01 5.479426484473e+00
24 12 4.575486199654e-92 -5.343517252736e-26 3.186856005405e-45 -3.408402252168e-46 -2.908987623473e-01 5.977556164880e+00
24 13 1.286005871518e-83 -1.391152005890e-24 9.638142804076e-42 -5.740647866054e-41 -2.031229715419e-01 6.475685845287e+00
24 14 3.443666528592e-74 -6.675076270169e-23 -1.468697481088e-36 -2.892400974672e-36 2.734077207691e-01 6.973815525693e+00
24 15 1.031125668295e-64 -1.195326603051e-21 -4.855083995829e-32 -1.838849506168e-31 2.492070643296e-01 7.471945206100e+00
24 16 5.123220075814e-54 -4.341590174280e-20 4.101835250557e-26 -1.903365233595e-26 -2.456160788661e-01 7.970074886507e+00
24 17 4.039898413184e-43 -5.933984116265e-19 -1.275855476941e-20 4.386923730514e-21 -3.035211718256e-01 8.468204566913e+00
24 18 2.182058311670e-31 -1.808744375248e-17 -1.044260650131e-14 1.084409896515e-15 1.997395194383e-01 8.966334247320e+00
24 19 1.023780726902e-22 -1.997633219990e-16 1.932258677530e-10 1.424236909326e-10 3.682425608249e-01 9.464463927727e+00
24 20 8.910926266221e-17 -5.575447178948e-15 -5.127490057264e-09 -2.356790700579e-07 -1.187859309451e-01 9.962593608133e+00
24 21 2.253382942679e-13 -5.016482246605e-14 2.518049068226e-06 1.218976703255e-05 -4.436597920515e-01 1.046072328854e+01
24 22 3.565653707656e-10 -1.430666011711e-12 -5.082012766319e-04 -1.038822455591e-04 -4.321861221198e-02 1.095885296895e+01
24 23 1.478054891347e-08 -9.249565257912e-12 -6.626956802327e-04 -3.427978643412e-03 5.118956363998e-01 1.145698264935e+01
24 24 3.685284493778e-06 -3.836649574686e-10 2.001316058130e-02 -5.393460479659e-02 5.056075675712e-01 1.195511232976e+01
25 1 3.163554439533e-201 -2.035687152279e-77 1.156382771328e-101 -6.927099255625e-101 3.186612108805e-01 4.981296804067e-01
25 2 1.085703583034e-183 -3.297342099286e-63 2.144182607634e-92 -7.944171131912e-92 2.527922564076e-02 9.962593608133e-01
25 3 8.912818180222e-172 -7.980196790135e-55 9.495424952946e-86 -5.907453832615e-86 -3.177635314013e-01 1.494389041220e+00
25 4 1.425028168357e-162 -2.775917987963e-49 4.660609022535e-81 3.718352857838e-81 -5.112204987364e-02 1.992518721627e+00
25 5 5.570636541464e-154 -9.234895558999e-45 -9.899207823342e-77 1.091469371574e-76 3.158226682239e-01 2.490648402033e+00
25 6 2.216452060383e-146 -2.115082687312e-41 -4.394034295114e-73 -1.025153372653e-72 7.812187058810e-02 2.988778082440e+00
25 7 1.427260798336e-138 -2.884419289438e-38 9.725544299182e-69 3.801096625894e-69 -3.125245431804e-01 3.486907762847e+00
25 8 2.665627260229e-131 -7.349984429837e-36 -5.141668701186e-65 4.011784903687e-66 -1.069357003886e-01 3.985037443253e+00
25 9 1.610499093018e-123 -2.069142423002e-33 4.437102651908e-61 -8.063573885618e-62 3.073322698519e-01 4.483167123660e+00
25 10 4.466886413004e-116 -1.605468051031e-31 -2.630274941518e-57 -2.140742628648e-58 1.383263205012e-01 4.981296804067e+00
25 11 5.957957296625e-108 -1.827184156784e-29 2.495066835195e-53 2.239230609473e-53 -2.993804065193e-01 5.479426484473e+00
25 12 4.895520283989e-100 -6.869777563754e-28 7.824953263821e-50 -3.221555338592e-49 -1.732173870775e-01 5.977556164880e+00
25 13 2.710865729391e-91 -4.440382199212e-26 -8.226495029265e-45 -1.936824153210e-45 2.872731498682e-01 6.475685845287e+00
25 14 1.221220694710e-82 -1.036182611321e-24 -1.378956174298e-40 1.352867485049e-40 2.127648073354e-01 6.973815525693e+00
25 15 5.535553730003e-73 -4.624776390296e-23 -6.587729945165e-36 1.227939384331e-35 -2.686861191702e-01 7.471945206100e+00
25 16 2.926747325705e-63 -7.732977548235e-22 -9.683534493653e-31 4.800189266292e-31 -2.584379746079e-01 7.970074886507e+00
25 17 2.657095371163e-52 -2.700826341936e-20 -3.313380419452e-26 -3.444168607824e-25 2.395257502046e-01 8.468204566913e+00
25 18 3.297259630771e-41 -3.525559214749e-19 -9.439484005884e-20 8.800746085689e-20 3.120560516072e-01 8.966334247320e+00
25 19 8.891344865580e-30 -1.055330448320e-17 -5.714388795961e-14 -4.169928419941e-14 -1.919624362513e-01 9.464463927727e+00
25 20 5.162875922510e-22 -1.127178587459e-16 -8.635326433048e-11 5.608153350358e-10 -3.754884665056e-01 9.962593608133e+00
25 21 1.555017221791e-16 -3.132957828327e-15 2.493464428946e-07 -2.115214339852e-07 1.090451939369e-01 1.046072328854e+01
25 22 2.476111436809e-13 -2.738804184618e-14 -6.716245650050e-06 1.190531467095e-05 4.483988121328e-01 1.095885296895e+01
25 23 3.210517243303e-10 -7.875890397810e-13 -3.543553429956e-04 -3.731199742157e-04 5.467949332370e-02 1.145698264935e+01
25 24 1.185314329292e-08 -4.936847092976e-12 1.140849438118e-03 -3.056607805794e-03 -5.116994681610e-01 1.195511232976e+01
25 25 2.885952337631e-06 -2.109204643022e-10 4.059511409521e-02 -3.411974368295e-02 -5.149689103964e-01 1.245324201017e+01
