2 1 8.776010403687e-12 -1.303797175611e-05 -2.531813269979e-06 2.670149345504e-06 2.771934132777e-01 4.955269050152e-01
2 2 2.291225131511e-03 -6.639592531166e-04 -4.829812108249e-02 1.086602671675e-01 9.311822277365e-02 9.910538100305e-01
3 1 9.248865955471e-19 -5.284688996224e-08 2.916083257938e-10 1.158401971523e-09 -3.418559329760e-01 4.955269050152e-01
3 2 1.201219913787e-10 -1.095221542220e-05 2.714333805477e-05 -2.131686366604e-06 -3.418719410309e-01 9.910538100305e-01
3 3 2.195668940637e-03 -4.084165897526e-04 1.187834283126e-01 1.279770713172e-01 -1.375721284149e-01 1.486580715046e+00
4 1 4.043829817886e-26 -1.911464818205e-10 1.801470853964e-13 1.730199754732e-13 -8.747788078791e-02 4.955269050152e-01
4 2 5.809032692335e-18 -1.185196947855e-07 -3.214771060031e-09 -5.051172050643e-09 3.132541736972e-01 9.910538100305e-01
4 3 2.196864232639e-09 -6.637526891911e-06 1.658836760125e-05 -1.738650532274e-04 3.819725239518e-01 1.486580715046e+00
4 4 1.699379579993e-03 -2.101310729641e-04 2.046509760104e-01 -8.202368928691e-03 1.735284235597e-01 1.982107620061e+00
5 1 1.359407122427e-32 -6.655423570060e-13 1.305729695751e-16 6.264072617601e-17 3.265007115723e-01 4.955269050152e-01
5 2 2.609593082556e-25 -9.442788470785e-10 -1.265973150647e-12 8.809973089856e-14 1.441530158774e-01 9.910538100305e-01
5 3 5.228454338163e-17 -1.134335391688e-07 3.828850645441e-09 2.667075425287e-08 -2.870572870361e-01 1.486580715046e+00
5 4 2.429360618926e-08 -3.678109131098e-06 -3.141055617849e-04 -7.078326227147e-04 -4.103753199923e-01 1.982107620061e+00
5 5 1.263780794911e-03 -1.060093345160e-04 1.649592156725e-01 -1.467413099203e-01 -2.046580202061e-01 2.477634525076e+00
6 1 8.092676044077e-40 -1.451196552000e-15 3.464336825484e-20 6.956195916780e-21 5.428952901838e-02 4.955269050152e-01
6 2 1.143766007445e-31 -8.794477269623e-12 -6.233251875372e-16 5.633065401587e-16 -3.176668514203e-01 9.910538100305e-01
6 3 1.442896805172e-24 -1.272681803966e-09 4.366996217111e-12 -9.820755784902e-13 -1.873806287057e-01 1.486580715046e+00
6 4 0.000000000000e+00 -8.332711287639e-08 0.000000000000e+00 0.000000000000e+00 2.620233221075e-01 1.982107620061e+00
6 5 9.355658557273e-08 -1.970457081389e-06 -1.002889035854e-03 -1.613297955763e-03 4.316661597050e-01 2.477634525076e+00
6 6 9.360865760681e-04 -5.395949921194e-05 6.018576501749e-02 -2.199300704428e-01 2.324034336194e-01 2.973161430091e+00
7 1 1.885927998936e-46 -3.634387764235e-18 1.705716591395e-23 1.312402511527e-25 -3.225231385758e-01 4.955269050152e-01
7 2 1.232077028111e-38 -4.924202237113e-14 -8.824560684615e-20 2.612421798900e-19 -9.528788289872e-02 9.910538100305e-01
7 3 4.859583895595e-31 -1.895367583570e-11 7.805464771799e-16 -2.477589542659e-15 3.078156232162e-01 1.486580715046e+00
7 4 1.159272114587e-23 -1.132718349615e-09 -1.675292457714e-11 -2.346621034213e-12 2.224879200660e-01 1.982107620061e+00
7 5 0.000000000000e+00 -5.445905132786e-08 0.000000000000e+00 0.000000000000e+00 -2.379960237532e-01 2.477634525076e+00
7 6 1.840080402538e-07 -1.040436919100e-06 -1.986182715685e-03 -2.505023557514e-03 -4.481303565107e-01 2.973161430091e+00
7 7 6.966152289351e-04 -2.783042334548e-05 -5.359914963886e-02 -2.231364249216e-01 -2.575371122078e-01 3.468688335107e+00
8 1 8.970786058044e-54 -4.822193207885e-21 3.675927805503e-27 -5.725677903930e-28 -3.989559861327e-02 4.955269050152e-01
8 2 5.728714816388e-45 -3.577673991048e-16 1.339494708221e-23 1.875473390502e-22 3.181683619300e-01 9.910538100305e-01
8 3 5.172747733808e-38 -1.631504292876e-13 -3.942306397177e-19 -7.502242164313e-19 1.289083064405e-01 1.486580715046e+00
8 4 2.544836425438e-30 -2.246457859508e-11 -1.921285839346e-15 7.689481221489e-15 -2.971344430385e-01 1.982107620061e+00
8 5 0.000000000000e+00 -8.356222950358e-10 0.000000000000e+00 0.000000000000e+00 -2.519376520552e-01 2.477634525076e+00
8 6 0.000000000000e+00 -3.346786917603e-08 0.000000000000e+00 0.000000000000e+00 2.149629220633e-01 2.973161430091e+00
8 7 2.593716537038e-07 -5.458592381416e-07 -3.226554462696e-03 -3.032710029104e-03 4.611103969804e-01 3.468688335107e+00
8 8 5.217332873830e-04 -1.452815495183e-05 -1.439042683209e-01 -1.755210776351e-01 2.805481989797e-01 3.964215240122e+00
9 1 1.397295290213e-60 -8.564616420664e-24 1.406509721025e-30 -4.213086766136e-31 3.208871553649e-01 4.955269050152e-01
9 2 6.362225500826e-52 -1.355995450483e-18 2.475021029630e-26 5.756497503562e-26 7.214434414932e-02 9.910538100305e-01
9 3 2.649424066372e-44 -1.998182967561e-15 -5.410341822890e-22 -2.741602471516e-22 -3.129179631494e-01 1.486580715046e+00
9 4 2.150085900249e-37 -2.475836016544e-13 1.724032132584e-18 1.528140999781e-18 -1.576419467507e-01 1.982107620061e+00
9 5 1.870530941766e-29 -2.020362906066e-11 1.460516507181e-14 -2.254242170442e-14 2.858634400648e-01 2.477634525076e+00
9 6 0.000000000000e+00 -5.571256230160e-10 0.000000000000e+00 0.000000000000e+00 2.771361866530e-01 2.973161430091e+00
9 7 0.000000000000e+00 -1.983900744341e-08 0.000000000000e+00 0.000000000000e+00 -1.929164894296e-01 3.468688335107e+00
9 8 3.049144865051e-07 -2.856317239884e-07 -4.588146723135e-03 -3.009360269405e-03 -4.714740227896e-01 3.964215240122e+00
9 9 3.931783011054e-04 -7.659747707685e-06 -1.975344384463e-01 -1.005729267679e-01 -3.017797690203e-01 4.459742145137e+00
10 1 5.035380920787e-68 -7.501389315845e-27 2.554017090164e-34 -1.116094438136e-34 3.168984190444e-02 4.955269050152e-01
10 2 2.425652042726e-58 -7.431884353393e-21 2.460297243921e-29 2.986014735484e-29 -3.182792357791e-01 9.910538100305e-01
10 3 3.702682378819e-51 -1.256043341466e-17 -2.264789611705e-25 1.096923513894e-26 -9.958710084157e-02 1.486580715046e+00
10 4 9.721825879982e-44 -4.176075562333e-15 1.536329556559e-21 -1.988236476734e-22 3.069453817292e-01 1.982107620061e+00
10 5 1.135922321864e-36 -2.611384833190e-13 -4.951001605514e-18 -4.393242889659e-18 1.827895975345e-01 2.477634525076e+00
10 6 0.000000000000e+00 -1.561963798167e-11 0.000000000000e+00 0.000000000000e+00 -2.742099719412e-01 2.973161430091e+00
10 7 0.000000000000e+00 -3.495480374001e-10 0.000000000000e+00 0.000000000000e+00 -2.989919374704e-01 3.468688335107e+00
10 8 0.000000000000e+00 -1.149562358790e-08 0.000000000000e+00 0.000000000000e+00 1.718349350820e-01 3.964215240122e+00
10 9 3.212320054527e-07 -1.493549781172e-07 -5.868035014945e-03 -2.389547448164e-03 4.798177618337e-01 4.459742145137e+00
10 10 2.979264640033e-04 -4.070529896719e-06 -2.135950308990e-01 -1.848667222386e-02 3.214886969700e-01 4.955269050152e+00
11 1 5.487818313329e-75 -9.775812554365e-30 7.991799537638e-38 -4.560495696785e-38 -3.200517871380e-01 4.955269050152e-01
11 2 2.343773995700e-65 -1.989952992046e-23 9.702125582563e-33 7.106990328661e-33 -5.834911190719e-02 9.910538100305e-01
11 3 1.883888410102e-57 -1.216392293399e-19 -1.429502312988e-28 7.565502585300e-29 3.149802215041e-01 1.486580715046e+00
11 4 1.341778442102e-50 -3.550248906214e-17 3.844116697300e-25 -4.283066562243e-25 1.236552428612e-01 1.982107620061e+00
11 5 4.080419476145e-43 -5.487955433463e-15 -3.682159437477e-21 1.476499507165e-21 -3.003953878519e-01 2.477634525076e+00
11 6 8.009799959305e-36 -2.254098001116e-13 1.064300496914e-17 1.820994169150e-17 -2.051353713109e-01 2.973161430091e+00
11 7 0.000000000000e+00 -1.101216085996e-11 0.000000000000e+00 0.000000000000e+00 2.623363995368e-01 3.468688335107e+00
11 8 0.000000000000e+00 -2.108669090130e-10 0.000000000000e+00 0.000000000000e+00 3.181391678106e-01 3.964215240122e+00
11 9 0.000000000000e+00 -6.561068368141e-09 0.000000000000e+00 0.000000000000e+00 -1.516841059192e-01 4.459742145137e+00
11 10 3.150848624251e-07 -7.811820902762e-08 -6.860621337994e-03 -1.242455472901e-03 -4.865696386315e-01 4.955269050152e+00
11 11 2.268174103935e-04 -2.176646315600e-06 -1.979719977734e-01 5.612085300958e-02 -3.398758370346e-01 5.450795955168e+00
12 1 1.515087666622e-82 -6.036093495857e-33 1.248551978608e-41 -8.823948129340e-42 -2.634102971289e-02 4.955269050152e-01
12 2 7.031424301871e-72 -8.356762056542e-26 6.035600259322e-36 2.639001066101e-36 3.183107324473e-01 9.910538100305e-01
12 3 2.634589433412e-64 -5.699966067530e-22 -3.893672721319e-32 4.628337866663e-32 8.158705278669e-02 1.486580715046e+00
12 4 7.168568243615e-57 -4.902742491339e-19 5.430642587342e-29 -4.171419520182e-28 -3.111244080627e-01 1.982107620061e+00
12 5 4.922443088848e-50 -5.700481548859e-17 -3.726875835702e-25 1.326540950332e-24 -1.451697193975e-01 2.477634525076e+00
12 6 2.163472605537e-42 -5.572100205067e-15 1.033920483682e-20 -3.641860541398e-21 2.933918521044e-01 2.973161430091e+00
12 7 0.000000000000e+00 -1.721142408055e-13 0.000000000000e+00 0.000000000000e+00 2.252012741561e-01 3.468688335107e+00
12 8 0.000000000000e+00 -7.308362129039e-12 0.000000000000e+00 0.000000000000e+00 -2.503655664356e-01 3.964215240122e+00
12 9 0.000000000000e+00 -1.238484964376e-10 0.000000000000e+00 0.000000000000e+00 -3.350445422994e-01 4.459742145137e+00
12 10 0.000000000000e+00 -3.705656137885e-09 0.000000000000e+00 0.000000000000e+00 1.324221121267e-01 4.955269050152e+00
12 11 2.942047107010e-07 -4.089139944706e-08 -7.405621473014e-03 2.813355320407e-04 4.920466139749e-01 5.450795955168e+00
12 12 1.733771985938e-04 -1.169616133814e-06 -1.595709472525e-01 1.142609493441e-01 3.571030060960e-01 5.946322860183e+00
13 1 1.209746966538e-89 -5.979981491228e-36 3.296731819850e-45 -2.792084936966e-45 3.195668151530e-01 4.955269050152e-01
13 2 5.669231153919e-79 -1.651412904393e-28 1.828068410166e-39 3.959795832364e-40 4.910068255416e-02 9.910538100305e-01
13 3 1.185345876585e-70 -4.384647933980e-24 -1.429130020996e-35 3.796910688456e-35 -3.160313654023e-01 1.486580715046e+00
13 4 1.130091850036e-63 -3.240454488242e-21 -6.456725175066e-32 -1.540372175718e-31 -1.023146989169e-01 1.982107620061e+00
13 5 2.443346577184e-56 -1.006536221569e-18 4.657504158415e-28 8.517544037441e-28 3.068071612716e-01 2.477634525076e+00
13 6 2.129328023441e-49 -6.670507767661e-17 3.381154089124e-25 -3.422318608095e-24 1.646497680295e-01 2.973161430091e+00
13 7 0.000000000000e+00 -4.826230659367e-15 0.000000000000e+00 0.000000000000e+00 -2.860388139738e-01 3.468688335107e+00
13 8 0.000000000000e+00 -1.212371778350e-13 0.000000000000e+00 0.000000000000e+00 -2.433600849432e-01 3.964215240122e+00
13 9 0.000000000000e+00 -4.651681780361e-12 0.000000000000e+00 0.000000000000e+00 2.383890984857e-01 4.459742145137e+00
13 10 0.000000000000e+00 -7.137255413893e-11 0.000000000000e+00 0.000000000000e+00 3.500644185654e-01 4.955269050152e+00
13 11 0.000000000000e+00 -2.077300745534e-09 0.000000000000e+00 0.000000000000e+00 -1.140031651175e-01 5.450795955168e+00
13 12 2.651523451929e-07 -2.142771440832e-08 -7.413494151812e-03 1.986916705071e-03 -4.964891822441e-01 5.946322860183e+00
13 13 1.329840242454e-04 -6.309021367986e-07 -1.079136082145e-01 1.517510464042e-01 -3.733034011939e-01 6.441849765198e+00
14 1 2.615690054800e-97 -2.735714391788e-39 4.501251482006e-49 -4.482637585635e-49 2.256205022676e-02 4.955269050152e-01
14 2 1.343384419770e-85 -5.439049809970e-31 9.100088129624e-43 3.037039700841e-44 -3.183203046785e-01 9.910538100305e-01
14 3 1.513251463539e-77 -1.576499250897e-26 -7.828033879033e-40 1.447437370118e-38 -6.928619047399e-02 1.486580715046e+00
14 4 5.959409506834e-70 -3.657979221053e-23 -9.201424366494e-35 -7.902038962475e-35 3.133168616078e-01 1.982107620061e+00
14 5 3.808043771034e-63 -8.403605954611e-21 3.536462975692e-31 1.476893371287e-31 1.210943492150e-01 2.477634525076e+00
14 6 9.151636282331e-56 -1.412748556186e-18 -1.704949928131e-27 -1.475158626524e-27 -3.021058698893e-01 2.973161430091e+00
14 7 0.000000000000e+00 -6.418014312044e-17 0.000000000000e+00 0.000000000000e+00 -1.824494354917e-01 3.468688335107e+00
14 8 0.000000000000e+00 -3.763147042873e-15 0.000000000000e+00 0.000000000000e+00 2.784223237272e-01 3.964215240122e+00
14 9 0.000000000000e+00 -8.075472465828e-14 0.000000000000e+00 0.000000000000e+00 2.598918436401e-01 4.459742145137e+00
14 10 0.000000000000e+00 -2.872897804356e-12 0.000000000000e+00 0.000000000000e+00 -2.264748027697e-01 4.955269050152e+00
14 11 0.000000000000e+00 -4.056383895612e-11 0.000000000000e+00 0.000000000000e+00 -3.634785320700e-01 5.450795955168e+00
14 12 0.000000000000e+00 -1.158088261530e-09 0.000000000000e+00 0.000000000000e+00 9.638023822480e-02 5.946322860183e+00
14 13 2.327636386992e-07 -1.124187558627e-08 -6.871558089164e-03 3.670361996889e-03 5.000834010864e-01 6.441849765198e+00
14 14 1.023018749491e-04 -3.413412506938e-07 -5.169321919279e-02 1.681162942931e-01 3.885884388189e-01 6.937376670213e+00
15 1 1.589542380685e-104 -2.124034612017e-42 1.024629842628e-52 -1.184274594721e-52 -3.192599815675e-01 4.955269050152e-01
15 2 8.983543974699e-93 -8.227130069396e-34 2.334060729071e-46 -3.100732275191e-47 -4.243651047357e-02 9.910538100305e-01
15 3 5.811231202478e-84 -9.776466770646e-29 1.984383553505e-42 8.760890714871e-42 3.166449150999e-01 1.486580715046e+00
15 4 9.361704192817e-77 -1.915470985290e-25 -4.603788582969e-38 -1.383676744997e-38 8.751657765271e-02 1.982107620061e+00
15 5 2.066527274783e-69 -1.240912183673e-22 2.767499499446e-34 -5.582372447061e-35 -3.102362202498e-01 2.477634525076e+00
15 6 1.304504524421e-62 -1.396409949444e-20 -8.453753976853e-31 9.940099628689e-32 -1.382980731127e-01 2.973161430091e+00
15 7 4.063009972861e-55 -1.565087461070e-18 4.588738812602e-27 3.107897615460e-27 2.970860638265e-01 3.468688335107e+00
15 8 0.000000000000e+00 -5.423218803542e-17 0.000000000000e+00 0.000000000000e+00 1.988245966546e-01 3.964215240122e+00
15 9 0.000000000000e+00 -2.727012389972e-15 0.000000000000e+00 0.000000000000e+00 -2.706129226086e-01 4.459742145137e+00
15 10 0.000000000000e+00 -5.166096843821e-14 0.000000000000e+00 0.000000000000e+00 -2.750149304675e-01 4.955269050152e+00
15 11 0.000000000000e+00 -1.735005030517e-12 0.000000000000e+00 0.000000000000e+00 2.146725121957e-01 5.450795955168e+00
15 12 0.000000000000e+00 -2.281489531708e-11 0.000000000000e+00 0.000000000000e+00 3.755111860060e-01 5.946322860183e+00
15 13 0.000000000000e+00 -6.429653596643e-10 0.000000000000e+00 0.000000000000e+00 -7.950677791139e-02 6.441849765198e+00
15 14 2.002702450477e-07 -5.905272933508e-09 -5.836139827992e-03 5.147777090506e-03 -5.029755335336e-01 6.937376670213e+00
15 15 7.889773995037e-05 -1.851171204893e-07 2.006276915718e-03 1.654812523975e-01 -4.030524909407e-01 7.432903575228e+00
16 1 2.751634784267e-112 -7.479364350898e-46 1.237168259394e-56 -1.647629499683e-56 -1.974359294583e-02 4.955269050152e-01
16 2 1.706243998240e-99 -2.173263879739e-36 9.849477018316e-50 -2.878311335193e-50 3.183227648831e-01 9.910538100305e-01
16 3 6.546296953006e-91 -2.770012941259e-31 1.383398989111e-45 2.678800149875e-45 6.029821571252e-02 1.486580715046e+00
16 4 4.542846604837e-83 -1.783776086642e-27 -3.336472751846e-41 2.863518895352e-42 -3.146206897606e-01 1.982107620061e+00
16 5 3.488927967273e-76 -8.427993717076e-25 8.622883783764e-38 -7.759851097455e-38 -1.041965217666e-01 2.477634525076e+00
16 6 6.739930552917e-69 -2.518825458722e-22 -4.048855930373e-34 4.587078140699e-34 3.068427097464e-01 2.973161430091e+00
16 7 5.041055034313e-62 -1.756878926315e-20 1.799426663276e-30 -7.569686558735e-31 1.541864578818e-01 3.468688335107e+00
16 8 0.000000000000e+00 -1.480950216839e-18 0.000000000000e+00 0.000000000000e+00 -2.918037929224e-01 3.964215240122e+00
16 9 0.000000000000e+00 -4.185408012005e-17 0.000000000000e+00 0.000000000000e+00 -2.139687459104e-01 4.459742145137e+00
16 10 0.000000000000e+00 -1.873920155687e-15 0.000000000000e+00 0.000000000000e+00 2.626681787166e-01 4.955269050152e+00
16 11 0.000000000000e+00 -3.206869376943e-14 0.000000000000e+00 0.000000000000e+00 2.889045126223e-01 5.450795955168e+00
16 12 0.000000000000e+00 -1.030037166450e-12 0.000000000000e+00 0.000000000000e+00 -2.030185198908e-01 5.946322860183e+00
16 13 0.000000000000e+00 -1.272998620299e-11 0.000000000000e+00 0.000000000000e+00 -3.863452971874e-01 6.441849765198e+00
16 14 0.000000000000e+00 -3.558431808338e-10 0.000000000000e+00 0.000000000000e+00 6.333774614805e-02 6.937376670213e+00
16 15 1.696366145189e-07 -3.105833002583e-09 -4.416152339245e-03 6.275682936635e-03 5.052821166819e-01 7.432903575228e+00
16 16 6.098065539680e-05 -1.005815766694e-07 4.803527442086e-02 1.475723504375e-01 4.167763042305e-01 7.928430480244e+00
17 1 1.312379892162e-119 -4.667530810071e-49 2.464418775124e-60 -3.764871454477e-60 3.190534381125e-01 4.955269050152e-01
17 2 9.516171049806e-107 -2.591789489418e-39 2.206809224306e-53 -1.001337272278e-53 3.739234789577e-02 9.910538100305e-01
17 3 2.128404079414e-97 -1.407590364760e-33 1.120956657060e-48 1.303387860752e-48 -3.170364119862e-01 1.486580715046e+00
17 4 6.698786069810e-90 -7.546111120233e-30 -1.168054028385e-44 5.378193906896e-45 -7.658803255689e-02 1.982107620061e+00
17 5 1.871321632032e-82 -1.046465500507e-26 2.959585423529e-41 -7.963574177667e-41 3.123004594494e-01 2.477634525076e+00
17 6 1.126244840149e-75 -2.070433617801e-24 -1.718444126471e-38 2.495153583266e-37 1.196046228941e-01 2.973161430091e+00
17 7 2.358799587922e-68 -3.703005453287e-22 3.947421188617e-34 -1.275689804115e-33 -3.031806233769e-01 3.468688335107e+00
17 8 2.293020144447e-61 -1.835255563039e-20 -4.239208102548e-30 2.161124273981e-30 -1.689507196019e-01 3.964215240122e+00
17 9 0.000000000000e+00 -1.254728764072e-18 0.000000000000e+00 0.000000000000e+00 2.863070325426e-01 4.459742145137e+00
17 10 0.000000000000e+00 -3.024192702416e-17 0.000000000000e+00 0.000000000000e+00 2.280334916328e-01 4.955269050152e+00
17 11 0.000000000000e+00 -1.237478962122e-15 0.000000000000e+00 0.000000000000e+00 -2.546349783976e-01 5.450795955168e+00
17 12 0.000000000000e+00 -1.945335895016e-14 0.000000000000e+00 0.000000000000e+00 -3.017041880254e-01 5.946322860183e+00
17 13 0.000000000000e+00 -6.034067232054e-13 0.000000000000e+00 0.000000000000e+00 1.915389001072e-01 6.441849765198e+00
17 14 0.000000000000e+00 -7.058826390733e-12 0.000000000000e+00 0.000000000000e+00 3.961320995350e-01 6.937376670213e+00
17 15 0.000000000000e+00 -1.964535935319e-10 0.000000000000e+00 0.000000000000e+00 -4.783021512237e-02 7.432903575228e+00
17 16 1.419141252438e-07 -1.635460405272e-09 -2.752813722793e-03 6.962224815502e-03 -5.070970793642e-01 7.928430480244e+00
17 17 4.722153274870e-05 -5.473103774173e-08 8.319627582722e-02 1.188832851173e-01 -4.298295505057e-01 8.423957385259e+00
18 1 1.855118330374e-127 -1.303554929542e-52 2.653455474196e-64 -4.645454834275e-64 1.755769549383e-02 4.955269050152e-01
18 2 1.472823239842e-113 -5.600710587790e-42 8.088134981835e-57 -5.047170280324e-57 -3.183227439773e-01 9.910538100305e-01
18 3 2.091547654485e-104 -3.215694812028e-36 4.311320515355e-52 3.233324674037e-52 -5.342151979804e-02 1.486580715046e+00
18 4 2.905677658146e-96 -5.866371696875e-32 -6.199793625176e-48 5.769697581143e-48 3.154638599599e-01 1.982107620061e+00
18 5 3.148959368368e-89 -5.864845851334e-29 -2.968039428709e-45 -3.472402002469e-44 9.160766050399e-02 2.477634525076e+00
18 6 6.152689924404e-82 -3.190530967815e-26 9.215644489610e-41 1.602500951957e-40 -3.097237435016e-01 2.973161430091e+00
18 7 3.696255095728e-75 -3.521617735554e-24 -2.439705180854e-37 -4.689434486674e-37 -1.339412794268e-01 3.468688335107e+00
18 8 9.396043572681e-68 -4.383957211490e-22 -2.388389884062e-34 3.036549850654e-33 2.992880319673e-01 3.964215240122e+00
18 9 0.000000000000e+00 -1.682247791515e-20 0.000000000000e+00 0.000000000000e+00 1.827366506657e-01 4.459742145137e+00
18 10 0.000000000000e+00 -9.808017063143e-19 0.000000000000e+00 0.000000000000e+00 -2.806367961463e-01 4.955269050152e+00
18 11 0.000000000000e+00 -2.079838899632e-17 0.000000000000e+00 0.000000000000e+00 -2.411410006454e-01 5.450795955168e+00
18 12 0.000000000000e+00 -7.925877595603e-16 0.000000000000e+00 0.000000000000e+00 2.465514775265e-01 5.946322860183e+00
18 13 0.000000000000e+00 -1.159007531097e-14 0.000000000000e+00 0.000000000000e+00 3.135337150456e-01 6.441849765198e+00
18 14 0.000000000000e+00 -3.497551224962e-13 0.000000000000e+00 0.000000000000e+00 -1.802519905364e-01 6.937376670213e+00
18 15 0.000000000000e+00 -3.894914953523e-12 0.000000000000e+00 0.000000000000e+00 -4.049980744684e-01 7.432903575228e+00
18 16 0.000000000000e+00 -1.082472055979e-10 0.000000000000e+00 0.000000000000e+00 3.294366996559e-02 7.928430480244e+00
18 17 1.175387259043e-07 -8.621962905290e-10 -9.991688909026e-04 7.170015943210e-03 5.084968903821e-01 8.423957385259e+00
18 18 3.662707650031e-05 -2.981655732387e-08 1.060633261348e-01 8.402049720570e-02 4.422727788046e-01 8.919484290274e+00
19 1 7.119768381682e-135 -6.677483564458e-56 4.671371828512e-68 -9.382071482625e-68 -3.189077214724e-01 4.955269050152e-01
19 2 6.914692633740e-121 -5.394829356221e-45 1.603961969568e-60 -1.301747856601e-60 -3.343493803073e-02 9.910538100305e-01
19 3 5.770189414552e-111 -1.359710568295e-38 2.559205774190e-55 1.209370192843e-55 3.173024907439e-01 1.486580715046e+00
19 4 3.912325925981e-103 -2.040946573418e-34 -1.560940917406e-51 2.687204250631e-51 6.815662272788e-02 1.982107620061e+00
19 5 1.591093416580e-95 -6.176565957270e-31 -1.167000437553e-47 -2.185182821748e-47 -3.136469665000e-01 2.477634525076e+00
19 6 1.085417055383e-88 -2.203627029522e-28 6.778694476735e-44 3.786144184716e-44 -1.055719692062e-01 2.973161430091e+00
19 7 1.948928719062e-81 -6.425782604377e-26 -3.553035638673e-40 -1.452395692287e-40 3.069226477228e-01 3.468688335107e+00
19 8 1.330493392607e-74 -4.676208310850e-24 8.471851828367e-37 7.720168856223e-37 1.473561220197e-01 3.964215240122e+00
19 9 4.370217911004e-67 -4.455259069891e-22 3.021730835047e-34 -7.383935236322e-33 -2.951981039037e-01 4.459742145137e+00
19 10 0.000000000000e+00 -1.401622938380e-20 0.000000000000e+00 0.000000000000e+00 -1.956589718967e-01 4.955269050152e+00
19 11 0.000000000000e+00 -7.216294969399e-19 0.000000000000e+00 0.000000000000e+00 2.748281069717e-01 5.450795955168e+00
19 12 0.000000000000e+00 -1.377043051547e-17 0.000000000000e+00 0.000000000000e+00 2.533919415941e-01 5.946322860183e+00
19 13 0.000000000000e+00 -4.956011212229e-16 0.000000000000e+00 0.000000000000e+00 -2.384487146776e-01 6.441849765198e+00
19 14 0.000000000000e+00 -6.806947578760e-15 0.000000000000e+00 0.000000000000e+00 -3.244943620999e-01 6.937376670213e+00
19 15 0.000000000000e+00 -2.010037722439e-13 0.000000000000e+00 0.000000000000e+00 1.691702533394e-01 7.432903575228e+00
19 16 0.000000000000e+00 -2.140676170230e-12 0.000000000000e+00 0.000000000000e+00 4.130500373735e-01 7.928430480244e+00
19 17 0.000000000000e+00 -5.955218722308e-11 0.000000000000e+00 0.000000000000e+00 -1.864012454270e-02 8.423957385259e+00
19 18 9.655676402480e-08 -4.550441081213e-10 6.979880313623e-04 6.912228034165e-03 -5.095443549400e-01 8.919484290274e+00
19 19 2.845041270130e-05 -1.625859046844e-08 1.166847532169e-01 4.722627070875e-02 -4.541589402972e-01 9.415011195289e+00
20 1 8.360073775370e-143 -1.515104799312e-59 4.506293969092e-72 -1.042467909593e-71 -1.581136617749e-02 4.955269050152e-01
20 2 8.859162380165e-128 -9.700885375973e-48 5.161213618696e-64 -5.294726704960e-64 3.183218722440e-01 9.910538100305e-01
20 3 4.937631913467e-118 -2.553784350394e-41 8.018639368996e-59 2.064503386240e-59 4.797951007350e-02 1.486580715046e+00
20 4 1.499908821769e-109 -1.340464110085e-36 -4.792460299259e-55 1.863560677692e-54 -3.160428589703e-01 1.982107620061e+00
20 5 2.557164866283e-102 -2.896287977437e-33 -7.566143230984e-51 -6.433070583479e-51 -8.182882839363e-02 2.477634525076e+00
20 6 5.873778121734e-95 -2.919630349936e-30 5.711160960891e-47 8.017810610007e-49 3.116165815307e-01 2.973161430091e+00
20 7 3.406323168366e-88 -5.215483682404e-28 -1.553547072572e-43 4.020005103306e-44 1.186393871220e-01 3.468688335107e+00
20 8 6.523643934222e-81 -9.778492464599e-26 7.999886198384e-40 -6.453363441357e-41 -3.039245231149e-01 3.964215240122e+00
20 9 5.447125795909e-74 -5.212297464771e-24 -2.202869986424e-36 -1.398047417794e-36 -1.599644892271e-01 4.459742145137e+00
20 10 0.000000000000e+00 -4.048774578128e-22 0.000000000000e+00 0.000000000000e+00 2.909398856877e-01 4.955269050152e+00
20 11 0.000000000000e+00 -1.086818124195e-20 0.000000000000e+00 0.000000000000e+00 2.078103338201e-01 5.450795955168e+00
20 12 0.000000000000e+00 -5.067183122570e-19 0.000000000000e+00 0.000000000000e+00 -2.689108563054e-01 5.946322860183e+00
20 13 0.000000000000e+00 -8.849057254255e-18 0.000000000000e+00 0.000000000000e+00 -2.648707771530e-01 6.441849765198e+00
20 14 0.000000000000e+00 -3.040065352200e-16 0.000000000000e+00 0.000000000000e+00 2.303519254988e-01 6.937376670213e+00
20 15 0.000000000000e+00 -3.951728002551e-15 0.000000000000e+00 0.000000000000e+00 3.346727405684e-01 7.432903575228e+00
20 16 0.000000000000e+00 -1.147116993861e-13 0.000000000000e+00 0.000000000000e+00 -1.583016774570e-01 7.928430480244e+00
20 17 0.000000000000e+00 -1.172785446349e-12 0.000000000000e+00 0.000000000000e+00 -4.203789560677e-01 8.423957385259e+00
20 18 0.000000000000e+00 -3.272138395733e-11 0.000000000000e+00 0.000000000000e+00 4.884120067227e-03 8.919484290274e+00
20 19 7.878598427876e-08 -2.404128806232e-10 2.212230283358e-03 6.243911507181e-03 5.102914612101e-01 9.415011195289e+00
20 20 2.212699050505e-05 -8.872062529744e-09 1.162307448006e-01 1.206526865502e-02 4.655345996034e-01 9.910538100305e+00
21 1 2.635393939620e-150 -6.483947832182e-63 7.045301343594e-76 -1.889329837909e-75 3.188010589882e-01 4.955269050152e-01
21 2 3.536834895371e-135 -7.699284144508e-51 9.088065093946e-68 -1.164794399892e-67 3.024385312512e-02 9.910538100305e-01
21 3 1.163070662889e-124 -9.110287205604e-44 4.007652477874e-62 2.972639430734e-63 -3.174920499859e-01 1.486580715046e+00
21 4 1.821097703966e-116 -3.895844212031e-39 3.685263226667e-60 6.704667248534e-58 -6.143877112299e-02 1.982107620061e+00
21 5 1.188600574514e-108 -2.611520566560e-35 -6.347903934608e-54 -2.355618369539e-54 3.145777681142e-01 2.477634525076e+00
21 6 1.033810124897e-101 -1.712748758807e-32 2.163241267606e-50 -1.030686054533e-50 9.460759929364e-02 2.973161430091e+00
21 7 1.866441501854e-94 -8.277799537200e-30 -7.915580895440e-47 8.856797595318e-47 -3.093973000416e-01 3.468688335107e+00
21 8 1.085771222040e-87 -9.023064432853e-28 2.217251900455e-43 -2.409300454133e-43 -1.309303172217e-01 3.964215240122e+00
21 9 2.418479910850e-80 -1.219868782175e-25 -1.617784438371e-39 6.364772596112e-40 3.007532626475e-01 4.459742145137e+00
21 10 2.578296338965e-73 -5.109468609950e-24 5.353211555523e-36 3.334893424697e-36 1.718577344791e-01 4.955269050152e+00
21 11 0.000000000000e+00 -3.381605356917e-22 0.000000000000e+00 0.000000000000e+00 -2.865388606320e-01 5.450795955168e+00
21 12 0.000000000000e+00 -7.972212388099e-21 0.000000000000e+00 0.000000000000e+00 -2.192671908666e-01 5.946322860183e+00
21 13 0.000000000000e+00 -3.429612248859e-19 0.000000000000e+00 0.000000000000e+00 2.629105534756e-01 6.441849765198e+00
21 14 0.000000000000e+00 -5.552272733539e-18 0.000000000000e+00 0.000000000000e+00 2.756494226526e-01 6.937376670213e+00
21 15 0.000000000000e+00 -1.835974869778e-16 0.000000000000e+00 0.000000000000e+00 -2.222816067565e-01 7.432903575228e+00
21 16 0.000000000000e+00 -2.272485950506e-15 0.000000000000e+00 0.000000000000e+00 -3.441436318122e-01 7.928430480244e+00
21 17 0.000000000000e+00 -6.508771659258e-14 0.000000000000e+00 0.000000000000e+00 1.476508414283e-01 8.423957385259e+00
21 18 0.000000000000e+00 -6.408482606819e-13 0.000000000000e+00 0.000000000000e+00 4.270628725731e-01 8.919484290274e+00
21 19 0.000000000000e+00 -1.796047216931e-11 0.000000000000e+00 0.000000000000e+00 8.357347681965e-03 9.415011195289e+00
21 20 6.392431643324e-08 -1.271435445076e-10 3.446954007206e-03 5.250515293737e-03 -5.107815457352e-01 9.910538100305e+00
21 21 1.722812418713e-05 -4.844114182652e-09 1.066314628953e-01 -1.874673374520e-02 -4.764409101396e-01 1.040606500532e+01
22 1 2.608801776459e-158 -1.219047128373e-66 6.087802617162e-80 -1.911619654768e-79 1.438330711211e-02 4.955269050152e-01
22 2 3.804952962101e-142 -1.169108037101e-53 2.567507944922e-71 -4.109657382213e-71 -3.183207637813e-01 9.910538100305e-01
22 3 8.689024354760e-132 -1.430128653991e-46 1.093553148420e-65 -1.031650619367e-66 -4.355984514782e-02 1.486580715046e+00
22 4 6.152570436830e-123 -2.186087400449e-41 9.526878223230e-62 3.778895076609e-61 3.164588020911e-01 1.982107620061e+00
22 5 1.783576849430e-115 -1.037650569258e-37 -2.621793469738e-57 -7.436164777618e-59 7.399384160370e-02 2.477634525076e+00
22 6 5.349655829135e-108 -1.965577147522e-34 1.110330801063e-53 -1.318498934410e-53 -3.129321333264e-01 2.973161430091e+00
22 7 3.394413384668e-101 -5.782156150096e-32 -9.327625424370e-51 4.979060915593e-50 -1.066206943876e-01 3.468688335107e+00
22 8 5.790763368307e-94 -1.657705941902e-29 1.430555802257e-47 -2.386912367297e-46 3.070098007804e-01 3.964215240122e+00
22 9 3.724580841453e-87 -1.249290142294e-27 -2.280813565435e-43 6.429874812797e-43 1.425387189829e-01 4.459742145137e+00
22 10 1.016662499720e-79 -1.314782544120e-25 3.459013558623e-39 -1.928850608023e-39 -2.974300050294e-01 4.955269050152e+00
22 11 0.000000000000e+00 -4.545024426202e-24 0.000000000000e+00 0.000000000000e+00 -1.831099103299e-01 5.450795955168e+00
22 12 0.000000000000e+00 -2.645837550068e-22 0.000000000000e+00 0.000000000000e+00 2.820174001642e-01 5.946322860183e+00
22 13 0.000000000000e+00 -5.597524468781e-21 0.000000000000e+00 0.000000000000e+00 2.300937714765e-01 6.441849765198e+00
22 14 0.000000000000e+00 -2.253799235501e-19 0.000000000000e+00 0.000000000000e+00 -2.568489731794e-01 6.937376670213e+00
22 15 0.000000000000e+00 -3.416763034688e-18 0.000000000000e+00 0.000000000000e+00 -2.857898575522e-01 7.432903575228e+00
22 16 0.000000000000e+00 -1.094668234068e-16 0.000000000000e+00 0.000000000000e+00 2.142543761058e-01 7.928430480244e+00
22 17 0.000000000000e+00 -1.296588141438e-15 0.000000000000e+00 0.000000000000e+00 3.529721240196e-01 8.423957385259e+00
22 18 0.000000000000e+00 -3.675279795814e-14 0.000000000000e+00 0.000000000000e+00 -1.372197236314e-01 8.919484290274e+00
22 19 0.000000000000e+00 -3.494309695078e-13 0.000000000000e+00 0.000000000000e+00 -4.331691753419e-01 9.415011195289e+00
22 20 0.000000000000e+00 -9.849935906627e-12 0.000000000000e+00 0.000000000000e+00 -2.111494254067e-02 9.910538100305e+00
22 21 5.162050026203e-08 -6.730373984566e-11 4.340169760331e-03 4.035417647822e-03 5.110509617698e-01 1.040606500532e+01
22 22 1.342700375214e-05 -2.646046230822e-09 9.023833952132e-02 -4.339699077738e-02 4.869144085374e-01 1.090159191034e+01
23 1 6.871476843998e-166 -4.423990307848e-70 8.434048214322e-84 -3.144852614562e-83 -3.187206275795e-01 4.955269050152e-01
23 2 1.304558602311e-149 -7.773932333430e-57 3.978470694839e-75 -8.042360730435e-75 -2.761429463462e-02 9.910538100305e-01
23 3 1.760882480274e-138 -4.357254244667e-49 4.787263815408e-69 -1.237972630036e-69 3.176321214845e-01 1.486580715046e+00
23 4 6.703172174889e-130 -5.380658660040e-44 5.881519748487e-65 1.144010436028e-64 5.595180005957e-02 1.982107620061e+00
23 5 7.538454749549e-122 -8.084073342834e-40 -1.639487715933e-60 4.687148574701e-61 -3.152500688550e-01 2.477634525076e+00
23 6 9.096087935281e-115 -9.894632624981e-37 2.108650976304e-57 -6.787822924403e-57 -8.578080899555e-02 2.973161430091e+00
23 7 1.846045597201e-107 -8.030061722202e-34 1.175825062623e-53 3.545867295061e-53 3.111255803772e-01 3.468688335107e+00
23 8 1.044268332499e-100 -1.331764885337e-31 -5.498842763119e-50 -8.536630969775e-50 1.179668623794e-01 3.964215240122e+00
23 9 1.878730365611e-93 -2.591013287430e-29 2.072527093761e-46 4.379814918752e-46 -3.044720531925e-01 4.459742145137e+00
23 10 1.418190608782e-86 -1.467684339977e-27 1.396043954371e-43 -1.472589167709e-42 -1.535396348892e-01 4.955269050152e+00
23 11 0.000000000000e+00 -1.268448708728e-25 0.000000000000e+00 0.000000000000e+00 2.939735697621e-01 5.450795955168e+00
23 12 0.000000000000e+00 -3.749788663917e-24 0.000000000000e+00 0.000000000000e+00 1.937822443927e-01 5.946322860183e+00
23 13 0.000000000000e+00 -1.966086539711e-22 0.000000000000e+00 0.000000000000e+00 -2.773951497959e-01 6.441849765198e+00
23 14 0.000000000000e+00 -3.794560603766e-21 0.000000000000e+00 0.000000000000e+00 -2.403448457592e-01 6.937376670213e+00
23 15 0.000000000000e+00 -1.445963644636e-19 0.000000000000e+00 0.000000000000e+00 2.507447089545e-01 7.432903575228e+00
23 16 0.000000000000e+00 -2.069281628326e-18 0.000000000000e+00 0.000000000000e+00 2.953460420905e-01 7.928430480244e+00
23 17 0.000000000000e+00 -6.457478387417e-17 0.000000000000e+00 0.000000000000e+00 -2.062836673393e-01 8.423957385259e+00
23 18 0.000000000000e+00 -7.349313033803e-16 0.000000000000e+00 0.000000000000e+00 -3.612152612470e-01 8.919484290274e+00
23 19 0.000000000000e+00 -2.066855671519e-14 0.000000000000e+00 0.000000000000e+00 1.270083233925e-01 9.415011195289e+00
23 20 0.000000000000e+00 -1.901940334105e-13 0.000000000000e+00 0.000000000000e+00 4.387563912869e-01 9.910538100305e+00
23 21 0.000000000000e+00 -5.398084722964e-12 0.000000000000e+00 0.000000000000e+00 3.341712407131e-02 1.040606500532e+01
23 22 4.151737562280e-08 -3.565900705377e-11 4.865099722785e-03 2.707913766654e-03 -5.111303792988e-01 1.090159191034e+01
23 23 1.047362416013e-05 -1.445871216669e-09 6.953024003657e-02 -6.093927129490e-02 -4.969876680354e-01 1.139711881535e+01
24 1 5.808282900827e-174 -7.006267127287e-74 6.467591162185e-88 -2.922810097848e-87 -1.319330924805e-02 4.955269050152e-01
24 2 1.193455258852e-156 -1.009553247793e-59 9.691183175331e-79 -2.534943944680e-78 3.183196544824e-01 9.910538100305e-01
24 3 1.153708622489e-145 -5.798106333508e-52 1.163738412819e-72 -4.976723907147e-73 3.989591155995e-02 1.486580715046e+00
24 4 1.997936985930e-136 -2.606003928685e-46 4.472119702115e-68 5.414735093854e-68 -3.167683046905e-01 1.982107620061e+00
24 5 1.043496418312e-128 -2.752834757521e-42 -5.348458866440e-64 3.412049516991e-64 -6.756429254462e-02 2.477634525076e+00
24 6 4.413340038633e-121 -9.909672191561e-39 -3.597940922567e-61 -4.937900179303e-60 3.138864477179e-01 2.973161430091e+00
24 7 3.352728353134e-114 -4.867502248149e-36 1.133742379838e-56 1.117687126742e-56 9.690431722119e-02 3.468688335107e+00
24 8 5.729291850277e-107 -2.159929530040e-33 -6.892406826441e-53 -3.010965322723e-53 -3.091744089346e-01 3.964215240122e+00
24 9 3.259148691646e-100 -2.334067148858e-31 1.853933717283e-49 7.973881435115e-50 -1.287241421384e-01 4.459742145137e+00
24 10 6.622021208679e-93 -3.371980809729e-29 -7.182055105103e-46 -7.112224526202e-46 3.017999786806e-01 4.955269050152e+00
24 11 0.000000000000e+00 -1.522091101621e-27 0.000000000000e+00 0.000000000000e+00 1.639942264691e-01 5.450795955168e+00
24 12 0.000000000000e+00 -1.122876480091e-25 0.000000000000e+00 0.000000000000e+00 -2.904007633369e-01 5.946322860183e+00
24 13 0.000000000000e+00 -2.914900171011e-24 0.000000000000e+00 0.000000000000e+00 -2.039262237139e-01 6.441849765198e+00
24 14 0.000000000000e+00 -1.401636708665e-22 0.000000000000e+00 0.000000000000e+00 2.726893661757e-01 6.937376670213e+00
24 15 0.000000000000e+00 -2.499773294207e-21 0.000000000000e+00 0.000000000000e+00 2.500677089074e-01 7.432903575228e+00
24 16 0.000000000000e+00 -9.094863760859e-20 0.000000000000e+00 0.000000000000e+00 -2.446136435792e-01 7.928430480244e+00
24 17 0.000000000000e+00 -1.236637940812e-18 0.000000000000e+00 0.000000000000e+00 -3.043653584210e-01 8.423957385259e+00
24 18 0.000000000000e+00 -3.775241074602e-17 0.000000000000e+00 0.000000000000e+00 1.983802938301e-01 8.919484290274e+00
24 19 0.000000000000e+00 -4.142668399434e-16 0.000000000000e+00 0.000000000000e+00 3.689233388519e-01 9.415011195289e+00
24 20 0.000000000000e+00 -1.158304743041e-14 0.000000000000e+00 0.000000000000e+00 -1.170151395117e-01 9.910538100305e+00
24 21 0.000000000000e+00 -1.033689967998e-13 0.000000000000e+00 0.000000000000e+00 -4.438756164704e-01 1.040606500532e+01
24 22 0.000000000000e+00 -2.956550170737e-12 0.000000000000e+00 0.000000000000e+00 -4.529029306864e-02 1.090159191034e+01
24 23 3.327697367506e-08 -1.890873435166e-11 5.027378721448e-03 1.372759084100e-03 5.110458083882e-01 1.139711881535e+01
24 24 8.176160752387e-06 -7.902695517657e-10 4.687699902158e-02 -7.119265448403e-02 5.066898404394e-01 1.189264572037e+01
25 1 1.296901602570e-181 -2.183885397607e-77 7.808064662370e-92 -4.404447364176e-91 3.186584715764e-01 4.955269050152e-01
25 2 3.546685422271e-164 -5.704251686588e-63 1.271069844506e-82 -4.502435378532e-82 2.540895330664e-02 9.910538100305e-01
25 3 2.027438386979e-152 -1.525121345320e-54 4.529460213299e-76 -2.763274061139e-76 -3.177386933630e-01 1.486580715046e+00
25 4 1.951572424598e-143 -5.497257915954e-49 1.712360303895e-71 1.373059368867e-71 -5.138088692061e-02 1.982107620061e+00
25 5 3.990116394701e-135 -1.868946903107e-44 -2.614563801813e-67 2.924739693451e-67 3.157526264629e-01 2.477634525076e+00
25 6 7.113949504941e-128 -4.321289533345e-41 -8.199649234299e-64 -1.810758106675e-63 7.850828002666e-02 2.973161430091e+00
25 7 1.761256119202e-120 -5.951698155378e-38 1.089564316491e-59 3.799004839860e-60 -3.123840681232e-01 3.468688335107e+00
25 8 1.065430845823e-113 -1.520936705298e-35 -3.213510962983e-56 4.398187461475e-57 -1.074465250159e-01 3.964215240122e+00
25 9 1.750241033162e-106 -4.306815312686e-33 1.427691766938e-52 -3.859277064307e-53 3.070926652656e-01 4.459742145137e+00
25 10 1.080085647799e-99 -3.341386466556e-31 -4.079582073701e-49 1.440573872056e-50 1.389554384311e-01 4.955269050152e+00
25 11 2.590043589329e-92 -3.817571568878e-29 1.845686349448e-45 1.195222458511e-45 -2.990078415180e-01 5.450795955168e+00
25 12 0.000000000000e+00 -1.432632338513e-27 0.000000000000e+00 0.000000000000e+00 -1.739532336764e-01 5.946322860183e+00
25 13 0.000000000000e+00 -9.285279816992e-26 0.000000000000e+00 0.000000000000e+00 2.867266179953e-01 6.441849765198e+00
25 14 0.000000000000e+00 -2.159915297009e-24 0.000000000000e+00 0.000000000000e+00 2.135857759027e-01 6.937376670213e+00
25 15 0.000000000000e+00 -9.659951444683e-23 0.000000000000e+00 0.000000000000e+00 -2.679152129757e-01 7.432903575228e+00
25 16 0.000000000000e+00 -1.608353871797e-21 0.000000000000e+00 0.000000000000e+00 -2.593036379327e-01 7.928430480244e+00
25 17 0.000000000000e+00 -5.626709748890e-20 0.000000000000e+00 0.000000000000e+00 2.384693474692e-01 8.423957385259e+00
25 18 0.000000000000e+00 -7.308072808344e-19 0.000000000000e+00 0.000000000000e+00 3.128897173998e-01 8.919484290274e+00
25 19 0.000000000000e+00 -2.190368673265e-17 0.000000000000e+00 0.000000000000e+00 -1.905529065613e-01 9.415011195289e+00
25 20 0.000000000000e+00 -2.324136839407e-16 0.000000000000e+00 0.000000000000e+00 -3.761409368430e-01 9.910538100305e+00
25 21 0.000000000000e+00 -6.472080222729e-15 0.000000000000e+00 0.000000000000e+00 1.072375405585e-01 1.040606500532e+01
25 22 0.000000000000e+00 -5.611075153713e-14 0.000000000000e+00 0.000000000000e+00 4.485716706545e-01 1.090159191034e+01
25 23 0.000000000000e+00 -1.618486706832e-12 0.000000000000e+00 0.000000000000e+00 5.675893850835e-02 1.139711881535e+01
25 24 2.659350266454e-08 -1.003455415362e-11 4.859812781321e-03 1.219307400852e-04 -5.108194121758e-01 1.189264572037e+01
25 25 6.387040663861e-06 -4.320215793729e-10 2.436528811066e-02 -7.459962205569e-02 -5.160471090101e-01 1.238817262538e+01
26 1 9.465251903357e-190 -2.954177467842e-81 5.137589260134e-96 -3.786713755566e-95 1.218614444671e-02 4.955269050152e-01
26 2 2.790158536595e-171 -6.405675852964e-66 2.466707108996e-86 -1.288811431063e-85 -3.183186305783e-01 9.910538100305e-01
26 3 1.171164324936e-159 -1.741349098740e-57 9.876077589788e-80 -8.067426303731e-80 -3.680720205458e-02 1.486580715046e+00
26 4 5.147781690618e-150 -2.319279858383e-51 9.991690458055e-75 5.219143984117e-75 3.170051938033e-01 1.982107620061e+00
26 5 5.064031622492e-142 -5.509719319690e-47 -6.328893499060e-71 1.246061511087e-70 6.218647227622e-02 2.477634525076e+00
26 6 3.201097982666e-134 -3.804174075826e-43 -9.168119607074e-67 -9.681893277841e-67 -3.146024032685e-01 2.973161430091e+00
26 7 3.114643189321e-127 -3.155415433178e-40 4.836282580173e-63 -3.955465151082e-64 -8.887058761317e-02 3.468688335107e+00
26 8 5.810984497214e-120 -2.188957216599e-37 -1.907857380444e-59 1.448399862581e-59 3.107562022155e-01 3.964215240122e+00
26 9 3.229685604787e-113 -3.431111684669e-35 4.001686948173e-56 -4.934297072023e-56 1.174731614655e-01 4.459742145137e+00
26 10 5.549248194556e-106 -6.876867300492e-33 -2.056761860333e-52 2.081154435738e-52 -3.048927512919e-01 4.955269050152e+00
26 11 3.902623937354e-99 -4.099915676961e-31 8.055059907360e-49 -2.823210372138e-49 -1.487123591043e-01 5.450795955168e+00
26 12 0.000000000000e+00 -3.877516529269e-29 0.000000000000e+00 0.000000000000e+00 2.961085016047e-01 5.946322860183e+00
26 13 0.000000000000e+00 -1.248597798429e-27 0.000000000000e+00 0.000000000000e+00 1.834594085633e-01 6.441849765198e+00
26 14 0.000000000000e+00 -7.267876815272e-26 0.000000000000e+00 0.000000000000e+00 -2.829645907191e-01 6.937376670213e+00
26 15 0.000000000000e+00 -1.539071550280e-24 0.000000000000e+00 0.000000000000e+00 -2.227988479350e-01 7.432903575228e+00
26 16 0.000000000000e+00 -6.473922159079e-23 0.000000000000e+00 0.000000000000e+00 2.630860204018e-01 7.928430480244e+00
26 17 0.000000000000e+00 -1.014604042213e-21 0.000000000000e+00 0.000000000000e+00 2.680889853728e-01 8.423957385259e+00
26 18 0.000000000000e+00 -3.432877793263e-20 0.000000000000e+00 0.000000000000e+00 -2.323234156074e-01 8.919484290274e+00
26 19 0.000000000000e+00 -4.277932923509e-19 0.000000000000e+00 0.000000000000e+00 -3.209564244913e-01 9.415011195289e+00
26 20 0.000000000000e+00 -1.262577172147e-17 0.000000000000e+00 0.000000000000e+00 1.828083677602e-01 9.910538100305e+00
26 21 0.000000000000e+00 -1.298627771839e-16 0.000000000000e+00 0.000000000000e+00 3.829077551902e-01 1.040606500532e+01
26 22 0.000000000000e+00 -3.607035415788e-15 0.000000000000e+00 0.000000000000e+00 -9.767205247465e-02 1.090159191034e+01
26 23 0.000000000000e+00 -3.042634367755e-14 0.000000000000e+00 0.000000000000e+00 -4.528840379386e-01 1.139711881535e+01
26 24 0.000000000000e+00 -8.856109587615e-13 0.000000000000e+00 0.000000000000e+00 -6.784578102032e-02 1.189264572037e+01
26 25 2.119807022843e-08 -5.329133720654e-12 4.415593984172e-03 -9.710772737639e-04 5.104701581600e-01 1.238817262538e+01
26 26 4.992472300568e-06 -2.362091553712e-10 3.685905894780e-03 -7.206444189793e-02 5.250830694326e-01 1.288369953040e+01
27 1 1.813865668037e-197 -7.997108503036e-85 5.064102310589e-100 -5.265754671372e-99 -3.186094407078e-01 4.955269050152e-01
27 2 7.248100675102e-179 -3.112980207779e-69 2.250375795728e-90 -2.102939508353e-89 -2.353217849794e-02 9.910538100305e-01
27 3 1.798369465947e-166 -3.992369895386e-60 3.423764142021e-83 -3.639894245688e-83 3.178217401240e-01 1.486580715046e+00
27 4 4.514065964978e-157 -4.237084860613e-54 3.193135868449e-78 9.730806484001e-79 4.751131105254e-02 1.982107620061e+00
27 5 1.749267891517e-148 -3.285450010263e-49 -1.819239660732e-74 8.010016398138e-74 -3.161388168578e-01 2.477634525076e+00
27 6 4.837601266553e-141 -1.449392097756e-45 -4.556666678134e-70 -2.470932042213e-70 -7.240432530933e-02 2.973161430091e+00
27 7 1.554654564670e-133 -3.417790596365e-42 3.048037503881e-66 -1.569187138733e-66 3.133311788397e-01 3.468688335107e+00
27 8 1.079986966284e-126 -1.359898014689e-39 -4.381560553885e-63 9.350942990142e-63 9.872036597851e-02 3.964215240122e+00
27 9 1.772736643180e-119 -5.657461881140e-37 4.502465487918e-60 -4.685172494079e-59 -3.090141905375e-01 4.459742145137e+00
27 10 9.920580302471e-113 -6.075170041468e-35 -9.225246314933e-57 1.233715219077e-55 -1.270377125419e-01 4.955269050152e+00
27 11 1.884733794330e-105 -9.267505283355e-33 2.252434993529e-52 -5.487340265084e-52 3.025857869220e-01 5.450795955168e+00
27 12 1.560775481409e-98 -4.460486166434e-31 -1.626752064825e-48 9.061921146089e-49 1.580379145256e-01 5.946322860183e+00
27 13 0.000000000000e+00 -3.613037759850e-29 0.000000000000e+00 0.000000000000e+00 -2.931135938513e-01 6.441849765198e+00
27 14 0.000000000000e+00 -1.022724619477e-27 0.000000000000e+00 0.000000000000e+00 -1.925492648804e-01 6.937376670213e+00
27 15 0.000000000000e+00 -5.438949096816e-26 0.000000000000e+00 0.000000000000e+00 2.791267352261e-01 7.432903575228e+00
27 16 0.000000000000e+00 -1.061753936755e-24 0.000000000000e+00 0.000000000000e+00 2.315985734486e-01 7.928430480244e+00
27 17 0.000000000000e+00 -4.238409337913e-23 0.000000000000e+00 0.000000000000e+00 -2.582135122893e-01 8.423957385259e+00
27 18 0.000000000000e+00 -6.294855771046e-22 0.000000000000e+00 0.000000000000e+00 -2.764560167596e-01 8.919484290274e+00
27 19 0.000000000000e+00 -2.070155511055e-20 0.000000000000e+00 0.000000000000e+00 2.261857524580e-01 9.415011195289e+00
27 20 0.000000000000e+00 -2.483881672029e-19 0.000000000000e+00 0.000000000000e+00 3.285988683385e-01 9.910538100305e+00
27 21 0.000000000000e+00 -7.236982099623e-18 0.000000000000e+00 0.000000000000e+00 -1.751520567992e-01 1.040606500532e+01
27 22 0.000000000000e+00 -7.230875847311e-17 0.000000000000e+00 0.000000000000e+00 -3.892592969256e-01 1.090159191034e+01
27 23 0.000000000000e+00 -2.005807207756e-15 0.000000000000e+00 0.000000000000e+00 8.831458260673e-02 1.139711881535e+01
27 24 0.000000000000e+00 -1.648435215139e-14 0.000000000000e+00 0.000000000000e+00 4.568476396815e-01 1.189264572037e+01
27 25 0.000000000000e+00 -4.844094439617e-13 0.000000000000e+00 0.000000000000e+00 7.857190996863e-02 1.238817262538e+01
27 26 1.685983921363e-08 -2.832173379285e-12 3.761003702078e-03 -1.854379012351e-03 -5.100143439472e-01 1.288369953040e+01
27 27 3.904534568178e-06 -1.291605946354e-10 -1.392281978404e-02 -6.478917747024e-02 -5.338190522062e-01 1.337922643541e+01
28 1 1.154194713576e-205 -9.350899601631e-89 2.461347307561e-104 -4.212662722168e-103 -1.132250810059e-02 4.955269050152e-01
28 2 4.952083305731e-186 -3.052225679791e-72 1.517066685771e-94 -5.526084837045e-93 3.183177171990e-01 9.910538100305e-01
28 3 9.209704447267e-174 -3.952812992234e-63 6.655194280799e-87 -9.142667373373e-87 3.416691370745e-02 1.486580715046e+00
28 4 1.058045088510e-163 -1.570109437972e-56 1.604758078332e-81 1.911623064186e-82 -3.171907508059e-01 1.982107620061e+00
28 5 2.030150718904e-155 -8.460952696897e-52 3.313333667634e-79 2.798084806141e-77 -5.761768888200e-02 2.477634525076e+00
28 6 2.007025419602e-147 -1.129136205787e-47 -3.274239766458e-73 -6.531881891026e-74 3.151543070196e-01 2.973161430091e+00
28 7 2.634831096998e-140 -1.596460789673e-44 9.327960311003e-70 -1.059137262270e-69 8.210728882187e-02 3.468688335107e+00
28 8 5.730356219178e-133 -1.745857689159e-41 1.347429047286e-67 7.520873486039e-66 -3.119500320221e-01 3.964215240122e+00
28 9 3.353071714434e-126 -4.007770071537e-39 -8.998743257598e-63 -1.838613104665e-62 -1.081135825554e-01 4.459742145137e+00
28 10 5.350971679358e-119 -1.124259648418e-36 5.017260436336e-59 7.575142622811e-59 3.071679887918e-01 4.955269050152e+00
28 11 3.204030376343e-112 -8.937786341630e-35 -9.454079043510e-56 -2.255551892532e-55 1.361843752432e-01 5.450795955168e+00
28 12 6.987813890060e-105 -1.093895853385e-32 -1.586738738319e-52 1.235829504452e-51 -3.001818383102e-01 5.946322860183e+00
28 13 0.000000000000e+00 -4.409918325100e-31 0.000000000000e+00 0.000000000000e+00 -1.669684551107e-01 6.441849765198e+00
28 14 0.000000000000e+00 -3.140057161477e-29 0.000000000000e+00 0.000000000000e+00 2.900336663382e-01 6.937376670213e+00
28 15 0.000000000000e+00 -7.962175681262e-28 0.000000000000e+00 0.000000000000e+00 2.012543610983e-01 7.432903575228e+00
28 16 0.000000000000e+00 -3.921621690236e-26 0.000000000000e+00 0.000000000000e+00 -2.752238533441e-01 7.928430480244e+00
28 17 0.000000000000e+00 -7.128973459286e-25 0.000000000000e+00 0.000000000000e+00 -2.400141525647e-01 8.423957385259e+00
28 18 0.000000000000e+00 -2.720564622165e-23 0.000000000000e+00 0.000000000000e+00 2.533080043901e-01 8.919484290274e+00
28 19 0.000000000000e+00 -3.850566638025e-22 0.000000000000e+00 0.000000000000e+00 2.844335632987e-01 9.415011195289e+00
28 20 0.000000000000e+00 -1.235218214045e-20 0.000000000000e+00 0.000000000000e+00 -2.200648130973e-01 9.910538100305e+00
28 21 0.000000000000e+00 -1.432125144376e-19 0.000000000000e+00 0.000000000000e+00 -3.358470762263e-01 1.040606500532e+01
28 22 0.000000000000e+00 -4.127990323437e-18 0.000000000000e+00 0.000000000000e+00 1.675881215596e-01 1.090159191034e+01
28 23 0.000000000000e+00 -4.014036162805e-17 0.000000000000e+00 0.000000000000e+00 3.952274324975e-01 1.139711881535e+01
28 24 0.000000000000e+00 -1.113224853880e-15 0.000000000000e+00 0.000000000000e+00 -7.916059458758e-02 1.189264572037e+01
28 25 0.000000000000e+00 -8.924235083836e-15 0.000000000000e+00 0.000000000000e+00 -4.604934745083e-01 1.238817262538e+01
28 26 0.000000000000e+00 -2.648739246953e-13 0.000000000000e+00 0.000000000000e+00 -8.895691253613e-02 1.288369953040e+01
28 27 1.338347570242e-08 -1.506158628379e-12 2.968183566372e-03 -2.498491754275e-03 5.094660246497e-01 1.337922643541e+01
28 28 3.055172398186e-06 -7.063010342980e-11 -2.768376688424e-02 -5.412068794288e-02 5.422743969503e-01 1.387475334043e+01
29 1 1.918656397761e-213 -2.219716687539e-92 1.209763804471e-108 -5.439367356652e-107 3.185700805521e-01 4.955269050152e-01
29 2 1.133198862265e-193 -1.289208139975e-75 -4.071326863972e-98 -8.352662508882e-97 2.191521744151e-02 9.910538100305e-01
29 3 1.244631505460e-180 -7.966290898993e-66 2.024981320770e-90 -3.630646747036e-90 -3.178877594683e-01 1.486580715046e+00
29 4 8.349631330831e-171 -2.507179364718e-59 4.533996459502e-85 -2.323746843017e-86 -4.419127148414e-02 1.982107620061e+00
29 5 6.338780321291e-162 -4.463193855195e-54 3.661786037167e-81 1.520133995420e-80 3.164423969877e-01 2.477634525076e+00
29 6 2.825415815244e-154 -3.788042275392e-50 -1.247748288615e-76 1.113544145961e-77 6.720292030795e-02 2.973161430091e+00
29 7 1.237186505999e-146 -1.540724101961e-46 3.474952775494e-73 -9.025162332963e-73 -3.140632199190e-01 3.468688335107e+00
29 8 1.042876496405e-139 -9.628802172552e-44 1.395888965251e-69 2.889443713569e-69 -9.135413549325e-02 3.964215240122e+00
29 9 1.831880342525e-132 -5.931736657996e-41 -1.252274519133e-65 -8.491617311481e-66 3.104683618284e-01 4.459742145137e+00
29 10 1.004929751652e-125 -8.894537311714e-39 3.677340176208e-62 1.407619938520e-62 1.170962054849e-01 4.955269050152e+00
29 11 1.666970617249e-118 -1.826736753788e-36 -1.597217603528e-58 -7.488728081349e-59 -3.052265011771e-01 5.450795955168e+00
29 12 1.113078906761e-111 -1.137482514941e-34 3.361902948377e-55 3.664204473469e-55 -1.449501813660e-01 5.946322860183e+00
29 13 2.859328112423e-104 -1.161805032667e-32 -3.649845791169e-53 -2.730195332002e-51 2.976900714247e-01 6.441849765198e+00
29 14 0.000000000000e+00 -4.035194423025e-31 0.000000000000e+00 0.000000000000e+00 1.755350878702e-01 6.937376670213e+00
29 15 0.000000000000e+00 -2.577541647801e-29 0.000000000000e+00 0.000000000000e+00 -2.868782935797e-01 7.432903575228e+00
29 16 0.000000000000e+00 -5.943106102368e-28 0.000000000000e+00 0.000000000000e+00 -2.096022585461e-01 7.928430480244e+00
29 17 0.000000000000e+00 -2.740831181310e-26 0.000000000000e+00 0.000000000000e+00 2.712656292769e-01 8.423957385259e+00
29 18 0.000000000000e+00 -4.678317493852e-25 0.000000000000e+00 0.000000000000e+00 2.480715267669e-01 8.919484290274e+00
29 19 0.000000000000e+00 -1.717130702678e-23 0.000000000000e+00 0.000000000000e+00 -2.483785772304e-01 9.415011195289e+00
29 20 0.000000000000e+00 -2.326945749610e-22 0.000000000000e+00 0.000000000000e+00 -2.920475386613e-01 9.910538100305e+00
29 21 0.000000000000e+00 -7.307333714521e-21 0.000000000000e+00 0.000000000000e+00 2.139678075892e-01 1.040606500532e+01
29 22 0.000000000000e+00 -8.207049706577e-20 0.000000000000e+00 0.000000000000e+00 3.427281678840e-01 1.090159191034e+01
29 23 0.000000000000e+00 -2.344608821132e-18 0.000000000000e+00 0.000000000000e+00 -1.601196857214e-01 1.139711881535e+01
29 24 0.000000000000e+00 -2.222409617903e-17 0.000000000000e+00 0.000000000000e+00 -4.008408702478e-01 1.189264572037e+01
29 25 0.000000000000e+00 -6.167863263045e-16 0.000000000000e+00 0.000000000000e+00 7.020524501818e-02 1.238817262538e+01
29 26 0.000000000000e+00 -4.828319903615e-15 0.000000000000e+00 0.000000000000e+00 4.638491519586e-01 1.288369953040e+01
29 27 0.000000000000e+00 -1.447905919057e-13 0.000000000000e+00 0.000000000000e+00 9.901899406810e-02 1.337922643541e+01
29 28 1.060594368806e-08 -8.014812772167e-13 2.108712277060e-03 -2.895159107040e-03 -5.088373625890e-01 1.387475334043e+01
29 29 2.391625575026e-06 -3.862455600934e-11 -3.725180122874e-02 -4.141809711152e-02 -5.504666869651e-01 1.437028024544e+01
30 1 1.073586681295e-221 -2.266839205642e-96 -5.138840593803e-113 -4.069500523894e-111 1.057364754353e-02 4.955269050152e-01
30 2 6.783215226632e-201 -1.113103766299e-78 -2.489984282621e-101 -2.030788774260e-100 -3.183169146467e-01 9.910538100305e-01
30 3 5.681459007302e-188 -6.903063503517e-69 3.401065379824e-94 -8.204986655988e-94 -3.188323137301e-02 1.486580715046e+00
30 4 1.746777982702e-177 -8.221088894368e-62 2.029160406529e-88 -4.409551096736e-89 3.173389383113e-01 1.982107620061e+00
30 5 6.723548252687e-169 -1.012164257195e-56 2.221315210149e-84 4.582441064712e-84 5.368548175848e-02 2.477634525076e+00
30 6 1.077791574157e-160 -2.627834312293e-52 -7.235867069050e-80 2.739394901445e-80 -3.155893606263e-01 2.973161430091e+00
30 7 1.989385133311e-153 -6.383327181470e-49 1.154669668206e-77 -3.876341750046e-76 -7.632871339375e-02 3.468688335107e+00
30 8 5.308620414898e-146 -1.108257328345e-45 1.735464646948e-72 1.493287895822e-72 3.128749806617e-01 3.964215240122e+00
30 9 3.465000642853e-139 -3.756305903478e-43 -6.545050927134e-69 -6.810162024788e-70 1.001929499237e-01 4.459742145137e+00
30 10 5.516017627847e-132 -1.485829462023e-40 2.847386552381e-65 -6.345031768835e-66 -3.088943687668e-01 4.955269050152e+00
30 11 3.048697333920e-125 -1.587960040743e-38 -7.304588105429e-62 1.885822622350e-62 -1.257065006329e-01 5.450795955168e+00
30 12 5.504104297189e-118 -2.534899541640e-36 3.496482514789e-58 5.326464321263e-60 3.031977913596e-01 5.946322860183e+00
30 13 4.217555273197e-111 -1.289550939364e-34 -8.646557381200e-55 -5.933288169838e-55 1.533665507470e-01 6.441849765198e+00
30 14 0.000000000000e+00 -1.132798375556e-32 0.000000000000e+00 0.000000000000e+00 -2.951188628087e-01 6.937376670213e+00
30 15 0.000000000000e+00 -3.465123621398e-31 0.000000000000e+00 0.000000000000e+00 -1.837647298021e-01 7.432903575228e+00
30 16 0.000000000000e+00 -2.017869147387e-29 0.000000000000e+00 0.000000000000e+00 2.836561733353e-01 7.928430480244e+00
30 17 0.000000000000e+00 -4.282145899408e-28 0.000000000000e+00 0.000000000000e+00 2.176172490007e-01 8.423957385259e+00
30 18 0.000000000000e+00 -1.865729315775e-26 0.000000000000e+00 0.000000000000e+00 -2.672607490297e-01 8.919484290274e+00
30 19 0.000000000000e+00 -3.010761453364e-25 0.000000000000e+00 0.000000000000e+00 -2.557939049212e-01 9.415011195289e+00
30 20 0.000000000000e+00 -1.068232423895e-23 0.000000000000e+00 0.000000000000e+00 2.434332266673e-01 9.910538100305e+00
30 21 0.000000000000e+00 -1.391510263581e-22 0.000000000000e+00 0.000000000000e+00 2.993213540510e-01 1.040606500532e+01
30 22 0.000000000000e+00 -4.289954809894e-21 0.000000000000e+00 0.000000000000e+00 -2.079008745345e-01 1.090159191034e+01
30 23 0.000000000000e+00 -4.678268659283e-20 0.000000000000e+00 0.000000000000e+00 -3.492667304242e-01 1.139711881535e+01
30 24 0.000000000000e+00 -1.326717733784e-18 0.000000000000e+00 0.000000000000e+00 1.527490202930e-01 1.189264572037e+01
30 25 0.000000000000e+00 -1.227612614844e-17 0.000000000000e+00 0.000000000000e+00 4.061255517929e-01 1.238817262538e+01
30 26 0.000000000000e+00 -3.412181584022e-16 0.000000000000e+00 0.000000000000e+00 -6.144349031928e-02 1.288369953040e+01
30 27 0.000000000000e+00 -2.610886950616e-15 0.000000000000e+00 0.000000000000e+00 -4.669393402825e-01 1.337922643541e+01
30 28 0.000000000000e+00 -7.912807813726e-14 0.000000000000e+00 0.000000000000e+00 -1.087750894815e-01 1.387475334043e+01
30 29 8.392312859541e-09 -4.267495336895e-13 1.248266578244e-03 -3.054657289393e-03 5.081389151540e-01 1.437028024544e+01
30 30 1.872933818605e-06 -2.112227578497e-11 -4.265712239704e-02 -2.794645291753e-02 5.584119507323e-01 1.486580715046e+01
