2 1 1.822353642697e-15 -2.257717399261e-06 -3.797630449430e-08 3.757358219725e-08 2.768835531621e-01 4.992507493116e-01
2 2 3.892459420481e-04 -1.141094986588e-04 4.294610505904e-02 -2.437236464036e-02 9.269362202108e-02 9.985014986233e-01
3 1 2.054865502343e-24 -9.274568511920e-09 4.166770623033e-13 1.744846415076e-12 -3.421597327587e-01 4.992507493116e-01
3 2 3.797744101630e-14 -1.917212324326e-06 4.866500360250e-07 3.280907548941e-08 -3.414832055291e-01 9.985014986233e-01
3 3 3.767284738859e-04 -7.123198483549e-05 6.956370281176e-02 -2.169826930438e-02 -1.368986282126e-01 1.497752247935e+00
4 1 1.792809437212e-33 -3.435311198705e-11 3.801882369251e-17 3.690899454268e-17 -8.698573147912e-02 4.992507493116e-01
4 2 5.059579419123e-24 -2.085274506282e-08 -2.766748996770e-12 -4.903077703072e-12 3.139396638833e-01 9.985014986233e-01
4 3 5.283486693726e-12 -1.173842044547e-06 5.253056552100e-06 -6.846549600304e-06 3.816020224391e-01 1.497752247935e+00
4 4 2.937563184320e-04 -3.707893150573e-05 8.283223347166e-02 2.235201669632e-02 1.726592669856e-01 1.997002997247e+00
5 1 1.406426273747e-41 -1.227851593241e-13 4.227599757261e-21 2.037972553837e-21 3.265971511033e-01 4.992507493116e-01
5 2 2.519469976183e-33 -1.684281237995e-10 -1.255418689305e-16 4.704042661895e-18 1.433703971060e-01 9.985014986233e-01
5 3 4.481607570897e-23 -2.010136781609e-08 3.156456375759e-13 2.513116228254e-11 -2.880836184982e-01 1.497752247935e+00
5 4 1.125701717250e-09 -6.567390449646e-07 1.639242052170e-04 3.655266582213e-05 -4.100714095528e-01 1.997002997247e+00
5 5 2.197356005076e-04 -1.889011796894e-05 4.672478952409e-02 8.012458526483e-02 -2.036334632183e-01 2.496253746558e+00
6 1 2.104116072443e-50 -2.793123345845e-16 1.779968324992e-25 3.563039166037e-26 5.393350094273e-02 4.992507493116e-01
6 2 1.808616654118e-41 -1.585521772094e-12 -8.051263638574e-21 6.962439909669e-21 -3.179440297232e-01 9.985014986233e-01
6 3 6.543462131435e-33 -2.280277744527e-10 3.005703040134e-16 -4.343358138116e-17 -1.864237203003e-01 1.497752247935e+00
6 4 1.512069158655e-21 -1.488331915670e-08 1.795082271126e-10 -7.526905916675e-11 2.633444971672e-01 1.997002997247e+00
6 5 1.037055302113e-08 -3.550775322215e-07 -4.169743185689e-04 4.818334425888e-04 4.314537270324e-01 2.496253746558e+00
6 6 1.635592252251e-04 -9.699999963039e-06 -3.640957759503e-02 8.885775310315e-02 2.312553294525e-01 2.995504495870e+00
7 1 1.269024216957e-58 -7.331574960612e-19 1.409735290800e-29 7.436902166363e-32 -3.225715637851e-01 4.992507493116e-01
7 2 3.846166222553e-50 -9.066885616144e-15 -1.641418395499e-25 4.625964652871e-25 -9.467635997407e-02 9.985014986233e-01
7 3 2.320825179248e-41 -3.417691002421e-12 6.382759938458e-21 -1.692266910320e-20 3.082936370048e-01 1.497752247935e+00
7 4 4.663150378960e-32 -2.043425206692e-10 -1.036595974801e-15 -3.064906475694e-16 2.214299778012e-01 1.997002997247e+00
7 5 1.798045064802e-19 -9.805826121336e-09 -8.561194348807e-11 -2.651873180685e-09 -2.395703977390e-01 2.496253746558e+00
7 6 2.519769656405e-08 -1.891679411096e-07 -7.087301034890e-04 -9.582956728213e-04 -4.480214129236e-01 2.995504495870e+00
7 7 1.222510910107e-04 -5.044327448102e-06 -9.543741815704e-02 1.652472682993e-02 -2.562908902674e-01 3.494755245182e+00
8 1 1.606061587984e-67 -1.039121891290e-21 4.952406634236e-34 -7.912480042575e-35 -3.962020359526e-02 4.992507493116e-01
8 2 3.875863314259e-58 -6.707246780736e-17 2.995741463492e-30 4.918342422142e-29 3.183205887593e-01 9.985014986233e-01
8 3 3.591106415967e-50 -2.989207871176e-14 -3.041338274515e-25 -6.431663428610e-25 1.281101881517e-01 1.497752247935e+00
8 4 6.357282645342e-41 -4.069726882926e-12 -1.365770322826e-20 3.750255512116e-20 -2.978131840432e-01 1.997002997247e+00
8 5 8.933018491863e-31 -1.519000371473e-10 2.131628042235e-15 5.516428900605e-15 -2.508279902450e-01 2.496253746558e+00
8 6 6.396788968495e-17 -6.075110910821e-09 -1.380309532928e-08 -5.844604841837e-08 2.167543368969e-01 2.995504495870e+00
8 7 3.871987174872e-08 -1.001180682776e-07 1.439630980061e-03 -9.480338409460e-04 4.611094999679e-01 3.494755245182e+00
8 8 9.193339408131e-05 -2.654307037052e-06 -5.924445806579e-02 -7.552859735023e-02 2.792242205775e-01 3.994005994493e+00
9 1 6.705362027538e-76 -1.986127311603e-24 3.099462407308e-38 -9.458053689296e-39 3.209164882684e-01 4.992507493116e-01
9 2 9.992956146538e-67 -2.616049387911e-19 9.727561452388e-34 2.305146775664e-33 7.165366969130e-02 9.985014986233e-01
9 3 3.169746180476e-58 -3.701710956754e-16 -5.859488268393e-29 -3.216120252394e-29 -3.131972452225e-01 1.497752247935e+00
9 4 5.454167688405e-50 -4.547298065924e-14 8.097617785215e-25 8.431859564788e-25 -1.567067217000e-01 1.997002997247e+00
9 5 3.976092905985e-40 -3.683093378865e-12 8.482610318935e-20 -9.149782619229e-20 2.867350745784e-01 2.496253746558e+00
9 6 4.375100820034e-29 -1.020835692640e-10 4.262232831648e-14 -2.549488474408e-14 2.760093032702e-01 2.995504495870e+00
9 7 2.365758727813e-14 -3.630384801438e-09 1.171225588919e-06 -6.660921668736e-07 -1.948939236388e-01 3.494755245182e+00
9 8 4.768288318464e-08 -5.284263112512e-08 1.270533790041e-03 1.779043132507e-03 -4.715813296559e-01 3.994005994493e+00
9 9 6.954979092673e-05 -1.410426556392e-06 4.178709842728e-02 -8.412175974644e-02 -3.003943721444e-01 4.493256743805e+00
10 1 6.581377034845e-85 -1.913303661998e-27 9.277479926601e-43 -4.122959743113e-43 3.146583573874e-02 4.992507493116e-01
10 2 9.160292982395e-75 -1.471907739537e-21 1.516382654699e-37 1.854434930985e-37 -3.183761074464e-01 9.985014986233e-01
10 3 8.594842107651e-67 -2.374412353832e-18 -3.479686731318e-33 7.786998555484e-35 -9.892591799368e-02 1.497752247935e+00
10 4 3.251131286725e-58 -7.731016276479e-16 9.007319958043e-29 -5.773452405161e-30 3.073609249252e-01 1.997002997247e+00
10 5 1.619399409059e-49 -4.820593000803e-14 -1.647751392232e-24 -1.904005570172e-24 1.817543022418e-01 2.496253746558e+00
10 6 5.511811248658e-39 -2.867376430404e-12 -5.568083056607e-19 2.677072639401e-20 -2.752635600708e-01 2.995504495870e+00
10 7 5.253000630314e-27 -6.457012943311e-11 -1.081487495581e-13 -6.256287431273e-13 -2.978725109841e-01 3.494755245182e+00
10 8 9.472667584726e-13 -2.120616892981e-09 -1.701488696601e-06 9.594237229085e-06 1.739718575461e-01 3.994005994493e+00
10 9 5.173591770086e-08 -2.786787448668e-08 -1.937386730416e-03 1.676130409043e-03 4.800308402453e-01 4.493256743805e+00
10 10 5.289856345162e-05 -7.553596709053e-07 9.088754056559e-02 4.884424792183e-03 3.200550211189e-01 4.992507493116e+00
11 1 1.954349941159e-93 -2.770175346558e-30 4.785374285710e-47 -2.776169027740e-47 -3.200715140748e-01 4.992507493116e-01
11 2 2.206182879633e-83 -4.091757246632e-24 9.475611287033e-42 6.958176530046e-42 -5.794110687485e-02 9.985014986233e-01
11 3 9.091514918740e-75 -2.335676491210e-20 -3.197646668060e-37 1.609158516817e-37 3.151646065098e-01 1.497752247935e+00
11 4 7.053730825375e-67 -6.683311030909e-18 2.970660582702e-33 -2.974902344062e-33 1.228579139827e-01 1.997002997247e+00
11 5 5.656993056435e-58 -1.019233935409e-15 -1.432312530821e-28 4.041335865032e-29 -3.009494540895e-01 2.496253746558e+00
11 6 9.520496782915e-49 -4.187213975877e-14 2.374873291258e-24 6.930792793246e-24 -2.040285505367e-01 2.995504495870e+00
11 7 1.629356343842e-37 -2.036486896810e-12 1.612787722421e-18 3.146800701060e-18 2.635599011148e-01 3.494755245182e+00
11 8 1.452196164783e-24 -3.927246239881e-11 -7.897598074355e-12 -9.120384859554e-12 3.170450651624e-01 3.994005994493e+00
11 9 6.650717962105e-12 -1.220089156113e-09 -2.027759703385e-05 -2.079629017993e-05 -1.539578212868e-01 4.493256743805e+00
11 10 5.181234214879e-08 -1.469981265556e-08 -2.123850756887e-03 -1.898301432776e-03 -4.868845721612e-01 4.992507493116e+00
11 11 4.042081780125e-05 -4.070499851491e-07 2.792269883856e-02 8.294548087748e-02 -3.384044759424e-01 5.491758242428e+00
12 1 1.487330288130e-102 -1.947131635821e-33 1.239310657054e-51 -8.907330818172e-52 -2.615239825147e-02 4.992507493116e-01
12 2 1.674763578111e-91 -1.781012926763e-26 9.388991099569e-46 4.093923741562e-46 3.183779933453e-01 9.985014986233e-01
12 3 2.809855198871e-83 -1.122051915885e-22 -1.305324171854e-41 1.502189011201e-41 8.102643267111e-02 1.497752247935e+00
12 4 6.600076192759e-75 -9.333001345849e-20 7.034960325014e-38 -4.005398561093e-37 -3.114068335573e-01 1.997002997247e+00
12 5 8.460567541064e-67 -1.074546298205e-17 -2.041016339926e-33 5.381386799122e-33 -1.442633766327e-01 2.496253746558e+00
12 6 1.773446010347e-57 -1.040060563816e-15 3.111354980879e-28 -5.639484918158e-29 2.940829979161e-01 2.995504495870e+00
12 7 1.082423708334e-47 -3.219394373680e-14 1.021533073061e-23 -2.694963664980e-23 2.240453861141e-01 3.494755245182e+00
12 8 9.951072969202e-36 -1.361818282938e-12 2.749894058521e-17 -1.553072142942e-17 -2.517467973118e-01 3.994005994493e+00
12 9 7.298109960511e-22 -2.325633298484e-11 -1.073532659410e-10 -2.847004230187e-10 -3.339887541117e-01 4.493256743805e+00
12 10 2.126557279546e-11 -6.946420525095e-10 5.432699971003e-05 -1.946694173046e-05 1.348131742940e-01 4.992507493116e+00
12 11 4.915161795115e-08 -7.759659213523e-09 1.666817484338e-03 -2.556523255711e-03 4.924586884731e-01 5.491758242428e+00
12 12 3.100927796113e-05 -2.204250069010e-07 -6.501396873048e-02 5.259573827945e-02 3.556025234870e-01 5.991008991740e+00
13 1 3.265199129719e-111 -2.223458439170e-36 5.416456531561e-56 -4.668835695441e-56 3.195810089605e-01 4.992507493116e-01
13 2 3.496374677098e-100 -3.691834943034e-29 4.576834591476e-50 9.773255498288e-51 4.875196507034e-02 9.985014986233e-01
13 3 2.889591025365e-91 -8.811286158777e-25 -7.338036815325e-46 1.879989751196e-45 -3.161626278110e-01 1.497752247935e+00
13 4 1.993227061261e-83 -6.291947247231e-22 -7.866259327440e-42 -2.091827749057e-41 -1.016266000764e-01 1.997002997247e+00
13 5 6.062961645480e-75 -1.913878761470e-19 2.009354550000e-37 4.438511719825e-37 3.071928392813e-01 2.496253746558e+00
13 6 1.661337456376e-66 -1.262265563052e-17 2.219365604006e-33 -9.420163992568e-33 1.636563237206e-01 2.995504495870e+00
13 7 9.986888649424e-57 -9.062475948006e-16 -8.588830261224e-28 -1.694076981840e-28 -2.868635355385e-01 3.494755245182e+00
13 8 2.314273994411e-46 -2.284363381461e-14 -1.488056396473e-22 3.244728872613e-23 -2.421730578146e-01 3.994005994493e+00
13 9 1.222842262476e-33 -8.734880466663e-13 -5.112917853719e-17 -3.905221975837e-16 2.399162066017e-01 4.493256743805e+00
13 10 2.640779395532e-19 -1.351324216112e-11 5.856111331993e-09 -2.657630443193e-09 3.490563649072e-01 4.992507493116e+00
13 11 4.510138188154e-11 -3.925251344613e-10 5.575455732766e-06 9.227945476091e-05 -1.164948738161e-01 5.491758242428e+00
13 12 4.486710359555e-08 -4.100324650025e-09 2.917312209226e-03 1.267910225996e-03 -4.969933151210e-01 5.991008991740e+00
13 13 2.387013065188e-05 -1.198238877991e-07 -6.761148878352e-02 -4.178975934108e-02 -3.717807378961e-01 6.490259741051e+00
14 1 1.959825845712e-120 -1.204047395226e-39 1.229724669784e-60 -1.247816156448e-60 2.239919978442e-02 4.992507493116e-01
14 2 2.158583539595e-108 -1.274300900693e-31 3.675733421147e-54 1.055793027640e-55 -3.183698035293e-01 9.985014986233e-01
14 3 8.755807067330e-100 -3.264890598555e-27 -6.975896127975e-51 1.108715370308e-49 -6.880060446117e-02 1.497752247935e+00
14 4 2.127432466645e-91 -7.206404062331e-24 -1.703732913321e-45 -1.558237050793e-45 3.135220458294e-01 1.997002997247e+00
14 5 1.540763389634e-83 -1.625509499606e-21 2.200475938196e-41 1.091031333323e-41 1.202993207949e-01 2.496253746558e+00
14 6 8.326622374752e-75 -2.692325926839e-19 -4.640031564917e-37 -5.041332803621e-37 -3.025968388395e-01 2.995504495870e+00
14 7 5.463913765138e-66 -1.220851747110e-17 -7.213480443250e-33 1.916398542209e-32 -1.813868954275e-01 3.494755245182e+00
14 8 9.906681979409e-56 -7.112825141299e-16 2.123974661380e-27 2.327700368975e-27 2.793759626046e-01 3.994005994493e+00
14 9 9.082396143832e-45 -1.533115092919e-14 5.016369557907e-22 9.489435165064e-22 2.586881373520e-01 4.493256743805e+00
14 10 2.916729126907e-31 -5.436907897093e-13 -4.938979417667e-15 -4.613583094577e-15 -2.281365038748e-01 4.992507493116e+00
14 11 1.714602992765e-17 -7.743680401160e-12 -1.532448148201e-08 5.490249656828e-08 -3.625249750127e-01 5.491758242428e+00
14 12 7.483407488528e-11 -2.205853050951e-10 -1.289683304206e-04 -1.560596913080e-05 9.895821451418e-02 5.991008991740e+00
14 13 3.981118987345e-08 -2.169187376962e-09 -7.422881952059e-04 3.160034659650e-03 5.006744094906e-01 6.490259741051e+00
14 14 1.842826382486e-05 -6.533459852049e-08 1.727510964493e-02 -7.319973433790e-02 3.870492342102e-01 6.989510490363e+00
15 1 3.292718656524e-129 -1.122772232789e-42 4.644008773988e-65 -5.477243081392e-65 -3.192706910373e-01 4.992507493116e-01
15 2 3.824405956781e-117 -2.045811167927e-34 1.533049860477e-58 -2.133237548166e-59 -4.213220131624e-02 9.985014986233e-01
15 3 8.122914158345e-108 -2.078497944035e-29 2.302402914365e-54 1.044940341001e-53 3.167432939415e-01 1.497752247935e+00
15 4 7.143458482498e-100 -3.861872598603e-26 -1.270780780674e-49 -4.184334092666e-50 8.691329366558e-02 1.997002997247e+00
15 5 1.474968831556e-91 -2.427381196831e-23 2.378546547560e-45 -3.425772749986e-46 -3.105212358131e-01 2.496253746558e+00
15 6 1.620435821744e-83 -2.702779062119e-21 -3.022048459597e-41 5.594473157132e-43 -1.374132100260e-01 2.995504495870e+00
15 7 1.796552618953e-74 -2.994815304462e-19 8.549184200812e-37 8.048368315223e-37 2.976823852815e-01 3.494755245182e+00
15 8 2.990183313370e-65 -1.037874341771e-17 3.645042445799e-32 -4.084634965451e-32 1.977079532340e-01 3.994005994493e+00
15 9 1.693762288650e-54 -5.190303329063e-16 2.217668949229e-27 -1.448936029623e-26 -2.716901950468e-01 4.493256743805e+00
15 10 6.416320938975e-43 -9.883633279718e-15 9.084428602363e-21 -4.237765590090e-21 -2.738062920155e-01 4.992507493116e+00
15 11 1.230218992485e-28 -3.309343376137e-13 -1.182988595425e-13 -9.652812820741e-14 2.164581978208e-01 5.491758242428e+00
15 12 2.309985426198e-16 -4.391435376197e-12 -1.179785158802e-07 -1.953848286763e-07 3.746168846139e-01 5.991008991740e+00
15 13 1.057543190362e-10 -1.234483561132e-10 3.758459670337e-05 -1.630256085985e-04 -8.215860880282e-02 6.490259741051e+00
15 14 3.457376088380e-08 -1.148950002290e-09 -3.254666838902e-03 -1.403576387036e-04 -5.036483000493e-01 6.989510490363e+00
15 15 1.426278446145e-05 -3.570955906114e-08 7.067970422223e-02 -5.492478609545e-03 -4.015013371308e-01 7.488761239675e+00
16 1 1.589392981242e-138 -4.886010821676e-46 9.339473294400e-70 -1.271565294718e-69 -1.960034829668e-02 4.992507493116e-01
16 2 1.927576432424e-125 -5.734864379517e-37 1.052381927674e-62 -3.162233803473e-63 3.183607474059e-01 9.985014986233e-01
16 3 2.269169352776e-116 -6.104724464903e-32 2.578631441220e-58 5.033310562636e-58 5.987031936473e-02 1.497752247935e+00
16 4 7.641622641358e-108 -3.661995961853e-28 -1.380934217297e-53 8.842147187227e-55 -3.147768279703e-01 1.997002997247e+00
16 5 4.726514635967e-100 -1.681146286604e-25 1.054231099253e-49 -8.597302992452e-50 -1.034916129049e-01 2.496253746558e+00
16 6 1.269496731605e-91 -4.920106597284e-23 -1.936882712928e-45 1.845486763226e-45 3.072108942201e-01 2.995504495870e+00
16 7 2.507567569456e-83 -3.410676985928e-21 4.240302218398e-41 -1.123627456541e-41 1.532261855882e-01 3.494755245182e+00
16 8 6.137602055509e-74 -2.848482625521e-19 -1.523984988127e-36 -1.956829607907e-36 -2.925042621805e-01 3.994005994493e+00
16 9 2.681179431867e-64 -8.062685145459e-18 -1.788822204321e-31 4.486470413630e-32 -2.128106094136e-01 4.493256743805e+00
16 10 4.894893403777e-53 -3.592371880530e-16 -8.433350977640e-26 2.353111540058e-26 2.638634984739e-01 4.992507493116e+00
16 11 8.017602326953e-41 -6.183445078780e-15 -4.327133728048e-21 -1.231844311926e-19 2.877005314650e-01 5.491758242428e+00
16 12 6.796375519163e-26 -1.980249651544e-13 -5.661316684250e-13 -3.873821845856e-12 -2.049182949253e-01 5.991008991740e+00
16 13 1.276008108326e-15 -2.470550631395e-12 5.796404548542e-07 4.168297467081e-08 -3.855134875029e-01 6.490259741051e+00
16 14 1.336576817406e-10 -6.886781408449e-11 1.948176157834e-04 5.543343319296e-05 6.605268779502e-02 6.989510490363e+00
16 15 2.952864962690e-08 -6.093001210251e-10 -4.842598494746e-04 -3.189125978732e-03 5.060316891734e-01 7.488761239675e+00
16 16 1.106284231400e-05 -1.955467055743e-08 2.447695318334e-02 6.193697640645e-02 4.152169475406e-01 7.988011988986e+00
17 1 2.103464987611e-147 -3.830257321701e-49 3.089959664079e-74 -4.836770603964e-74 3.190618092217e-01 4.992507493116e-01
17 2 2.891165410357e-134 -7.355559168972e-40 3.859692714145e-67 -1.792790637506e-67 3.712248557047e-02 9.985014986233e-01
17 3 1.846533136542e-124 -3.204477954265e-34 3.323085897441e-62 3.870874578573e-62 -3.171129661129e-01 1.497752247935e+00
17 4 2.577974654746e-116 -1.591245016308e-30 -7.358987150500e-58 3.231538815554e-58 -7.605164939530e-02 1.997002997247e+00
17 5 5.035698460932e-108 -2.116506541708e-27 5.443827925863e-54 -1.294310382224e-53 3.125201766429e-01 2.496253746558e+00
17 6 3.532615028607e-100 -4.115140427406e-25 -2.039811812190e-50 1.396444037755e-49 1.188117508873e-01 2.995504495870e+00
17 7 1.509483365416e-91 -7.244532254370e-23 1.396466265643e-45 -3.103777279990e-45 -3.036336053266e-01 3.494755245182e+00
17 8 5.848154519478e-83 -3.578559958599e-21 -7.348906717832e-41 2.146989496593e-41 -1.679273514940e-01 3.994005994493e+00
17 9 3.294819083587e-73 -2.427558653551e-19 1.891436401493e-36 6.182102432794e-36 2.871096218677e-01 4.493256743805e+00
17 10 3.873043896733e-63 -5.866258000052e-18 6.546938227865e-31 4.218179380935e-31 2.268445517729e-01 4.992507493116e+00
17 11 2.352784682320e-51 -2.389845893587e-16 2.806219314068e-25 6.058855760793e-25 -2.559426593391e-01 5.491758242428e+00
17 12 1.730992773059e-38 -3.780704837677e-15 -1.422469039742e-18 -1.371229205920e-18 -3.005127153136e-01 5.991008991740e+00
17 13 2.235307606015e-23 -1.169269922173e-13 7.680465133833e-11 -4.150269369471e-12 1.935435809921e-01 6.490259741051e+00
17 14 4.206801814036e-15 -1.381254027760e-12 -5.913279317880e-07 9.703742582372e-07 3.953648521763e-01 6.989510490363e+00
17 15 1.557308688933e-10 -3.832441635051e-11 -6.596469857453e-05 2.247746871892e-04 -5.059894487266e-02 7.488761239675e+00
17 16 2.488915135054e-08 -3.235013475466e-10 2.968309740708e-03 -1.080595120893e-03 -5.079187282633e-01 7.988011988986e+00
17 17 8.597008256444e-06 -1.072433522008e-08 -4.903795153547e-02 3.855244141422e-02 -4.282650516641e-01 8.487262738298e+00
18 1 8.316115188532e-157 -1.384969091680e-52 5.545043784789e-79 -9.974493408680e-79 1.742985556030e-02 4.992507493116e-01
18 2 1.202195703483e-142 -1.710404436543e-42 2.313431656272e-71 -1.476154163329e-71 -3.183528248758e-01 9.985014986233e-01
18 3 4.632251571466e-133 -7.638444657442e-37 2.046133241669e-66 1.530496131115e-66 -5.303922087995e-02 1.497752247935e+00
18 4 2.604990858171e-124 -1.264539179151e-32 -5.991919621732e-62 5.419537995197e-62 3.155868116658e-01 1.997002997247e+00
18 5 1.768174705373e-116 -1.212726691370e-29 -4.034423832602e-59 -8.310556452567e-58 9.097570035548e-02 2.496253746558e+00
18 6 3.417484710975e-108 -6.413175437570e-27 6.090461573884e-54 1.247324080885e-53 -3.100107923759e-01 2.995504495870e+00
18 7 3.418016495997e-100 -7.000446914142e-25 -5.864910352364e-50 -1.509623603084e-49 -1.330721929486e-01 3.494755245182e+00
18 8 2.581761675392e-91 -8.605417664735e-23 -1.227905461699e-45 4.936518960359e-45 2.998262731082e-01 3.994005994493e+00
18 9 2.059356783663e-82 -3.297679725660e-21 1.606485518894e-40 -1.776787568792e-41 1.816607947316e-01 4.493256743805e+00
18 10 2.743962150319e-72 -1.909658812494e-19 5.516119229287e-36 -1.998254724005e-35 -2.815389424579e-01 4.992507493116e+00
18 11 8.874116057756e-62 -4.063509322431e-18 1.633965929155e-31 -4.097499098923e-30 -2.399303739363e-01 5.491758242428e+00
18 12 1.855739192168e-49 -1.542188245254e-16 6.143916089546e-24 -2.025443002573e-24 2.479658628189e-01 5.991008991740e+00
18 13 6.146473939035e-36 -2.270480166742e-15 -3.585286248947e-17 -1.847584676336e-17 3.123611867681e-01 6.490259741051e+00
18 14 1.802043423111e-21 -6.831476716307e-14 -4.413079501708e-10 5.986583749755e-10 -1.823530815983e-01 6.989510490363e+00
18 15 1.000824233037e-14 -7.684424412506e-13 -1.152587478780e-06 -1.482617231910e-06 -4.042965646250e-01 7.488761239675e+00
18 16 1.706606664007e-10 -2.128574883762e-11 -2.527399323974e-04 -6.740721169933e-05 3.575807889778e-02 7.988011988986e+00
18 17 2.075727304621e-08 -1.719560250811e-10 1.604944925814e-03 2.611303664524e-03 5.093861384401e-01 8.487262738298e+00
18 18 6.691772976670e-06 -5.888555245575e-09 -4.734932164033e-02 -3.396380618665e-02 4.407056407655e-01 8.986513487610e+00
19 1 8.878703099731e-166 -9.350480818427e-56 1.621667306134e-83 -3.357836000744e-83 -3.189144462897e-01 4.992507493116e-01
19 2 1.533606308732e-151 -1.797965526715e-45 7.541186651263e-76 -6.261090763799e-76 -3.319255214355e-02 9.985014986233e-01
19 3 3.276551432465e-141 -3.359386441762e-39 1.945943771432e-70 9.118915755311e-71 3.173637958264e-01 1.497752247935e+00
19 4 8.397491281287e-133 -4.537083752708e-35 -2.347591727480e-66 3.940914324644e-66 6.767408833047e-02 1.997002997247e+00
19 5 1.916985284957e-124 -1.298604234337e-31 -3.835866748459e-62 -7.767915917844e-62 -3.138217692644e-01 2.496253746558e+00
19 6 1.136389459046e-116 -4.516036607407e-29 6.740785745931e-58 4.316326053791e-58 -1.048555899256e-01 2.995504495870e+00
19 7 2.817918495787e-108 -1.289529686429e-26 -1.300374955843e-53 -6.866249543191e-54 3.072793432697e-01 3.494755245182e+00
19 8 4.535220334964e-100 -9.317321798308e-25 1.347635796075e-49 1.652127275660e-49 1.464210241948e-01 3.994005994493e+00
19 9 6.426744622941e-91 -8.784603641744e-23 2.283282902560e-45 -8.735679848517e-45 -2.958212533362e-01 4.493256743805e+00
19 10 1.087082360448e-81 -2.763914755626e-21 -3.995729788293e-40 -1.029006926728e-40 -1.945398351406e-01 4.992507493116e+00
19 11 3.496913138730e-71 -1.414462151129e-19 -6.985724509916e-35 4.179134072167e-35 2.758269046058e-01 5.491758242428e+00
19 12 3.182344128237e-60 -2.710312269344e-18 -2.582335707914e-29 7.129361816953e-30 2.521674392239e-01 5.991008991740e+00
19 13 2.371123552477e-47 -9.716772219980e-17 7.709674463570e-24 -7.884290465712e-23 -2.399642594665e-01 6.490259741051e+00
19 14 3.159396861264e-33 -1.344172483046e-15 -7.035623517791e-16 -6.890498759521e-16 -3.233460524269e-01 6.989510490363e+00
19 15 3.749252539634e-20 -3.957369736807e-14 -4.930780136118e-10 -3.601130791561e-09 1.713599114761e-01 7.488761239675e+00
19 16 1.908254817116e-14 -4.258274080653e-13 2.561636995822e-06 -1.043352014620e-06 4.124147509015e-01 7.988011988986e+00
19 17 1.783461734502e-10 -1.180391204604e-11 5.910289607417e-05 -2.778964550525e-04 -2.149314346231e-02 8.487262738298e+00
19 18 1.716235217390e-08 -9.150258592337e-11 -2.147563189292e-03 2.023953507078e-03 -5.104969892370e-01 8.986513487610e+00
19 19 5.216259401840e-06 -3.236368274139e-09 1.844218918460e-02 -5.107784544174e-02 -4.525912106123e-01 9.485764236921e+00
20 1 2.922132210542e-175 -2.885909321715e-59 2.606429055620e-88 -6.242580516647e-88 -1.569594621319e-02 4.992507493116e-01
20 2 5.325103056323e-160 -3.532589828546e-48 3.980878154719e-80 -4.184616834799e-80 3.183462923568e-01 9.985014986233e-01
20 3 7.304000004796e-150 -6.630814090562e-42 9.838569219707e-75 2.480159485636e-75 4.763410465660e-02 1.497752247935e+00
20 4 7.790012351354e-141 -3.059094587090e-37 -1.135024241043e-70 4.269838850159e-70 -3.161422659490e-01 1.997002997247e+00
20 5 6.851476290168e-133 -6.243140576868e-34 -3.852413637735e-66 -3.461793999962e-66 -8.125665365225e-02 2.496253746558e+00
20 6 1.204732460759e-124 -6.064211740128e-31 8.222646756030e-62 5.568440095600e-63 3.118470201503e-01 2.995504495870e+00
20 7 8.314660095095e-117 -1.065174844731e-28 -7.879003575305e-58 1.314066536860e-58 1.178483256722e-01 3.494755245182e+00
20 8 3.042190024293e-108 -1.964410966539e-26 1.743805838644e-53 9.124250299676e-55 -3.043521562570e-01 3.994005994493e+00
20 9 8.439169420611e-100 -1.042435878549e-24 -2.377630849509e-49 -2.247721174521e-49 -1.589723137384e-01 4.493256743805e+00
20 10 2.325828881425e-90 -8.025131297207e-23 -8.234962151963e-45 1.721719024126e-44 2.916470191984e-01 4.992507493116e+00
20 11 8.512432710867e-81 -2.156830126643e-21 8.895730531232e-40 9.064996137569e-40 2.066559555501e-01 5.491758242428e+00
20 12 6.732490522271e-70 -1.000126012226e-19 3.562165410418e-34 1.579210766540e-34 -2.700031894190e-01 5.991008991740e+00
20 13 1.766245964167e-58 -1.754806723180e-18 7.366202854588e-29 2.032758296272e-28 -2.636391158070e-01 6.490259741051e+00
20 14 4.825947300717e-45 -6.006260283062e-17 -8.036356575870e-22 -9.140644828106e-22 2.319632492447e-01 6.989510490363e+00
20 15 1.692539956082e-30 -7.866364443185e-16 5.502669499980e-15 -2.379332226895e-14 3.335529632514e-01 7.488761239675e+00
20 16 3.201867532660e-19 -2.276494109464e-14 9.492258604794e-09 6.185965624038e-09 -1.605726712360e-01 7.988011988986e+00
20 17 3.105858735603e-14 -2.352163292826e-13 6.816154718587e-07 3.686805776043e-06 -4.198098482280e-01 8.487262738298e+00
20 18 1.794935764454e-10 -6.537560759619e-12 2.989515891895e-04 4.129741767166e-05 7.769573154837e-03 8.986513487610e+00
20 19 1.408925673966e-08 -4.874169291840e-11 -2.316152945758e-03 -1.612739134601e-03 5.113035338543e-01 9.485764236921e+00
20 20 4.071226762006e-06 -1.780048748646e-09 5.035375419089e-02 3.855644013691e-03 4.639679527339e-01 9.985014986233e+00
21 1 2.567232488399e-184 -1.712243022088e-62 6.762826648473e-93 -1.887634623519e-92 3.188065805337e-01 4.992507493116e-01
21 2 5.819529137047e-169 -3.108872302054e-51 1.154639628534e-84 -1.520649515371e-84 3.002388459587e-02 9.985014986233e-01
21 3 4.487687851215e-158 -2.478954097358e-44 7.935182684023e-79 5.348563078912e-80 -3.175422699921e-01 1.497752247935e+00
21 4 2.338097399556e-149 -9.209326510928e-40 1.531213569634e-78 2.420471368998e-74 -6.100040935707e-02 1.997002997247e+00
21 5 7.207750202343e-141 -5.740810242071e-36 -4.935788927761e-70 -1.964176840590e-70 3.147202842929e-01 2.496253746558e+00
21 6 4.344748782062e-133 -3.634723963457e-33 4.564468519243e-66 -1.913380413833e-66 9.395506603829e-02 2.995504495870e+00
21 7 8.086278477345e-125 -1.709766995109e-30 -5.698496109694e-62 5.438753867704e-62 -3.096859568217e-01 3.494755245182e+00
21 8 7.595450837356e-117 -1.842395833974e-28 6.635544532377e-58 -5.665569344733e-58 -1.300731418338e-01 3.994005994493e+00
21 9 4.444988469506e-108 -2.457347784059e-26 -2.326353077135e-53 4.761337098223e-54 3.012523808921e-01 4.493256743805e+00
21 10 2.214998807531e-99 -1.026672417251e-24 4.105120820375e-49 4.223376146966e-49 1.708163569937e-01 4.992507493116e+00
21 11 1.215507337268e-89 -6.741700179680e-23 3.464174426099e-44 -3.321598044829e-44 -2.873286469873e-01 5.491758242428e+00
21 12 9.778263885500e-80 -1.592735926370e-21 -2.688294863255e-40 -4.688219790675e-39 -2.180846252402e-01 5.991008991740e+00
21 13 1.936140617391e-68 -6.817515807945e-20 -4.310741705120e-36 -2.263704180073e-33 2.640931887173e-01 6.490259741051e+00
21 14 1.502439363782e-56 -1.109454827309e-18 2.111974924291e-27 -3.890509525079e-28 2.744163932896e-01 6.989510490363e+00
21 15 1.517178483189e-42 -3.655477084762e-17 -2.112231233362e-20 -9.405170173402e-21 -2.239835253482e-01 7.488761239675e+00
21 16 4.957099265402e-28 -4.560186915969e-16 4.055637833509e-13 1.850887399876e-13 -3.430559021514e-01 7.988011988986e+00
21 17 1.554513462808e-18 -1.302019993530e-14 -2.446510430149e-08 1.024853443261e-08 1.499965082245e-01 8.487262738298e+00
21 18 4.493507984762e-14 -1.295888000623e-13 -4.772098391563e-06 1.666117805936e-07 4.265594912088e-01 8.986513487610e+00
21 19 1.752428074145e-10 -3.617077770739e-12 -1.498690289310e-05 3.144050562568e-04 5.444866339625e-03 9.485764236921e+00
21 20 1.149795718618e-08 -2.598934649450e-11 1.044660379735e-03 -2.472130459307e-03 -5.118493675041e-01 9.985014986233e+00
21 21 3.181078700895e-06 -9.796290230237e-10 8.792039190418e-03 4.604021496642e-02 -4.748767139025e-01 1.048426573554e+01
22 1 7.134327219411e-194 -4.611174084318e-66 9.718671964529e-98 -3.198200774427e-97 1.427811156702e-02 4.992507493116e-01
22 2 1.707600282237e-177 -5.244320486594e-54 5.356327017205e-89 -8.847606375244e-89 -3.183409877053e-01 9.985014986233e-01
22 3 8.863369394977e-167 -4.121790176783e-47 3.516005955281e-83 -3.612066452832e-84 -4.324488111395e-02 1.497752247935e+00
22 4 1.964289249109e-157 -5.329500255271e-42 5.359558030768e-79 2.152850254199e-78 3.165408790737e-01 1.997002997247e+00
22 5 2.516269499552e-149 -2.345746065977e-38 -3.135124651894e-74 -1.508918768810e-75 7.347137463157e-02 2.496253746558e+00
22 6 4.724217054900e-141 -4.237247687473e-35 3.488673612475e-70 -3.803152659626e-70 -3.131214070346e-01 2.995504495870e+00
22 7 2.757079794578e-133 -1.217495199626e-32 -1.169020608844e-66 4.448686568458e-66 -1.058959992035e-01 3.494755245182e+00
22 8 6.468378469036e-125 -3.417930553278e-30 1.355283790834e-62 -7.936982933816e-62 3.073583736569e-01 3.994005994493e+00
22 9 9.054903971040e-117 -2.555518468084e-28 -5.118521819764e-58 9.416226947809e-58 1.416230236589e-01 4.493256743805e+00
22 10 8.902480898273e-108 -2.658883280213e-26 3.577946251230e-53 -1.067898079056e-53 -2.980006082172e-01 4.992507493116e+00
22 11 8.181569289419e-99 -9.181665103071e-25 -6.688307109558e-49 -1.050261667473e-48 -1.820263133914e-01 5.491758242428e+00
22 12 9.092200613922e-89 -5.307661639525e-23 -1.390720734797e-43 3.410925523575e-44 2.828882194553e-01 5.991008991740e+00
22 13 1.630345369761e-78 -1.126089019928e-21 -1.540102251757e-38 1.393955975173e-38 2.288892329789e-01 6.490259741051e+00
22 14 8.236794867115e-67 -4.512867516990e-20 -1.551136055486e-32 3.497064728022e-33 -2.581186254176e-01 6.989510490363e+00
22 15 1.939696486692e-54 -6.880121755239e-19 6.370151643070e-27 -2.535573808363e-26 -2.845604624675e-01 7.488761239675e+00
22 16 6.887340605606e-40 -2.196520908539e-17 -4.732752963060e-19 -2.283363220957e-19 2.160419202874e-01 7.988011988986e+00
22 17 4.414882947442e-26 -2.622922682678e-16 -4.005127198420e-12 1.985130865412e-12 3.519192903914e-01 8.487262738298e+00
22 18 5.179905896209e-18 -7.410908726645e-15 4.746122026958e-09 -5.104733487040e-08 -1.396339269642e-01 8.986513487610e+00
22 19 5.939337004353e-14 -7.124169600876e-14 3.911441365130e-07 -5.781487605206e-06 -4.327307570441e-01 9.485764236921e+00
22 20 1.668835065802e-10 -1.999539642786e-12 -3.228156356389e-04 1.822215647945e-05 -1.818017344225e-02 9.985014986233e+00
22 21 9.336529310014e-09 -1.387056739367e-11 2.493592544054e-03 4.798321709135e-04 5.121710915075e-01 1.048426573554e+01
22 22 2.488000646082e-06 -5.393760351929e-10 -3.911374888784e-02 1.886771866329e-02 4.853537779566e-01 1.098351648486e+01
23 1 5.244279677477e-203 -2.445403482257e-69 2.227647325268e-102 -8.784522817065e-102 -3.187252427676e-01 4.992507493116e-01
23 2 1.611520539736e-186 -3.933871321817e-57 1.366249056335e-93 -2.868540108245e-93 -2.741295893980e-02 9.985014986233e-01
23 3 4.745265353675e-175 -1.326872227376e-49 2.497368594157e-87 -6.719529410983e-88 3.176740252499e-01 1.497752247935e+00
23 4 5.415959619924e-166 -1.365247253391e-44 5.319413636290e-83 1.036407788315e-82 5.555028204747e-02 1.997002997247e+00
23 5 2.501834489553e-157 -1.869677499706e-40 -3.022858048893e-78 8.109178547210e-79 -3.153685622176e-01 2.496253746558e+00
23 6 1.746622237001e-149 -2.184297578328e-37 1.042894765272e-74 -2.959680324184e-74 -8.518207823291e-02 2.995504495870e+00
23 7 2.906294395384e-141 -1.713137247756e-34 1.192223551581e-70 4.569581499872e-70 3.113642522259e-01 3.494755245182e+00
23 8 1.988188940596e-133 -2.794849346625e-32 -2.031998494742e-66 -3.974742739328e-66 1.171772951317e-01 3.994005994493e+00
23 9 6.517301232262e-125 -5.345707688338e-30 2.675066253912e-62 8.690123459696e-62 -3.048815785321e-01 4.493256743805e+00
23 10 1.437381135314e-116 -3.011833550033e-28 4.337490395591e-58 -1.436291447088e-57 -1.525721915473e-01 4.992507493116e+00
23 11 2.449890422141e-107 -2.577289259597e-26 -6.645727326564e-53 1.503008448570e-53 2.946152499297e-01 5.491758242428e+00
23 12 4.227537819278e-98 -7.619676124528e-25 6.382018577200e-49 3.021014135999e-48 1.926626482362e-01 5.991008991740e+00
23 13 9.643790262762e-88 -3.969804198565e-23 4.564584483055e-43 2.165351580691e-43 -2.783451793505e-01 6.490259741051e+00
23 14 3.908022596553e-77 -7.688327901878e-22 1.035928944829e-37 3.555765029116e-38 -2.391238270069e-01 6.989510490363e+00
23 15 5.140716387186e-65 -2.916759672033e-20 3.130950061573e-32 1.308972708970e-31 2.520980882799e-01 7.488761239675e+00
23 16 3.752944323822e-52 -4.199241802332e-19 -2.211175576690e-25 -3.187003582081e-25 2.941246075776e-01 7.988011988986e+00
23 17 3.869423470315e-37 -1.305890520471e-17 -6.737301323280e-18 -1.139030835301e-17 -2.081520917862e-01 8.487262738298e+00
23 18 1.220550417859e-24 -1.498780372114e-16 8.591449132252e-12 -2.335618134214e-11 -3.601996127994e-01 8.986513487610e+00
23 19 1.325080710631e-17 -4.201029633738e-15 7.630588016352e-08 4.085191990010e-08 1.294854117202e-01 9.485764236921e+00
23 20 7.311513603131e-14 -3.909558794629e-14 6.708271545008e-06 8.950474176789e-07 4.383819368456e-01 9.985014986233e+00
23 21 1.556670638681e-10 -1.104570796088e-12 -5.626352256391e-05 -3.230253119517e-04 3.046423101214e-02 1.048426573554e+01
23 22 7.549412274752e-09 -7.409256472365e-12 4.933389174155e-05 2.391638498710e-03 -5.122996109334e-01 1.098351648486e+01
23 23 1.947623742487e-06 -2.970824982208e-10 -2.607260579551e-02 -3.055737178777e-02 -4.954315091536e-01 1.148276723417e+01
24 1 1.245935285029e-212 -5.852071685304e-73 2.826460549473e-107 -1.367976867353e-106 -1.309667657718e-02 4.992507493116e-01
24 2 4.040484474797e-195 -5.777372108212e-60 5.447252825494e-98 -1.494785207392e-97 3.183366805994e-01 9.985014986233e-01
24 3 8.310779354670e-184 -1.886090960868e-52 9.903128340016e-92 -4.366585372314e-92 3.960648195679e-02 1.497752247935e+00
24 4 4.096717263325e-174 -6.853351965276e-47 6.463324782202e-87 7.802488220420e-87 -3.168372448334e-01 1.997002997247e+00
24 5 8.329477843717e-166 -6.568812547730e-43 -1.535194641515e-82 9.509784085218e-83 -6.708372520287e-02 2.496253746558e+00
24 6 1.873718872380e-157 -2.227583027618e-39 -1.285391518616e-79 -3.247672545977e-78 3.140447991451e-01 2.995504495870e+00
24 7 1.066283880723e-149 -1.060509669441e-36 1.915456640631e-74 2.124507046308e-74 9.623631622308e-02 3.494755245182e+00
24 8 1.938947212469e-141 -4.584293282569e-34 -3.862418252769e-70 -2.125034969618e-70 -3.094643591084e-01 3.994005994493e+00
24 9 1.741543056924e-133 -4.895820190495e-32 4.037214043749e-66 2.406861048935e-66 -1.278762269160e-01 4.493256743805e+00
24 10 8.501819965130e-125 -6.972730103718e-30 -6.595590738404e-62 -9.468079009161e-62 3.022709909531e-01 4.992507493116e+00
24 11 3.060851756464e-116 -3.136478135750e-28 -5.716707001768e-58 2.339534046893e-57 1.629811056508e-01 5.491758242428e+00
24 12 9.237124605574e-107 -2.293645680303e-26 1.443272473634e-52 -9.783749889302e-55 -2.911128067776e-01 5.991008991740e+00
24 13 3.032941161632e-97 -5.960200026631e-25 2.649683561108e-48 -8.558732540257e-48 -2.027761916788e-01 6.490259741051e+00
24 14 1.437442819595e-86 -2.849254243540e-23 -5.945549645817e-43 -2.014644778386e-42 2.737166439514e-01 6.989510490363e+00
24 15 1.335557009248e-75 -5.101867373746e-22 1.510404798628e-39 -6.860094240441e-37 2.488350773709e-01 7.488761239675e+00
24 16 4.671512644920e-63 -1.848353679218e-20 1.367930415265e-30 -4.083315477679e-32 -2.460474890193e-01 7.988011988986e+00
24 17 1.065516707680e-49 -2.529228967302e-19 -6.286819271261e-24 -2.949789436489e-24 -3.031556283318e-01 8.487262738298e+00
24 18 1.939438910152e-34 -7.694705714330e-18 2.013215552460e-16 -2.405814846294e-16 2.003250798109e-01 8.986513487610e+00
24 19 1.443556161743e-23 -8.516941972862e-17 3.927093837188e-11 8.135767977671e-11 3.679466943151e-01 9.485764236921e+00
24 20 2.792421149747e-17 -2.373201819946e-15 -9.626087972095e-08 9.070059920933e-08 -1.195499071817e-01 9.985014986233e+00
24 21 8.501167573734e-14 -2.142282512643e-14 -1.271119249585e-06 7.556274537674e-06 -4.435639503036e-01 1.048426573554e+01
24 22 1.426993459229e-10 -6.098138278073e-13 3.143222659759e-04 -9.677805767293e-05 -4.232293869163e-02 1.098351648486e+01
24 23 6.082369869220e-09 -3.961092913642e-12 -2.184555436357e-03 5.164634374059e-04 5.122611567976e-01 1.148276723417e+01
24 24 1.525794585208e-06 -1.636747159280e-10 2.128117302535e-02 -3.038887646880e-02 5.051388860988e-01 1.198201798348e+01
25 1 7.772022667179e-222 -2.814038043802e-76 5.595980230383e-112 -3.443625116831e-111 3.186623869343e-01 4.992507493116e-01
25 2 3.319091758796e-204 -3.750934183299e-63 1.166438832014e-102 -4.408110138587e-102 2.522334708154e-02 9.985014986233e-01
25 3 3.895872284047e-192 -5.288280654866e-55 6.277303414940e-96 -3.937907790947e-96 -3.177741955031e-01 1.497752247935e+00
25 4 1.030842221993e-182 -1.512383565239e-49 3.976031169408e-91 3.165671991974e-91 -5.101054574036e-02 1.997002997247e+00
25 5 7.712438496461e-174 -4.578217740924e-45 -1.171486744169e-86 1.283439209898e-86 3.158527432299e-01 2.496253746558e+00
25 6 6.862358755949e-166 -9.971525493498e-42 -7.588752436664e-83 -1.814678884411e-82 7.795537516359e-02 2.995504495870e+00
25 7 1.157560642019e-157 -1.316379193639e-38 2.758068958347e-78 1.129603593953e-78 -3.125848705475e-01 3.494755245182e+00
25 8 6.730995834034e-150 -3.290477733805e-36 -2.593806205476e-74 1.365273357341e-75 -1.067155291863e-01 3.994005994493e+00
25 9 1.516383532583e-141 -9.123804633424e-34 4.341003101093e-70 -6.257338151806e-71 3.074351914608e-01 4.493256743805e+00
25 10 1.919266166641e-133 -7.018460412472e-32 -5.434877742210e-66 -7.208198140282e-67 1.380550459662e-01 4.992507493116e+00
25 11 1.453989828631e-124 -7.921032009830e-30 1.156929676125e-61 1.190286965147e-61 -2.995404900951e-01 5.491758242428e+00
25 12 8.749212500482e-116 -2.966524604538e-28 1.434324770576e-57 -4.204009743774e-57 -1.728999016343e-01 5.991008991740e+00
25 13 4.746035767840e-106 -1.907608849559e-26 -3.328137122616e-52 -1.218530312031e-52 2.875080811123e-01 6.490259741051e+00
25 14 2.997410940091e-96 -4.445365248451e-25 -2.475584253739e-47 1.752757077942e-47 2.124103005816e-01 6.989510490363e+00
25 15 2.986233096058e-85 -1.977339239851e-23 -6.693226670754e-42 7.773469831284e-42 -2.690176849555e-01 7.488761239675e+00
25 16 6.460234244917e-74 -3.306890709828e-22 -5.035346337834e-36 7.386693209313e-37 -2.580637163095e-01 7.988011988986e+00
25 17 6.132953522468e-61 -1.152182151083e-20 6.621243720865e-30 -1.528845969584e-29 2.399804511113e-01 8.487262738298e+00
25 18 4.261407470922e-47 -1.506469596015e-19 -1.408559837312e-22 -4.222042400424e-23 3.116949315263e-01 8.986513487610e+00
25 19 5.178368221797e-32 -4.499645787956e-18 3.033392674185e-15 4.480503760974e-15 -1.925697602127e-01 9.485764236921e+00
25 20 9.555219345002e-23 -4.817047353948e-17 -2.383886998233e-10 -5.502949055343e-11 -3.752047182197e-01 9.985014986233e+00
25 21 5.079745171318e-17 -1.336667534260e-15 -8.891297455221e-08 -1.648562185557e-07 1.098251912626e-01 1.048426573554e+01
25 22 9.434031260153e-14 -1.172427121820e-14 -8.327778953493e-06 -1.468666207508e-06 4.483214877538e-01 1.098351648486e+01
25 23 1.288925601911e-10 -3.364963462375e-13 1.372908651807e-04 2.965365148784e-04 5.378034884547e-02 1.148276723417e+01
25 24 4.885236470627e-09 -2.119312830272e-12 -9.023380372625e-04 -1.895417342218e-03 -5.120780987031e-01 1.198201798348e+01
25 25 1.196153382586e-06 -9.019360706121e-11 3.201801685303e-02 1.206858030522e-02 -5.145019481797e-01 1.248126873279e+01
26 1 1.595784791467e-231 -6.076024937924e-80 5.992916582377e-117 -4.963094828554e-116 1.209678717298e-02 4.992507493116e-01
26 2 7.182887826400e-213 -4.854803614180e-66 3.628780382674e-107 -2.089962990210e-106 -3.183331632274e-01 9.985014986233e-01
26 3 6.067279096940e-201 -6.509038503147e-58 2.239177807950e-100 -1.880906493346e-100 -3.653949193905e-02 1.497752247935e+00
26 4 7.009092541053e-191 -6.648759996873e-52 3.724896921526e-95 1.920457994799e-95 3.170639323221e-01 1.997002997247e+00
26 5 2.414562768785e-182 -1.397406484401e-47 -4.469318104551e-91 8.634864921434e-91 6.174166294526e-02 2.496253746558e+00
26 6 7.093943969074e-174 -8.961500021314e-44 -1.337807244596e-86 -1.486535916092e-86 -3.147369084990e-01 2.995504495870e+00
26 7 4.370780539810e-166 -7.141012020137e-41 1.830384433237e-82 -6.135941840264e-84 -8.825138203133e-02 3.494755245182e+00
26 8 7.055771523250e-158 -4.797151242877e-38 -2.234744357646e-78 1.441495871351e-78 3.110013942537e-01 3.994005994493e+00
26 9 4.803205869356e-150 -7.398965589172e-36 1.758313605950e-74 -1.732445208591e-74 1.166848325711e-01 4.493256743805e+00
26 10 1.450816466385e-141 -1.457301373469e-33 -3.831749850501e-70 2.835280630712e-70 -3.052886992679e-01 4.992507493116e+00
26 11 2.708948641308e-133 -8.635158020831e-32 7.104272575466e-66 -9.290407831511e-67 -1.477647974214e-01 5.491758242428e+00
26 12 3.273724865986e-124 -8.079541742779e-30 -1.940378417653e-61 -1.902037500160e-61 2.967026377732e-01 5.991008991740e+00
26 13 3.347022125586e-115 -2.599441536585e-28 -4.953917878604e-57 8.002761456754e-57 1.823708063680e-01 6.490259741051e+00
26 14 3.301464113548e-105 -1.502289168775e-26 6.670607770240e-52 7.539414797968e-52 -2.838143573047e-01 6.989510490363e+00
26 15 4.049675963695e-95 -3.189060204872e-25 1.174752878877e-46 2.166633062154e-47 -2.216024224743e-01 7.488761239675e+00
26 16 8.583491665179e-84 -1.334594688635e-23 5.611129045063e-41 1.711178261426e-41 2.642615763943e-01 7.988011988986e+00
26 17 4.394810940917e-72 -2.101775475866e-22 4.718292261943e-36 4.434897922147e-35 2.668456190749e-01 8.487262738298e+00
26 18 1.151723795942e-58 -7.083193166126e-21 -1.092165267581e-28 -2.156659745206e-28 -2.339086397018e-01 8.986513487610e+00
26 19 2.207816742405e-44 -8.888294975021e-20 -2.939250970837e-21 -1.960331725091e-21 -3.197793847309e-01 9.485764236921e+00
26 20 4.934024273621e-30 -2.614215119189e-18 -5.540648305310e-14 -4.579995700045e-15 1.848932153881e-01 9.985014986233e+00
26 21 4.215249310843e-22 -2.713452777584e-17 3.900475838361e-10 -3.728104931087e-10 3.820130492293e-01 1.048426573554e+01
26 22 8.239152956025e-17 -7.509288792108e-16 2.397612632301e-07 -7.047253290136e-08 -1.003081653389e-01 1.098351648486e+01
26 23 1.007247712911e-13 -6.409745417936e-15 1.458074624105e-06 -9.017801314008e-06 -4.526939410267e-01 1.148276723417e+01
26 24 1.149561259813e-10 -1.855985371299e-13 -2.700698831288e-04 1.753870764479e-04 -6.485880079501e-02 1.198201798348e+01
26 25 3.913223309210e-09 -1.134737979452e-12 1.549723650232e-03 -1.195261211280e-03 5.117695962918e-01 1.248126873279e+01
26 26 9.383080246524e-07 -4.970906195710e-11 -3.545318658931e-03 3.131767983864e-02 5.235441713306e-01 1.298051948210e+01
27 1 8.550345595154e-241 -2.681687618417e-83 9.349415954044e-122 -1.153395758709e-120 -3.186128043753e-01 4.992507493116e-01
27 2 5.174859298595e-222 -2.764434418856e-69 5.044652840576e-112 -5.671220452420e-111 -2.336002645784e-02 9.985014986233e-01
27 3 2.504079700439e-209 -1.605809666357e-60 1.266659823194e-104 -1.387454704522e-104 3.178522077582e-01 1.497752247935e+00
27 4 1.605243827574e-199 -1.277719244355e-54 1.922581953381e-99 5.709766295168e-100 4.716768213767e-02 1.997002997247e+00
27 5 2.065184134027e-190 -8.585541125736e-50 -2.036522450462e-95 8.758384221923e-95 -3.162245517064e-01 2.496253746558e+00
27 6 2.518893204024e-182 -3.514028268841e-46 -1.034913297057e-90 -5.908377830128e-91 -7.189085750943e-02 2.995504495870e+00
27 7 4.731736883491e-174 -7.867878837970e-43 1.730414843894e-86 -7.979531086076e-87 3.135025650427e-01 3.494755245182e+00
27 8 2.618977471747e-166 -3.042586041575e-40 -7.885237656484e-83 1.415354638631e-82 9.804031781782e-02 3.994005994493e+00
27 9 4.691098328794e-158 -1.233855769012e-37 4.814896382772e-79 -2.391440688102e-78 -3.093051996896e-01 4.493256743805e+00
27 10 4.074934263632e-150 -1.309120253242e-35 -5.449422619563e-75 2.466730751443e-74 -1.261971835522e-01 4.992507493116e+00
27 11 1.737877164073e-141 -1.967557369706e-33 3.149673749029e-70 -4.797065021114e-70 3.030356479790e-01 5.491758242428e+00
27 12 4.936301805407e-133 -9.429288501729e-32 -1.020481576663e-65 2.680273781213e-66 1.570480028377e-01 5.991008991740e+00
27 13 9.699831745654e-124 -7.565134307161e-30 3.216548763608e-61 3.914884133462e-61 -2.937688367016e-01 6.490259741051e+00
27 14 1.705388533573e-114 -2.141610385506e-28 1.808022096667e-56 -1.402075444523e-56 -1.914298736581e-01 6.989510490363e+00
27 15 3.088311621055e-104 -1.131442273625e-26 -3.102097460008e-52 -3.284216255889e-51 2.800435603064e-01 7.488761239675e+00
27 16 7.426926968993e-94 -2.215342662760e-25 -2.357333010937e-46 -4.921278975827e-46 2.303852512283e-01 7.988011988986e+00
27 17 3.391681766472e-82 -8.800625583705e-24 1.645274312126e-41 -3.914550302405e-40 -2.594600131743e-01 8.487262738298e+00
27 18 4.179627686583e-70 -1.313897003674e-22 4.565796251801e-34 6.012611566054e-35 -2.752126310963e-01 8.986513487610e+00
27 19 3.046437150750e-56 -4.303356579061e-21 -3.626817070522e-27 -2.017303384420e-27 2.278420413269e-01 9.485764236921e+00
27 20 1.250611211332e-41 -5.201813890639e-20 -1.457957894812e-20 -8.730249487875e-20 3.274419949147e-01 9.985014986233e+00
27 21 1.692340485129e-28 -1.510324533200e-18 2.668641083554e-13 -2.136924806733e-13 -1.773010382060e-01 1.048426573554e+01
27 22 1.385451534409e-21 -1.523171831260e-17 2.715466822771e-10 9.881391029140e-10 -3.884069066480e-01 1.098351648486e+01
27 23 1.219515006721e-16 -4.209277463434e-16 3.843931645547e-08 3.155228928837e-07 9.099508091240e-02 1.148276723417e+01
27 24 1.041118269231e-13 -3.501162039920e-15 9.612898542488e-06 1.228105430591e-06 4.567161686520e-01 1.198201798348e+01
27 25 1.014105977924e-10 -1.023306524658e-13 -2.088732447295e-04 -2.358674044999e-04 7.557905012008e-02 1.248126873279e+01
27 26 3.127324488002e-09 -6.079931086064e-13 1.390790308856e-03 1.173257398928e-03 -5.113521254764e-01 1.298051948210e+01
27 27 7.364506224042e-07 -2.739942770016e-11 -2.874200548811e-02 3.832616372308e-03 -5.322867862087e-01 1.347977023141e+01
28 1 1.531763989939e-250 -5.291816286646e-87 6.668909449705e-127 -1.547396576567e-125 -1.123940850108e-02 4.992507493116e-01
28 2 9.754719921462e-231 -3.187344126501e-72 2.198785748277e-117 -2.471888499569e-115 3.183302676780e-01 9.985014986233e-01
28 3 3.480578036818e-218 -1.730688403467e-63 4.030877998110e-109 -5.728016834364e-109 3.391790031772e-02 1.497752247935e+00
28 4 9.818026709161e-208 -4.961912619884e-57 1.559046098637e-103 1.718279161948e-104 -3.172414055766e-01 1.997002997247e+00
28 5 6.030153835647e-199 -2.297807303408e-52 4.418241427060e-101 4.858753932147e-99 -5.720373339423e-02 2.496253746558e+00
28 6 2.472969123624e-190 -2.802295514088e-48 -1.153467436208e-94 -2.524995215520e-95 3.152700196960e-01 2.995504495870e+00
28 7 1.786373930709e-182 -3.768005114595e-45 8.074728947052e-91 -8.478351138717e-91 8.153042616371e-02 3.494755245182e+00
28 8 2.833014081482e-174 -3.963395027725e-42 -7.806748429016e-88 1.683280317815e-86 -3.121602269871e-01 3.994005994493e+00
28 9 1.650621351587e-166 -8.909002430367e-40 -5.097947960826e-83 -1.354245053697e-82 -1.073776503219e-01 4.493256743805e+00
28 10 3.605301930238e-158 -2.447143555883e-37 1.038919113085e-78 2.137026490806e-78 3.075058386806e-01 4.992507493116e+00
28 11 4.229160596573e-150 -1.927978117176e-35 -6.156097230998e-75 -2.763179981271e-74 1.352963197767e-01 5.491758242428e+00
28 12 2.637259914715e-141 -2.329334094522e-33 -2.719533132513e-70 7.216571627651e-70 -3.006858232321e-01 5.991008991740e+00
28 13 1.163963289023e-132 -9.363657082393e-32 1.698152296559e-65 -4.437741546378e-66 -1.659405847023e-01 6.490259741051e+00
28 14 3.770740703589e-123 -6.610029084777e-30 -4.716168952182e-61 -9.669651994739e-61 2.907494533855e-01 6.989510490363e+00
28 15 1.150861138673e-113 -1.677566844912e-28 -6.270799263535e-56 1.109078745564e-56 2.001082564316e-01 7.488761239675e+00
28 16 3.859282422202e-103 -8.212034352015e-27 -7.711807842054e-51 9.759826596552e-51 -2.762063971315e-01 7.988011988986e+00
28 17 1.837087280233e-92 -1.498035971471e-25 -1.718990903037e-45 2.315111021829e-45 -2.387875976551e-01 8.487262738298e+00
28 18 1.831960877488e-80 -5.690391394621e-24 -3.045556286892e-39 1.421632829207e-40 2.546233029556e-01 8.986513487610e+00
28 19 5.521828658099e-68 -8.098683735305e-23 3.053404760470e-33 -4.679197567038e-33 2.831932123129e-01 9.485764236921e+00
28 20 1.104501167473e-53 -2.588122954004e-21 -8.092420335046e-26 -1.924255337055e-26 -2.217892011666e-01 9.985014986233e+00
28 21 5.698709753933e-39 -3.023114837367e-20 1.864462900055e-18 -6.779180581879e-19 -3.347124557354e-01 1.048426573554e+01
28 22 2.623258348567e-27 -8.683340691289e-19 -1.742402571870e-13 1.399299928800e-12 1.697975821088e-01 1.098351648486e+01
28 23 3.651141690876e-21 -8.524349956144e-18 -1.719376904961e-09 -2.618739879482e-10 3.944179205647e-01 1.148276723417e+01
28 24 1.675735765453e-16 -2.354898495763e-16 -3.887899479329e-07 -2.306659456436e-09 -8.188171703832e-02 1.198201798348e+01
28 25 1.046959584080e-13 -1.910991958950e-15 -7.834292658709e-07 1.009274191820e-05 -4.604191297498e-01 1.248126873279e+01
28 26 8.861322156943e-11 -5.640209028988e-14 1.953409371224e-04 -2.359127254728e-04 -8.596039117501e-02 1.298051948210e+01
28 27 2.494188193234e-09 -3.259774014745e-13 -7.902862622972e-04 1.490977995923e-03 5.108399065104e-01 1.347977023141e+01
28 28 5.783047275777e-07 -1.510349947130e-11 -9.775923215289e-03 -2.478877319705e-02 5.407490490737e-01 1.397902098073e+01
29 1 7.124125845723e-260 -2.166072359245e-90 2.224991640202e-132 -3.340141118394e-130 3.185730015732e-01 4.992507493116e-01
29 2 6.206992452643e-240 -1.610267855291e-75 -4.230203839656e-121 -6.221249314013e-120 2.175470380823e-02 9.985014986233e-01
29 3 1.271888749815e-226 -3.791081074588e-66 1.998976828564e-113 -3.732445152994e-113 -3.179141953342e-01 1.497752247935e+00
29 4 2.045754737823e-216 -8.383758553471e-60 7.146132788835e-108 -4.407198600421e-109 -4.387077862446e-02 1.997002997247e+00
29 5 4.744522752748e-207 -1.253742665763e-54 1.007249724381e-103 4.190626194312e-103 3.165166587685e-01 2.496253746558e+00
29 6 8.397157114533e-199 -9.702379501001e-51 -6.862030276399e-99 5.051137504798e-100 6.672371606896e-02 2.995504495870e+00
29 7 1.888693259381e-190 -3.706890826805e-47 4.714812562908e-95 -1.107727681345e-94 -3.142112782470e-01 3.494755245182e+00
29 8 1.084412985304e-182 -2.235288819990e-44 3.975050685307e-91 9.637923860652e-91 -9.071866845736e-02 3.994005994493e+00
29 9 1.721310117961e-174 -1.335460934970e-41 -1.145375152888e-86 -9.336258935660e-87 3.107188448178e-01 4.493256743805e+00
29 10 1.168604190518e-166 -1.970902899796e-39 1.194448724438e-82 6.351646436820e-83 1.163089132202e-01 4.992507493116e+00
29 11 3.313598291768e-158 -3.976418908829e-37 -2.062757967981e-78 -1.422745234071e-78 -3.056118930844e-01 5.491758242428e+00
29 12 5.454672556760e-150 -2.459372596345e-35 1.761406415426e-74 3.032931957934e-74 -1.440188710302e-01 5.991008991740e+00
29 13 5.095930178883e-141 -2.483389484864e-33 3.038668120974e-70 -1.120893683350e-69 2.982481673806e-01 6.490259741051e+00
29 14 3.547999511384e-132 -8.610772956012e-32 -3.271404838823e-65 4.343261006111e-66 1.744732727683e-01 6.989510490363e+00
29 15 1.914906416025e-122 -5.457067263510e-30 2.530803049144e-61 2.585250521924e-60 -2.876539201593e-01 7.488761239675e+00
29 16 1.022633466116e-112 -1.260207211991e-28 1.836735795084e-55 8.522555904238e-56 -2.084331563010e-01 7.988011988986e+00
29 17 6.402835168191e-102 -5.778477671689e-27 5.383093403210e-50 -3.972774179211e-52 2.723124837183e-01 8.487262738298e+00
29 18 6.094003601235e-91 -9.901860449029e-26 1.680595700147e-44 5.174746504907e-45 2.468350569677e-01 8.986513487610e+00
29 19 1.345688157391e-78 -3.618222868613e-24 -1.004305178993e-39 2.756426405667e-38 -2.497605341462e-01 9.485764236921e+00
29 20 1.005332831275e-65 -4.931898471743e-23 -2.481330071105e-32 -7.537954387065e-32 -2.908129471278e-01 9.985014986233e+00
29 21 5.215819830862e-51 -1.542977475975e-21 -1.797121765975e-24 -6.104439777777e-25 2.157574245099e-01 1.048426573554e+01
29 22 1.389520599024e-36 -1.746301321592e-20 4.015172482029e-19 3.245118758857e-17 3.416175945637e-01 1.098351648486e+01
29 23 2.284652574694e-26 -4.971175227225e-19 -2.858322231667e-12 -3.279861250854e-12 -1.623861676454e-01 1.148276723417e+01
29 24 8.112476109638e-21 -4.758031447181e-18 1.310483183186e-09 -2.366568781376e-09 -4.000745955999e-01 1.198201798348e+01
29 25 2.165599692738e-16 -1.315212275515e-16 4.641093282682e-08 -4.580573886466e-07 7.296351942164e-02 1.248126873279e+01
29 26 1.028361114934e-13 -1.042388899079e-15 -1.043312406911e-05 -1.424183928975e-07 4.638304128126e-01 1.298051948210e+01
29 27 7.678759860361e-11 -3.107853205279e-14 2.551264473732e-04 1.502579558608e-04 9.602077186786e-02 1.347977023141e+01
29 28 1.985694340305e-09 -1.748825385664e-13 -1.503274664049e-03 -4.221766160108e-04 -5.102452544665e-01 1.397902098073e+01
29 29 4.543211125727e-07 -8.325893081427e-12 1.995540881065e-02 -1.414780935191e-02 -5.489484735535e-01 1.447827173004e+01
30 1 1.122955859139e-269 -3.949184194578e-94 -1.194117935124e-136 -4.191928515162e-135 1.049598728608e-02 4.992507493116e-01
30 2 1.027523172535e-248 -1.669740015910e-78 -3.585541022345e-125 -2.511617598568e-124 -3.183278632008e-01 9.985014986233e-01
30 3 1.584326987854e-235 -3.613154777680e-69 5.471437335816e-118 -1.390581038654e-117 -3.165047994363e-02 1.497752247935e+00
30 4 1.127762012887e-224 -2.898486130141e-62 5.180861644958e-112 -1.190605248004e-112 3.173830768204e-01 1.997002997247e+00
30 5 1.286156172212e-215 -2.966656792618e-57 9.821251853292e-108 2.017678843911e-107 5.329840850246e-02 2.496253746558e+00
30 6 7.759565066620e-207 -6.909625534522e-53 -6.214882011978e-103 2.263435549778e-103 -3.156899908019e-01 2.995504495870e+00
30 7 6.993780043750e-199 -1.577982694338e-49 4.452651516849e-100 -7.312384670423e-99 -7.578889030639e-02 3.494755245182e+00
30 8 1.178112376707e-190 -2.615043799195e-46 7.843721043746e-95 7.520513615792e-95 3.130572630676e-01 3.994005994493e+00
30 9 6.441891755950e-183 -8.631561572771e-44 -8.885261333795e-91 -1.664259863037e-91 9.950325664023e-02 4.493256743805e+00
30 10 1.142169809024e-174 -3.329822001287e-41 1.330128495487e-86 -1.396473678525e-87 -3.091862591125e-01 4.992507493116e+00
30 11 9.667912154935e-167 -3.515507384180e-39 -1.346983074948e-82 1.329602488097e-83 -1.248719919975e-01 5.491758242428e+00
30 12 3.714439493627e-158 -5.526282498544e-37 2.826462620397e-78 6.227453113786e-79 3.036311670794e-01 5.991008991740e+00
30 13 8.813303335048e-150 -2.797323384028e-35 -3.151007313907e-74 -3.660230270557e-74 1.523959028946e-01 6.490259741051e+00
30 14 1.255145319649e-140 -2.432208655566e-33 -5.577625663344e-70 1.881919371092e-69 -2.957308777117e-01 6.989510490363e+00
30 15 1.394089223065e-131 -7.434500251986e-32 6.966882629703e-65 7.656183720218e-66 -1.826726493541e-01 7.488761239675e+00
30 16 1.264091917284e-121 -4.298013481988e-30 2.624465723595e-60 -6.617560115745e-60 2.844908236100e-01 7.988011988986e+00
30 17 1.189671991196e-111 -9.140359862650e-29 -2.882673492390e-55 -6.747949604885e-55 2.164285442894e-01 8.487262738298e+00
30 18 1.402342905858e-100 -3.960870388631e-27 -1.397893011820e-49 -2.271910532595e-49 -2.683704587307e-01 8.986513487610e+00
30 19 2.697302858254e-89 -6.419187022938e-26 1.319671923600e-44 -1.227815071671e-43 -2.545505287666e-01 9.485764236921e+00
30 20 1.337698567904e-76 -2.267760700325e-24 2.765747007779e-37 8.546815397718e-38 2.448797227242e-01 9.985014986233e+00
30 21 2.492871672620e-63 -2.972165079396e-23 -1.078384216095e-30 -7.475165224683e-31 2.980949538145e-01 1.048426573554e+01
30 22 2.913366376932e-48 -9.129063254236e-22 -3.111089403535e-23 -3.521946638454e-23 -2.097529481112e-01 1.098351648486e+01
30 23 1.367360585551e-34 -1.003420670842e-20 -2.654872271202e-16 -2.068749981671e-16 -3.481817417610e-01 1.148276723417e+01
30 24 1.307001083832e-25 -2.835385504373e-19 1.083265245384e-11 -7.444253529486e-13 1.550692536065e-01 1.198201798348e+01
30 25 1.574821382906e-20 -2.649651026515e-18 2.722250903723e-09 2.829102606725e-09 4.054027007020e-01 1.248126873279e+01
30 26 2.658675062182e-16 -7.334422046005e-17 5.230404574646e-07 8.886417909107e-08 -6.423570952803e-02 1.298051948210e+01
30 27 9.897968732682e-14 -5.682849711078e-16 -6.650069715454e-07 -1.060947753579e-05 -4.669746796158e-01 1.347977023141e+01
30 28 6.605290314710e-11 -1.712049280709e-14 -1.026093048099e-04 2.656542103535e-04 -1.057769003417e-01 1.397902098073e+01
30 29 1.578393435186e-09 -9.387737292581e-14 8.644455408631e-05 -1.439237062119e-03 5.095788679134e-01 1.447827173004e+01
30 30 3.570613399310e-07 -4.589766532998e-12 1.694230642159e-02 1.470476544973e-02 5.569010298566e-01 1.497752247935e+01
