2 1 4.976800088157e-09 -4.740621660669e-05 -5.135930014101e-05 6.795841954377e-05 2.783404676265e-01 4.817118501909e-01
2 2 8.869475024215e-03 -2.457626998171e-03 8.107254733420e-02 -2.124939146387e-01 9.470361939183e-02 9.634237003819e-01
3 1 1.999283434291e-14 -1.878338324162e-07 4.883327564738e-08 1.635990913115e-07 -3.407222104313e-01 4.817118501909e-01
3 2 3.735128549908e-08 -3.803411474773e-05 4.020546995165e-04 -2.370299847918e-04 -3.432956051395e-01 9.634237003819e-01
3 3 8.187524745392e-03 -1.429610046520e-03 -2.995931590795e-01 1.329657774594e-01 -1.400794171177e-01 1.445135550573e+00
4 1 1.931176721580e-20 -6.527910789268e-10 1.231789998152e-10 1.139442691329e-10 -8.930063347179e-02 4.817118501909e-01
4 2 1.995863405720e-13 -4.081067645789e-07 -7.380980408981e-07 -7.868867737155e-07 3.106977372729e-01 9.634237003819e-01
4 3 1.689198350716e-07 -2.215027750622e-05 -1.339159908156e-03 -6.505394170781e-04 3.833104586791e-01 1.445135550573e+00
4 4 6.163619043736e-03 -7.039429045065e-04 3.037230107153e-01 2.270159607391e-01 1.767545070917e-01 1.926847400764e+00
5 1 1.265358708026e-25 -2.225355265829e-12 3.883818186198e-13 1.834327957554e-13 3.261386144510e-01 4.817118501909e-01
5 2 3.247143912312e-19 -3.144439382244e-09 -1.353057944327e-09 2.509092900340e-10 1.470427853177e-01 9.634237003819e-01
5 3 1.348866902118e-12 -3.779918699375e-07 2.316812168777e-06 3.511707679384e-06 -2.832355824676e-01 1.445135550573e+00
5 4 4.693330777017e-07 -1.183063756264e-05 -6.578187958145e-04 3.242807576602e-03 -4.114501448142e-01 1.926847400764e+00
5 5 4.485986841001e-03 -3.422960391613e-04 1.111569772351e-01 -3.887894280334e-01 -2.084503075200e-01 2.408559250955e+00
6 1 1.357933355278e-31 -4.631817165959e-15 4.359789750549e-16 8.892497629553e-17 5.560934968679e-02 4.817118501909e-01
6 2 3.752560265486e-24 -2.887224693498e-11 -3.216924668284e-12 3.396494700755e-12 -3.166268740707e-01 9.634237003819e-01
6 3 2.451087480666e-18 -4.112162596682e-09 4.992229755926e-09 -2.690834484537e-09 -1.909020572233e-01 1.445135550573e+00
6 4 8.019102646575e-12 -2.687944893396e-07 5.663233708923e-07 -1.366556308941e-05 2.571122371510e-01 1.926847400764e+00
6 5 8.625993815223e-07 -6.119314792157e-06 5.582711742378e-03 5.242711798083e-04 4.323888232808e-01 2.408559250955e+00
6 6 3.263112981476e-03 -1.685596627403e-04 -4.138475524038e-01 -1.815659754815e-03 2.366421395267e-01 2.890271101146e+00
7 1 5.639340063095e-37 -1.131912009971e-17 9.066202085005e-19 1.580853041170e-20 -3.223410239299e-01 4.817118501909e-01
7 2 8.948874737386e-30 -1.550394916067e-13 -1.941171503972e-15 6.958543728134e-15 -9.755124733059e-02 9.634237003819e-01
7 3 3.154965887555e-23 -6.065614155438e-11 2.200047076272e-12 -2.022749520260e-11 3.060241527612e-01 1.445135550573e+00
7 4 1.600870120768e-17 -3.546109359895e-09 -1.801440879234e-08 6.994961238212e-09 2.263676309301e-01 1.926847400764e+00
7 5 0.000000000000e+00 -1.701326213515e-07 0.000000000000e+00 0.000000000000e+00 -2.321539003323e-01 2.408559250955e+00
7 6 1.200419337850e-06 -3.122902472122e-06 3.087638970782e-04 -7.931698470638e-03 -4.484596999838e-01 2.890271101146e+00
7 7 2.389307798780e-03 -8.426867879271e-05 8.674568791786e-02 4.039442244272e-01 -2.621273692827e-01 3.371982951337e+00
8 1 4.597508491005e-43 -1.430496901041e-20 8.107969512839e-22 -1.136680254223e-22 -4.091684259070e-02 4.817118501909e-01
8 2 8.634697809417e-35 -1.104775192306e-15 2.414467896481e-18 2.231014228806e-17 3.175961546047e-01 9.634237003819e-01
8 3 9.625579832418e-29 -5.021267139917e-13 -2.104152477823e-14 -2.864112623261e-14 1.318566195432e-01 1.445135550573e+00
8 4 2.065280877947e-22 -6.988924763093e-11 8.444219536869e-12 6.889520425680e-11 -2.945940153602e-01 1.926847400764e+00
8 5 9.826099772603e-17 -2.533465147799e-09 5.955793563953e-08 5.868643332887e-09 -2.559926703095e-01 2.408559250955e+00
8 6 0.000000000000e+00 -1.012964499757e-07 0.000000000000e+00 0.000000000000e+00 2.083265104369e-01 2.890271101146e+00
8 7 1.403225039239e-06 -1.584640790991e-06 -1.001240804995e-02 -1.403871252953e-05 4.610325991876e-01 3.371982951337e+00
8 8 1.762687065666e-03 -4.268150801032e-05 3.755092220939e-01 -1.532042607761e-01 2.854146265348e-01 3.853694801528e+00
9 1 1.237919505767e-48 -2.474682602160e-23 1.294324682402e-24 -3.599969602667e-25 3.207767694771e-01 4.817118501909e-01
9 2 1.846852064474e-40 -4.004479036929e-18 1.365065079636e-20 2.984520783038e-20 7.396212945876e-02 9.634237003819e-01
9 3 1.243547573929e-33 -6.053554950205e-15 -1.199116625773e-16 -4.403307771499e-17 -3.118689641371e-01 1.445135550573e+00
9 4 6.742864995811e-28 -7.420290435635e-13 1.134442058975e-13 5.347952089599e-14 -1.610895802404e-01 1.926847400764e+00
9 5 1.276413621818e-21 -6.102868062517e-11 -4.665227239130e-12 -2.156459862424e-10 2.826054480906e-01 2.408559250955e+00
9 6 0.000000000000e+00 -1.635605211125e-09 0.000000000000e+00 0.000000000000e+00 2.812393652886e-01 2.890271101146e+00
9 7 0.000000000000e+00 -5.819233374652e-08 0.000000000000e+00 0.000000000000e+00 -1.856025247445e-01 3.371982951337e+00
9 8 1.467569835149e-06 -8.023722546373e-07 3.555431546209e-04 1.169677397066e-02 -4.709911304381e-01 3.853694801528e+00
9 9 1.309355015152e-03 -2.184395083784e-05 -2.002783418145e-01 -3.384076361495e-01 -3.068623186668e-01 4.335406651718e+00
10 1 7.488425236004e-55 -2.061393682676e-26 9.671053009960e-28 -3.956162386029e-28 3.252064846966e-02 4.817118501909e-01
10 2 1.336778975632e-45 -2.147314166100e-20 5.695443531166e-23 6.747024181697e-23 -3.179148134613e-01 9.634237003819e-01
10 3 3.897932865475e-39 -3.648211951240e-17 -2.239303630956e-19 3.167830297112e-20 -1.020334889756e-01 1.445135550573e+00
10 4 9.641704938826e-33 -1.235546750421e-14 4.440934805774e-16 -1.664365419812e-16 3.053859825805e-01 1.926847400764e+00
10 5 4.194953192871e-27 -7.606942082055e-13 -3.775246447858e-13 -1.018829337330e-13 1.865979431331e-01 2.408559250955e+00
10 6 0.000000000000e+00 -4.578247356858e-11 0.000000000000e+00 0.000000000000e+00 -2.702771693417e-01 2.890271101146e+00
10 7 0.000000000000e+00 -9.937055864082e-10 0.000000000000e+00 0.000000000000e+00 -3.030530006297e-01 3.371982951337e+00
10 8 0.000000000000e+00 -3.268581808662e-08 0.000000000000e+00 0.000000000000e+00 1.639427837448e-01 3.853694801528e+00
10 9 1.425380191860e-06 -4.061296542510e-07 1.295077245582e-02 -7.815894345484e-04 4.789409622130e-01 4.335406651718e+00
10 10 9.783688258579e-04 -1.127046767623e-05 -2.983805559515e-01 2.315474791648e-01 3.267394068232e-01 4.817118501909e+00
11 1 1.390886090010e-60 -2.612702815853e-29 1.255499058440e-30 -6.720268232878e-31 -3.199775258590e-01 4.817118501909e-01
11 2 2.339737527772e-51 -5.490055483064e-23 9.441277100996e-26 6.878578231531e-26 -5.986133985033e-02 9.634237003819e-01
11 3 4.263441404699e-44 -3.467239077558e-19 -6.340846322406e-22 3.967135023311e-22 3.142869540537e-01 1.445135550573e+00
11 4 3.564968494956e-38 -1.008802052266e-16 4.705062738862e-19 -7.811875336194e-19 1.266012224687e-01 1.926847400764e+00
11 5 6.139951294051e-32 -1.581800899851e-14 -1.086901480513e-15 1.027930925426e-15 -2.983181710451e-01 2.408559250955e+00
11 6 2.526575994195e-26 -6.375094917108e-13 1.080497949383e-12 3.983268074491e-13 -2.091979383915e-01 2.890271101146e+00
11 7 0.000000000000e+00 -3.131006845540e-11 0.000000000000e+00 0.000000000000e+00 2.577753396677e-01 3.371982951337e+00
11 8 0.000000000000e+00 -5.805151840833e-10 0.000000000000e+00 0.000000000000e+00 3.220933075859e-01 3.853694801528e+00
11 9 0.000000000000e+00 -1.808672966532e-08 0.000000000000e+00 0.000000000000e+00 -1.432983902197e-01 4.335406651718e+00
11 10 1.315172325308e-06 -2.056799795462e-07 -1.238055630727e-03 -1.379195494379e-02 -4.853152007804e-01 4.817118501909e+00
11 11 7.347075120616e-04 -5.851615777755e-06 2.503865289496e-01 2.586915582220e-01 -3.452562900965e-01 5.298830352100e+00
12 1 6.377140856493e-67 -1.532127195325e-32 8.038643244800e-34 -5.325249983860e-34 -2.704069524041e-02 4.817118501909e-01
12 2 1.275355946264e-56 -2.252256955817e-25 2.492841726722e-28 1.106148597900e-28 3.180575965651e-01 9.634237003819e-01
12 3 1.196656590900e-49 -1.554960160743e-21 -7.519589710758e-25 1.002396956123e-24 8.366308865255e-02 1.445135550573e+00
12 4 4.737202482734e-43 -1.370545888946e-18 -9.406947300414e-23 -3.322953609470e-21 -3.100632088918e-01 1.926847400764e+00
12 5 2.420926025487e-37 -1.579945757036e-16 1.208508477299e-19 2.968098649458e-18 -1.485134824930e-01 2.408559250955e+00
12 6 3.678748084685e-31 -1.562358597849e-14 2.738774394616e-15 -3.436276273582e-15 2.908033044310e-01 2.890271101146e+00
12 7 0.000000000000e+00 -4.723122966696e-13 0.000000000000e+00 0.000000000000e+00 2.294345900778e-01 3.371982951337e+00
12 8 0.000000000000e+00 -2.015302624005e-11 0.000000000000e+00 0.000000000000e+00 -2.452230316841e-01 3.853694801528e+00
12 9 0.000000000000e+00 -3.302079109037e-10 0.000000000000e+00 0.000000000000e+00 -3.388450969253e-01 4.335406651718e+00
12 10 0.000000000000e+00 -9.905321601149e-09 0.000000000000e+00 0.000000000000e+00 1.236150343320e-01 4.817118501909e+00
12 11 1.169566319187e-06 -1.042700856336e-07 -1.426347080770e-02 1.698390052867e-03 4.904334019786e-01 5.298830352100e+00
12 12 5.540544928901e-04 -3.052925777589e-06 2.211280152911e-01 -2.596660310770e-01 3.625823416208e-01 5.780542202291e+00
13 1 8.609947770895e-73 -1.474066637015e-35 8.783279413599e-37 -6.956017229942e-37 3.195133728729e-01 4.817118501909e-01
13 2 1.802332067005e-62 -4.245198254061e-28 3.159772753786e-31 7.259230575077e-32 5.039351204943e-02 9.634237003819e-01
13 3 1.067373104492e-54 -1.171660262469e-23 -1.170790592762e-27 3.554605842347e-27 -3.155375571073e-01 1.445135550573e+00
13 4 1.691962844987e-48 -8.684148440288e-21 -3.170056006167e-24 -5.424074301000e-24 -1.048601918540e-01 1.926847400764e+00
13 5 3.518952770995e-42 -2.750214181909e-18 7.868050791436e-21 8.146086229889e-21 3.053590360045e-01 2.408559250955e+00
13 6 1.472636382377e-36 -1.800045245692e-16 -3.187592516350e-18 -8.193562072795e-18 1.683092137974e-01 2.890271101146e+00
13 7 2.169219791807e-30 -1.315206849903e-14 -8.537846805387e-15 9.059663557016e-15 -2.829530848033e-01 3.371982951337e+00
13 8 0.000000000000e+00 -3.226834007106e-13 0.000000000000e+00 0.000000000000e+00 -2.476977877487e-01 3.853694801528e+00
13 9 0.000000000000e+00 -1.243942527513e-11 0.000000000000e+00 0.000000000000e+00 2.327103501667e-01 4.335406651718e+00
13 10 0.000000000000e+00 -1.843141182455e-10 0.000000000000e+00 0.000000000000e+00 3.536779458314e-01 4.817118501909e+00
13 11 0.000000000000e+00 -5.384755436952e-09 0.000000000000e+00 0.000000000000e+00 -1.048364849588e-01 5.298830352100e+00
13 12 1.012072738189e-06 -5.292562893741e-08 2.139733950002e-03 1.441897253880e-02 -4.945371232844e-01 5.780542202291e+00
13 13 4.193083080754e-04 -1.598784054911e-06 -2.617236224418e-01 -1.865969957186e-01 -3.788567589699e-01 6.262254052482e+00
14 1 3.072238949737e-79 -6.395325594687e-39 4.906396537738e-40 -4.551945524304e-40 2.316612040241e-02 4.817118501909e-01
14 2 7.566849986988e-68 -1.364336919092e-30 6.633979791606e-34 3.462325478459e-35 -3.181339694077e-01 9.634237003819e-01
14 3 2.572777903829e-60 -4.026925981193e-26 -1.417465433591e-31 5.808585610919e-30 -7.108525224712e-02 1.445135550573e+00
14 4 1.962255646627e-53 -9.623549208497e-23 -1.766825112541e-26 -1.206585029059e-26 3.125453385072e-01 1.926847400764e+00
14 5 1.423681666566e-47 -2.204045029199e-20 2.246843336893e-23 3.754715890674e-24 1.240321409828e-01 2.408559250955e+00
14 6 2.216733673038e-41 -3.765007124973e-18 -3.247798027100e-20 -1.042554293361e-20 -3.002637988315e-01 2.890271101146e+00
14 7 8.631177186091e-36 -1.684244587846e-16 1.155690856776e-17 2.197867542156e-17 -1.863572386098e-01 3.371982951337e+00
14 8 0.000000000000e+00 -9.960945121781e-15 0.000000000000e+00 0.000000000000e+00 2.748577941680e-01 3.853694801528e+00
14 9 0.000000000000e+00 -2.084152360625e-13 0.000000000000e+00 0.000000000000e+00 2.642806461126e-01 4.335406651718e+00
14 10 0.000000000000e+00 -7.450098117074e-12 0.000000000000e+00 0.000000000000e+00 -2.203027372154e-01 4.817118501909e+00
14 11 0.000000000000e+00 -1.014693348231e-10 0.000000000000e+00 0.000000000000e+00 -3.668813776765e-01 5.298830352100e+00
14 12 0.000000000000e+00 -2.911425200143e-09 0.000000000000e+00 0.000000000000e+00 8.690692855078e-02 5.780542202291e+00
14 13 8.578196227412e-07 -2.689996145734e-08 1.431404821194e-02 -2.544609420401e-03 4.978125455486e-01 6.262254052482e+00
14 14 3.182908852310e-04 -8.397169208932e-07 -1.554808109287e-01 2.584229865567e-01 3.941957407858e-01 6.743965902673e+00
15 1 3.141686072840e-85 -4.814603544507e-42 4.617868976618e-43 -4.947802868954e-43 -3.192196535804e-01 4.817118501909e-01
15 2 8.694545876589e-74 -1.966655146259e-33 7.079634748645e-37 -7.648619225988e-38 -4.356488973015e-02 9.634237003819e-01
15 3 1.868037787149e-65 -2.442909035207e-28 3.746821872486e-33 1.520143263571e-32 3.162746881759e-01 1.445135550573e+00
15 4 6.362385360524e-59 -4.824831098356e-25 -3.775664259466e-29 -7.657869373205e-30 8.974995524530e-02 1.926847400764e+00
15 5 1.909652034670e-52 -3.200963792164e-22 7.690964922761e-26 -3.233480367624e-26 -3.091651105285e-01 2.408559250955e+00
15 6 9.521151543331e-47 -3.575607255040e-20 -6.312003170551e-23 3.183220323049e-23 -1.415640073369e-01 2.890271101146e+00
15 7 1.308135201419e-40 -4.062471677819e-18 9.662589761337e-20 2.991818753747e-21 2.948504599515e-01 3.371982951337e+00
15 8 0.000000000000e+00 -1.382905283296e-16 0.000000000000e+00 0.000000000000e+00 2.029248363554e-01 3.853694801528e+00
15 9 0.000000000000e+00 -7.008455776154e-15 0.000000000000e+00 0.000000000000e+00 -2.665902075624e-01 4.335406651718e+00
15 10 0.000000000000e+00 -1.292634599449e-13 0.000000000000e+00 0.000000000000e+00 -2.794117479364e-01 4.817118501909e+00
15 11 0.000000000000e+00 -4.363016012175e-12 0.000000000000e+00 0.000000000000e+00 2.080472944296e-01 5.298830352100e+00
15 12 0.000000000000e+00 -5.528634217525e-11 0.000000000000e+00 0.000000000000e+00 3.786870295119e-01 5.780542202291e+00
15 13 0.000000000000e+00 -1.567742283563e-09 0.000000000000e+00 0.000000000000e+00 -6.977240216698e-02 6.262254052482e+00
15 14 7.154819324185e-07 -1.369068000478e-08 -2.901091080266e-03 -1.400157497074e-02 -5.004054875773e-01 6.743965902673e+00
15 15 2.422325626871e-04 -4.420438505042e-07 2.512327465516e-01 1.278512860701e-01 -4.086974848772e-01 7.225677752864e+00
16 1 8.939149320125e-92 -1.605325593963e-45 2.280822770099e-46 -2.798399066761e-46 -2.027495593125e-02 4.817118501909e-01
16 2 2.879754605979e-79 -5.064608350893e-36 1.254128329610e-39 -3.265324474853e-40 3.181797589544e-01 9.634237003819e-01
16 3 3.826550728756e-71 -6.610305811356e-31 1.046705478598e-35 1.981305853881e-35 6.188404194467e-02 1.445135550573e+00
16 4 6.312884487187e-64 -4.404124447286e-27 -1.197780747037e-31 1.948866882887e-32 -3.140333236737e-01 1.926847400764e+00
16 5 7.359328840718e-58 -2.084122750707e-24 1.011250617114e-28 -1.288343531983e-28 -1.068038676603e-01 2.408559250955e+00
16 6 1.381925562351e-51 -6.353695475632e-22 -1.088248622982e-25 2.463557552474e-25 3.054598640252e-01 2.890271101146e+00
16 7 5.746265413112e-46 -4.384763980614e-20 1.273478932733e-22 -1.575902928169e-22 1.577264542847e-01 3.371982951337e+00
16 8 7.551654186626e-40 -3.740385700214e-18 -2.649539851170e-19 1.627560936293e-20 -2.891798040659e-01 3.853694801528e+00
16 9 0.000000000000e+00 -1.036475366410e-16 0.000000000000e+00 0.000000000000e+00 -2.182145150543e-01 4.335406651718e+00
16 10 0.000000000000e+00 -4.674639470709e-15 0.000000000000e+00 0.000000000000e+00 2.582089148926e-01 4.817118501909e+00
16 11 0.000000000000e+00 -7.778607338001e-14 0.000000000000e+00 0.000000000000e+00 2.932743519882e-01 5.298830352100e+00
16 12 0.000000000000e+00 -2.511784717961e-12 0.000000000000e+00 0.000000000000e+00 -1.959774774006e-01 5.780542202291e+00
16 13 0.000000000000e+00 -2.988567975702e-11 0.000000000000e+00 0.000000000000e+00 -3.892833606962e-01 6.262254052482e+00
16 14 0.000000000000e+00 -8.415656658797e-10 0.000000000000e+00 0.000000000000e+00 5.338160251092e-02 6.743965902673e+00
16 15 5.892367807419e-07 -6.977121876900e-09 -1.352936373491e-02 3.202203939576e-03 5.024317112925e-01 7.225677752864e+00
16 16 1.847563935236e-04 -2.331149828284e-07 1.036003075885e-01 -2.413015854999e-01 4.224458108482e-01 7.707389603055e+00
17 1 7.151636270457e-98 -9.697726182710e-49 1.879722608125e-49 -2.625577404117e-49 3.190219129853e-01 4.817118501909e-01
17 2 2.724064033804e-85 -5.751485340695e-39 1.164990122576e-42 -4.811041519770e-43 3.839310998587e-02 9.634237003819e-01
17 3 2.281910554796e-76 -3.282624831046e-33 3.570854591785e-38 4.146326244819e-38 -3.167482528214e-01 1.445135550573e+00
17 4 1.813134187086e-69 -1.782095476713e-29 -1.811873479780e-34 9.730183768281e-35 -7.857469519318e-02 1.926847400764e+00
17 5 8.820325465323e-63 -2.540860938403e-26 1.160267143690e-31 -5.550103134575e-31 3.114742811250e-01 2.408559250955e+00
17 6 5.886658114375e-57 -5.011675661038e-24 1.117660389435e-28 5.445044841545e-28 1.225346380645e-01 2.890271101146e+00
17 7 8.672825747222e-51 -9.117451398728e-22 -1.063143282564e-25 -7.799339770303e-25 -3.014803421343e-01 3.371982951337e+00
17 8 3.322435997787e-45 -4.459257764589e-20 -2.367504652358e-22 5.039545886826e-22 -1.727186838414e-01 3.853694801528e+00
17 9 0.000000000000e+00 -3.081366673217e-18 0.000000000000e+00 0.000000000000e+00 2.833028597772e-01 4.335406651718e+00
17 10 0.000000000000e+00 -7.270097302089e-17 0.000000000000e+00 0.000000000000e+00 2.323851444019e-01 4.817118501909e+00
17 11 0.000000000000e+00 -2.995767468497e-15 0.000000000000e+00 0.000000000000e+00 -2.497610693692e-01 5.298830352100e+00
17 12 0.000000000000e+00 -4.573980159083e-14 0.000000000000e+00 0.000000000000e+00 -3.060185560685e-01 5.780542202291e+00
17 13 0.000000000000e+00 -1.426874800591e-12 0.000000000000e+00 0.000000000000e+00 1.841165597216e-01 6.262254052482e+00
17 14 0.000000000000e+00 -1.605582816321e-11 0.000000000000e+00 0.000000000000e+00 3.988258186377e-01 6.743965902673e+00
17 15 0.000000000000e+00 -4.506564462044e-10 0.000000000000e+00 0.000000000000e+00 -3.768628751939e-02 7.225677752864e+00
17 16 4.803566773140e-07 -3.560292703192e-09 3.445038429420e-03 1.293919020304e-02 -5.039841902035e-01 7.707389603055e+00
17 17 1.411863905408e-04 -1.231057953136e-07 -2.295225688355e-01 -8.252005879785e-02 -4.355128685331e-01 8.189101453246e+00
18 1 1.657081595417e-104 -2.560211305450e-52 8.290038102883e-53 -1.314823558646e-52 1.803192588395e-02 4.817118501909e-01
18 2 7.274184118343e-91 -1.210653791487e-41 1.788240211624e-45 -1.021994067029e-45 -3.182094754863e-01 9.634237003819e-01
18 3 3.977231795364e-82 -7.156650330883e-36 5.748050129976e-41 4.375933669738e-41 -5.483866221022e-02 1.445135550573e+00
18 4 1.534000178947e-74 -1.356405339973e-31 -4.176508281134e-37 4.282719698585e-37 3.150011973538e-01 1.926847400764e+00
18 5 3.126061305981e-68 -1.363755584849e-28 -2.276679807126e-34 -1.042884835534e-33 9.394670612443e-02 2.408559250955e+00
18 6 7.922408375391e-62 -7.594439629804e-26 1.408239732155e-30 1.474837582127e-30 -3.086448982904e-01 2.890271101146e+00
18 7 3.903287712645e-56 -8.327224127557e-24 -1.273860715875e-27 -1.079743699756e-27 -1.371498674083e-01 3.371982951337e+00
18 8 5.091654001934e-50 -1.052212343707e-21 1.057392162328e-24 1.906046494385e-24 2.972690075574e-01 3.853694801528e+00
18 9 0.000000000000e+00 -3.976017730175e-20 0.000000000000e+00 0.000000000000e+00 1.866929425631e-01 4.335406651718e+00
18 10 0.000000000000e+00 -2.340810469408e-18 0.000000000000e+00 0.000000000000e+00 -2.772626041117e-01 4.817118501909e+00
18 11 0.000000000000e+00 -4.852220557557e-17 0.000000000000e+00 0.000000000000e+00 -2.455648317786e-01 5.298830352100e+00
18 12 0.000000000000e+00 -1.861772026434e-15 0.000000000000e+00 0.000000000000e+00 2.412846171365e-01 5.780542202291e+00
18 13 0.000000000000e+00 -2.641481216030e-14 0.000000000000e+00 0.000000000000e+00 3.177693934374e-01 6.262254052482e+00
18 14 0.000000000000e+00 -8.020300000457e-13 0.000000000000e+00 0.000000000000e+00 -1.724801927685e-01 6.743965902673e+00
18 15 0.000000000000e+00 -8.583995526003e-12 0.000000000000e+00 0.000000000000e+00 -4.074440990724e-01 7.225677752864e+00
18 16 0.000000000000e+00 -2.408621115870e-10 0.000000000000e+00 0.000000000000e+00 2.264142016306e-02 7.707389603055e+00
18 17 3.883724369292e-07 -1.818981116288e-09 1.226657426957e-02 -3.629795330072e-03 5.051383537145e-01 8.189101453246e+00
18 18 1.080691993878e-04 -6.508158077808e-08 -6.435256096883e-02 2.165858285801e-01 4.479612130324e-01 8.670813303437e+00
19 1 1.064433487620e-110 -1.267241876785e-55 6.051796498815e-56 -1.088894354749e-55 -3.188823947400e-01 4.817118501909e-01
19 2 5.740454789523e-97 -1.109659597465e-44 1.468663035867e-48 -1.091255715824e-48 -3.433387654870e-02 9.634237003819e-01
19 3 1.971209662174e-87 -2.954800578905e-38 1.444034666282e-43 7.080729953600e-44 3.170716948728e-01 1.445135550573e+00
19 4 3.869783428546e-80 -4.510223844824e-34 -4.466618052111e-40 8.385881501931e-40 6.994443339730e-02 1.926847400764e+00
19 5 3.304999853987e-73 -1.408412429289e-30 -1.966457827720e-36 -2.860014863335e-36 -3.129894240624e-01 2.408559250955e+00
19 6 3.208341652754e-67 -5.028413946265e-28 3.925364402876e-33 1.196387003315e-33 -1.082214998365e-01 2.890271101146e+00
19 7 5.633260639433e-61 -1.496160006790e-25 -6.338694975063e-30 -2.565330128966e-31 3.055827154185e-01 3.371982951337e+00
19 8 2.352364690518e-55 -1.078561121852e-23 4.576589214472e-27 1.002529409146e-27 1.508050189811e-01 3.853694801528e+00
19 9 2.906083079784e-49 -1.041367777518e-21 -3.844573526460e-24 -4.420325521968e-24 -2.928620753820e-01 4.335406651718e+00
19 10 0.000000000000e+00 -3.220368361290e-20 0.000000000000e+00 0.000000000000e+00 -1.997692548337e-01 4.817118501909e+00
19 11 0.000000000000e+00 -1.673094729843e-18 0.000000000000e+00 0.000000000000e+00 2.710952957317e-01 5.298830352100e+00
19 12 0.000000000000e+00 -3.117035095031e-17 0.000000000000e+00 0.000000000000e+00 2.578591670995e-01 5.780542202291e+00
19 13 0.000000000000e+00 -1.129465053064e-15 0.000000000000e+00 0.000000000000e+00 -2.328100861990e-01 6.262254052482e+00
19 14 0.000000000000e+00 -1.503713231178e-14 0.000000000000e+00 0.000000000000e+00 -3.286324488418e-01 6.743965902673e+00
19 15 0.000000000000e+00 -4.469788402674e-13 0.000000000000e+00 0.000000000000e+00 1.610783063129e-01 7.225677752864e+00
19 16 0.000000000000e+00 -4.571486034541e-12 0.000000000000e+00 0.000000000000e+00 4.152474724097e-01 7.707389603055e+00
19 17 0.000000000000e+00 -1.285353106127e-10 0.000000000000e+00 0.000000000000e+00 -8.205153668973e-03 8.189101453246e+00
19 18 3.118784321983e-07 -9.304144333433e-10 -3.758952561971e-03 -1.154114968972e-02 -5.059559443247e-01 8.670813303437e+00
19 19 8.283876188300e-05 -3.443538905941e-08 2.030208704446e-01 4.882021906567e-02 -4.598454256016e-01 9.152525153628e+00
20 1 2.044764392089e-117 -2.713002749059e-59 2.399147547574e-59 -4.904747733164e-59 -1.623953095415e-02 4.817118501909e-01
20 2 1.259412996928e-102 -1.942165580466e-47 1.979925566003e-51 -1.850605497876e-51 3.182299119520e-01 9.634237003819e-01
20 3 2.940053401527e-93 -5.292711254310e-41 1.891357169562e-46 5.297919690737e-47 4.926008843049e-02 1.445135550573e+00
20 4 2.801216467095e-85 -2.897574796159e-36 -5.715738738002e-43 2.491573002184e-42 -3.156687154160e-01 1.926847400764e+00
20 5 1.059718715563e-78 -6.319658861789e-33 -5.098086128438e-39 -3.554714992984e-39 -8.394756010164e-02 2.408559250955e+00
20 6 3.925546487579e-72 -6.542358957418e-30 1.413305350827e-35 -2.509872888615e-36 3.107500961327e-01 2.890271101146e+00
20 7 2.480572627611e-66 -1.165105166295e-27 -1.123708844767e-32 7.137484920137e-33 1.215628406527e-01 3.371982951337e+00
20 8 3.532928259545e-60 -2.223521077783e-25 1.545906488613e-29 -9.522585866944e-30 -3.023189489363e-01 3.853694801528e+00
20 9 1.353337413635e-54 -1.171363471916e-23 -1.256192291423e-26 1.422474106451e-27 -1.636202296613e-01 4.335406651718e+00
20 10 0.000000000000e+00 -9.209319278701e-22 0.000000000000e+00 0.000000000000e+00 2.882907303080e-01 4.817118501909e+00
20 11 0.000000000000e+00 -2.426254355181e-20 0.000000000000e+00 0.000000000000e+00 2.120446906858e-01 5.298830352100e+00
20 12 0.000000000000e+00 -1.140941768096e-18 0.000000000000e+00 0.000000000000e+00 -2.648315630668e-01 5.780542202291e+00
20 13 0.000000000000e+00 -1.943127287468e-17 0.000000000000e+00 0.000000000000e+00 -2.693567319616e-01 6.262254052482e+00
20 14 0.000000000000e+00 -6.721239153438e-16 0.000000000000e+00 0.000000000000e+00 2.243620148808e-01 6.743965902673e+00
20 15 0.000000000000e+00 -8.461467841346e-15 0.000000000000e+00 0.000000000000e+00 3.386978895986e-01 7.225677752864e+00
20 16 0.000000000000e+00 -2.473730154074e-13 0.000000000000e+00 0.000000000000e+00 -1.499165281932e-01 7.707389603055e+00
20 17 0.000000000000e+00 -2.426951681088e-12 0.000000000000e+00 0.000000000000e+00 -4.223287793664e-01 8.189101453246e+00
20 18 0.000000000000e+00 -6.850678487214e-11 0.000000000000e+00 0.000000000000e+00 -5.661277192719e-03 8.670813303437e+00
20 19 2.490437885869e-07 -4.764337520652e-10 -1.078709663791e-02 3.836515597306e-03 5.064879020068e-01 9.152525153628e+00
20 20 6.357830686948e-05 -1.823211425990e-08 3.564446103911e-02 -1.892302441684e-01 4.712134001486e-01 9.634237003819e+00
21 1 1.077120457511e-123 -1.119686409347e-62 1.562789240875e-62 -3.641702593373e-62 3.187802630994e-01 4.817118501909e-01
21 2 8.396842303977e-109 -1.465742664784e-50 1.446857019464e-54 -1.674398229892e-54 3.105969890287e-02 9.634237003819e-01
21 3 1.225846727007e-98 -1.842327111298e-43 3.990081819086e-49 4.058286834165e-50 -3.173029648783e-01 1.445135550573e+00
21 4 6.199959951195e-91 -8.043423164314e-39 8.344683774866e-47 3.802131438613e-45 -6.306330964833e-02 1.926847400764e+00
21 5 9.847624888847e-84 -5.582223269788e-35 -1.823822790046e-41 -5.129375727071e-42 3.140415301511e-01 2.408559250955e+00
21 6 1.477587092582e-77 -3.676220196760e-32 2.277516042125e-38 -1.602631066566e-38 9.702240634476e-02 2.890271101146e+00
21 7 3.341750564570e-71 -1.818222765905e-29 -2.113444838155e-35 4.405374069187e-35 -3.083123569565e-01 3.371982951337e+00
21 8 1.636242757817e-65 -1.969867734106e-27 1.217001136021e-32 -3.713073037853e-32 -1.340955324487e-01 3.853694801528e+00
21 9 2.073818626210e-59 -2.705639930464e-25 -2.724451411439e-29 4.131413662735e-29 2.988802918089e-01 4.335406651718e+00
21 10 7.632044876805e-54 -1.117844474117e-23 3.190015276405e-26 -9.753190469896e-27 1.756908560380e-01 4.817118501909e+00
21 11 0.000000000000e+00 -7.480853869844e-22 0.000000000000e+00 0.000000000000e+00 -2.835819630700e-01 5.298830352100e+00
21 12 0.000000000000e+00 -1.728620649969e-20 0.000000000000e+00 0.000000000000e+00 -2.235994309649e-01 5.780542202291e+00
21 13 0.000000000000e+00 -7.497747820844e-19 0.000000000000e+00 0.000000000000e+00 2.584973055295e-01 6.262254052482e+00
21 14 0.000000000000e+00 -1.182575780023e-17 0.000000000000e+00 0.000000000000e+00 2.801329184825e-01 6.743965902673e+00
21 15 0.000000000000e+00 -3.937605974925e-16 0.000000000000e+00 0.000000000000e+00 -2.159600914474e-01 7.225677752864e+00
21 16 0.000000000000e+00 -4.716328102835e-15 0.000000000000e+00 0.000000000000e+00 -3.480434429190e-01 7.707389603055e+00
21 17 0.000000000000e+00 -1.361165610735e-13 0.000000000000e+00 0.000000000000e+00 1.389972514083e-01 8.189101453246e+00
21 18 0.000000000000e+00 -1.285147497980e-12 0.000000000000e+00 0.000000000000e+00 4.287674853282e-01 8.670813303437e+00
21 19 0.000000000000e+00 -3.647532197318e-11 0.000000000000e+00 0.000000000000e+00 1.899371727808e-02 9.152525153628e+00
21 20 1.979314423458e-07 -2.442187030520e-10 3.867433153814e-03 1.002376087466e-02 -5.067765524382e-01 9.634237003819e+00
21 21 4.884957991493e-05 -9.658040093305e-09 -1.755162400133e-01 -2.455683453729e-02 -4.821073776983e-01 1.011594885401e+01
22 1 1.741871032900e-130 -1.982278579314e-66 5.587036151099e-66 -1.492474698541e-65 1.477354790636e-02 4.817118501909e-01
22 2 1.538325418454e-114 -2.164716845361e-53 1.720304690503e-57 -2.451938774618e-57 -3.182446008709e-01 9.634237003819e-01
22 3 1.576065809102e-104 -2.756605232175e-46 4.539192024285e-52 -2.769994930047e-53 -4.472769539631e-02 1.445135550573e+00
22 4 3.863396910104e-96 -4.411528620528e-41 2.389048990984e-48 9.187880421053e-48 3.161498367763e-01 1.926847400764e+00
22 5 2.836825234326e-89 -2.120976805166e-37 -3.213105603086e-44 1.269215016864e-45 7.592915219241e-02 2.408559250955e+00
22 6 1.628635595047e-82 -4.138417448761e-34 4.836644229868e-41 -7.879727679507e-41 -3.122201957188e-01 2.890271101146e+00
22 7 1.401299783956e-76 -1.217546970628e-31 6.957233694021e-39 9.981329465445e-38 -1.093007966782e-01 3.371982951337e+00
22 8 2.346452836169e-70 -3.562449214715e-29 -4.775637304561e-35 -1.400514140336e-34 3.057002279264e-01 3.853694801528e+00
22 9 9.874859075441e-65 -2.661808238120e-27 2.320433039540e-32 1.054679558600e-31 1.459172106616e-01 4.335406651718e+00
22 10 1.178234048137e-58 -2.841772005628e-25 3.741966475516e-29 -1.256117138892e-28 -2.952899393411e-01 4.817118501909e+00
22 11 0.000000000000e+00 -9.673812060304e-24 0.000000000000e+00 0.000000000000e+00 -1.870943316715e-01 5.298830352100e+00
22 12 0.000000000000e+00 -5.690106748136e-22 0.000000000000e+00 0.000000000000e+00 2.787592043035e-01 5.780542202291e+00
22 13 0.000000000000e+00 -1.178499198294e-20 0.000000000000e+00 0.000000000000e+00 2.345008774229e-01 6.262254052482e+00
22 14 0.000000000000e+00 -4.783102553020e-19 0.000000000000e+00 0.000000000000e+00 -2.521144432357e-01 6.743965902673e+00
22 15 0.000000000000e+00 -7.058031365507e-18 0.000000000000e+00 0.000000000000e+00 -2.902526617791e-01 7.225677752864e+00
22 16 0.000000000000e+00 -2.277333759149e-16 0.000000000000e+00 0.000000000000e+00 2.076200646443e-01 7.707389603055e+00
22 17 0.000000000000e+00 -2.608251085994e-15 0.000000000000e+00 0.000000000000e+00 3.567366486391e-01 8.189101453246e+00
22 18 0.000000000000e+00 -7.453749125491e-14 0.000000000000e+00 0.000000000000e+00 -1.283204410104e-01 8.670813303437e+00
22 19 0.000000000000e+00 -6.790965206163e-13 0.000000000000e+00 0.000000000000e+00 -4.346320529138e-01 9.152525153628e+00
22 20 0.000000000000e+00 -1.940416566154e-11 0.000000000000e+00 0.000000000000e+00 -3.182527822228e-02 9.634237003819e+00
22 21 1.566847614273e-07 -1.253080922913e-10 9.266409394262e-03 -3.857177315632e-03 5.068572883770e-01 1.011594885401e+01
22 22 3.756918346904e-05 -5.118102239655e-09 -1.530530737144e-02 1.621020839122e-01 4.925647874945e-01 1.059766070420e+01
23 1 7.657574618482e-137 -6.922880722471e-70 3.256379630647e-69 -1.005199780340e-68 -3.187032447722e-01 4.817118501909e-01
23 2 8.765745878807e-121 -1.367783765789e-56 1.115436165599e-60 -1.966710428342e-60 -2.836106486556e-02 9.634237003819e-01
23 3 5.591880816606e-110 -8.189956625975e-49 8.369646471163e-55 -1.823505442210e-55 3.174743348351e-01 1.445135550573e+00
23 4 7.520181230827e-102 -1.036499471541e-43 6.044639984553e-51 1.178524100858e-50 5.744006434075e-02 1.926847400764e+00
23 5 2.319241038717e-94 -1.617387242093e-39 -8.686155115461e-47 3.014375938888e-47 -3.148041309068e-01 2.408559250955e+00
23 6 5.630686345930e-88 -1.994071157014e-36 2.896020447200e-44 -1.694563344195e-43 -8.799746347752e-02 2.890271101146e+00
23 7 1.738746385425e-81 -1.660615638736e-33 1.843741651804e-40 3.003744829360e-40 3.102281505824e-01 3.371982951337e+00
23 8 1.057347961812e-75 -2.745603903052e-31 -2.511422661332e-37 -1.886534783665e-37 1.208848866072e-01 3.853694801528e+00
23 9 1.472549466912e-69 -5.439944557559e-29 3.395380897193e-34 2.421112007172e-34 -3.029341758677e-01 4.335406651718e+00
23 10 5.679222282325e-64 -3.048764104537e-27 -1.647241870286e-31 -2.359415863395e-31 -1.571060242334e-01 4.817118501909e+00
23 11 0.000000000000e+00 -2.669714178547e-25 0.000000000000e+00 0.000000000000e+00 2.915682364879e-01 5.298830352100e+00
23 12 0.000000000000e+00 -7.760616180485e-24 0.000000000000e+00 0.000000000000e+00 1.978947703200e-01 5.780542202291e+00
23 13 0.000000000000e+00 -4.108970945463e-22 0.000000000000e+00 0.000000000000e+00 -2.738428340630e-01 6.262254052482e+00
23 14 0.000000000000e+00 -7.755404307672e-21 0.000000000000e+00 0.000000000000e+00 -2.448065252158e-01 6.743965902673e+00
23 15 0.000000000000e+00 -2.978491591489e-19 0.000000000000e+00 0.000000000000e+00 2.457015415003e-01 7.225677752864e+00
23 16 0.000000000000e+00 -4.145379783199e-18 0.000000000000e+00 0.000000000000e+00 2.997724498094e-01 7.707389603055e+00
23 17 0.000000000000e+00 -1.303076821899e-16 0.000000000000e+00 0.000000000000e+00 -1.993544733138e-01 8.189101453246e+00
23 18 0.000000000000e+00 -1.432981649280e-15 0.000000000000e+00 0.000000000000e+00 -3.648365988527e-01 8.670813303437e+00
23 19 0.000000000000e+00 -4.065103307706e-14 0.000000000000e+00 0.000000000000e+00 1.178842475672e-01 9.152525153628e+00
23 20 0.000000000000e+00 -3.582240884511e-13 0.000000000000e+00 0.000000000000e+00 4.399818106768e-01 9.634237003819e+00
23 21 0.000000000000e+00 -1.031527840100e-11 0.000000000000e+00 0.000000000000e+00 4.418653497939e-02 1.011594885401e+01
23 22 1.236144057035e-07 -6.435434928533e-11 -3.811344194181e-03 -8.526680414067e-03 -5.067598763333e-01 1.059766070420e+01
23 23 2.891827266063e-05 -2.713034842736e-09 1.491487579929e-01 7.657504706740e-03 -5.026189374098e-01 1.107937255439e+01
24 1 1.056259816944e-143 -1.030149899642e-73 1.048045483561e-72 -3.781767128203e-72 -1.355178795260e-02 4.817118501909e-01
24 2 1.359912072419e-126 -1.726325957380e-59 1.160315720782e-63 -2.566051431845e-63 3.182555315934e-01 9.634237003819e-01
24 3 6.245146416023e-116 -1.038226056352e-51 8.470717069146e-58 -3.192992103939e-58 4.096917545451e-02 1.445135550573e+00
24 4 4.062498680546e-107 -4.903521738265e-46 1.939437827754e-53 2.390713803701e-53 -3.165087606709e-01 1.926847400764e+00
24 5 5.990462812379e-100 -5.263547073951e-42 -1.209425415398e-49 8.489987070082e-50 -6.934484545893e-02 2.408559250955e+00
24 6 5.571876033371e-93 -1.957238054831e-38 -1.014314185205e-46 -5.311932606070e-46 3.132906730455e-01 2.890271101146e+00
24 7 6.834569190613e-87 -9.643058549462e-36 5.882473136888e-43 3.771432399491e-43 9.937605669510e-02 3.371982951337e+00
24 8 1.424439733945e-80 -4.378002554477e-33 -1.148420982985e-39 -1.014558320109e-40 -3.080845704979e-01 3.853694801528e+00
24 9 6.950884253311e-75 -4.703976904164e-31 9.043400802466e-37 -5.521673546157e-38 -1.318555988769e-01 4.335406651718e+00
24 10 8.663521808318e-69 -6.908821664197e-29 -1.113603173472e-33 -1.517258792613e-34 3.000320133862e-01 4.817118501909e+00
24 11 3.188412000190e-63 -3.080001577285e-27 5.750301891311e-31 4.814869380334e-31 1.677257877114e-01 5.298830352100e+00
24 12 0.000000000000e+00 -2.299975372163e-25 0.000000000000e+00 0.000000000000e+00 -2.877331277939e-01 5.780542202291e+00
24 13 0.000000000000e+00 -5.863515331712e-24 0.000000000000e+00 0.000000000000e+00 -2.081461455841e-01 6.262254052482e+00
24 14 0.000000000000e+00 -2.845858383921e-22 0.000000000000e+00 0.000000000000e+00 2.688506046571e-01 6.743965902673e+00
24 15 0.000000000000e+00 -4.958729072537e-21 0.000000000000e+00 0.000000000000e+00 2.545660263722e-01 7.225677752864e+00
24 16 0.000000000000e+00 -1.818141808562e-19 0.000000000000e+00 0.000000000000e+00 -2.392743314979e-01 7.707389603055e+00
24 17 0.000000000000e+00 -2.402360380896e-18 0.000000000000e+00 0.000000000000e+00 -3.087418374954e-01 8.189101453246e+00
24 18 0.000000000000e+00 -7.389284602865e-17 0.000000000000e+00 0.000000000000e+00 1.911732331412e-01 8.670813303437e+00
24 19 0.000000000000e+00 -7.829312380775e-16 0.000000000000e+00 0.000000000000e+00 3.723953050086e-01 9.152525153628e+00
24 20 0.000000000000e+00 -2.209354807353e-14 0.000000000000e+00 0.000000000000e+00 -1.076854757840e-01 9.634237003819e+00
24 21 0.000000000000e+00 -1.886904456923e-13 0.000000000000e+00 0.000000000000e+00 -4.448684428684e-01 1.011594885401e+01
24 22 0.000000000000e+00 -5.480305237595e-12 0.000000000000e+00 0.000000000000e+00 -5.610572152872e-02 1.059766070420e+01
24 23 9.724192778693e-08 -3.307893538672e-11 -7.813249447919e-03 3.735447026412e-03 5.065094824457e-01 1.107937255439e+01
24 24 2.227614170930e-05 -1.438450630434e-09 1.401988156378e-03 -1.367683715558e-01 5.122995853914e-01 1.156108440458e+01
25 1 3.932762853608e-150 -3.083041910551e-77 5.442277065721e-76 -2.331897276632e-75 3.186437242757e-01 4.817118501909e-01
25 2 6.691822812994e-133 -9.262221928706e-63 6.541127977544e-67 -1.864076340654e-66 2.609740453842e-02 9.634237003819e-01
25 3 1.905377628847e-121 -2.661527293836e-54 1.388143483270e-60 -7.571505501033e-61 -3.176050030707e-01 1.445135550573e+00
25 4 6.982503655155e-113 -9.868960502399e-49 3.107542266039e-56 2.575238490280e-56 -5.275377958866e-02 1.926847400764e+00
25 5 4.322308338219e-105 -3.495325388979e-44 -2.544364185271e-52 3.046459610350e-52 3.153757896047e-01 2.408559250955e+00
25 6 1.759157977258e-98 -8.164528196927e-41 -4.827765706644e-49 -8.308232396407e-49 8.055594249144e-02 2.890271101146e+00
25 7 7.756753577616e-92 -1.156870781705e-37 2.328463333990e-45 3.461216325064e-46 -3.116288040990e-01 3.371982951337e+00
25 8 6.129206071135e-86 -2.955396038205e-35 -2.171563744224e-42 1.001776541906e-42 -1.101497832464e-01 3.853694801528e+00
25 9 9.907822922872e-80 -8.542145046169e-33 2.630132245258e-39 -2.187067536902e-39 3.058057032213e-01 4.335406651718e+00
25 10 4.205939429256e-74 -6.574916551610e-31 -2.002437229652e-36 1.456867374808e-36 1.422783031629e-01 4.817118501909e+00
25 11 4.919458666358e-68 -7.626230574514e-29 2.873976975651e-33 -6.473075728141e-34 -2.970094523763e-01 5.298830352100e+00
25 12 1.771852727140e-62 -2.822122391528e-27 -1.642478959575e-30 -1.011077373743e-30 -1.778295282678e-01 5.780542202291e+00
25 13 0.000000000000e+00 -1.850023382367e-25 0.000000000000e+00 0.000000000000e+00 2.838004958932e-01 6.262254052482e+00
25 14 0.000000000000e+00 -4.221504510048e-24 0.000000000000e+00 0.000000000000e+00 2.178945445335e-01 6.743965902673e+00
25 15 0.000000000000e+00 -1.905010589041e-22 0.000000000000e+00 0.000000000000e+00 -2.637979974501e-01 7.225677752864e+00
25 16 0.000000000000e+00 -3.096069853635e-21 0.000000000000e+00 0.000000000000e+00 -2.638227087411e-01 7.707389603055e+00
25 17 0.000000000000e+00 -1.091533276499e-19 0.000000000000e+00 0.000000000000e+00 2.328461448159e-01 8.189101453246e+00
25 18 0.000000000000e+00 -1.376663185459e-18 0.000000000000e+00 0.000000000000e+00 3.172046115082e-01 8.670813303437e+00
25 19 0.000000000000e+00 -4.158301458624e-17 0.000000000000e+00 0.000000000000e+00 -1.830841103968e-01 9.152525153628e+00
25 20 0.000000000000e+00 -4.257536998470e-16 0.000000000000e+00 0.000000000000e+00 -3.794587885320e-01 9.634237003819e+00
25 21 0.000000000000e+00 -1.197212704046e-14 0.000000000000e+00 0.000000000000e+00 9.771994389357e-02 1.011594885401e+01
25 22 0.000000000000e+00 -9.927044967568e-14 0.000000000000e+00 0.000000000000e+00 4.493371898333e-01 1.059766070420e+01
25 23 0.000000000000e+00 -2.910078325050e-12 0.000000000000e+00 0.000000000000e+00 6.760891966687e-02 1.107937255439e+01
25 24 7.630549487518e-08 -1.701679366174e-11 3.634739132752e-03 7.132334445157e-03 -5.061274853698e-01 1.156108440458e+01
25 25 1.717107938702e-05 -7.627829526018e-10 -1.250348086913e-01 3.651687455992e-03 -5.216334159311e-01 1.204279625477e+01
26 1 4.679890054271e-157 -3.909374216072e-81 1.559004484227e-79 -8.111832810802e-79 1.251763599346e-02 4.817118501909e-01
26 2 8.898578945312e-139 -1.010118091340e-65 5.727153531520e-70 -2.204906479420e-69 -3.182638965602e-01 9.634237003819e-01
26 3 1.862352152043e-127 -2.893572277818e-57 1.261373775192e-63 -9.234163976965e-64 -3.779999214892e-02 1.445135550573e+00
26 4 3.293682243190e-118 -4.064708978991e-51 7.673893899767e-59 4.236253299047e-59 3.167840366945e-01 1.926847400764e+00
26 5 1.001698696703e-110 -9.842596565153e-47 -2.607629797954e-55 5.450865306100e-55 6.383485691098e-02 2.408559250955e+00
26 6 1.562477585190e-103 -7.038661782704e-43 -2.143262009788e-51 -1.899342981263e-51 -3.140962498012e-01 2.890271101146e+00
26 7 2.832432510254e-97 -5.872085009100e-40 4.357482188152e-48 -1.116993195136e-48 -9.116269860799e-02 3.371982951337e+00
26 8 7.681955353112e-91 -4.177600221231e-37 -5.125681364564e-45 6.738602087964e-45 3.098342717404e-01 3.853694801528e+00
26 9 4.540800374014e-85 -6.527996027722e-35 2.061699397852e-42 -7.026732533963e-42 1.203866787215e-01 4.335406651718e+00
26 10 6.225496686970e-79 -1.332945252169e-32 -2.183657399149e-39 9.273551435331e-39 -3.034056568224e-01 4.817118501909e+00
26 11 2.424057322843e-73 -7.869110629170e-31 3.132110416593e-36 -5.740585680694e-36 -1.522067331112e-01 5.298830352100e+00
26 12 2.744538936151e-67 -7.546830913879e-29 -6.798647754056e-33 3.376408637744e-33 2.938804698735e-01 5.780542202291e+00
26 13 0.000000000000e+00 -2.393093211955e-27 0.000000000000e+00 0.000000000000e+00 1.874619863723e-01 6.262254052482e+00
26 14 0.000000000000e+00 -1.408024102984e-25 0.000000000000e+00 0.000000000000e+00 -2.797844312431e-01 6.743965902673e+00
26 15 0.000000000000e+00 -2.921885870582e-24 0.000000000000e+00 0.000000000000e+00 -2.271798025622e-01 7.225677752864e+00
26 16 0.000000000000e+00 -1.239794777316e-22 0.000000000000e+00 0.000000000000e+00 2.586985264906e-01 7.707389603055e+00
26 17 0.000000000000e+00 -1.895089751443e-21 0.000000000000e+00 0.000000000000e+00 2.726147188128e-01 8.189101453246e+00
26 18 0.000000000000e+00 0.000000000000e+00 0.000000000000e+00 0.000000000000e+00 -2.264282767386e-01 8.670813303437e+00
26 19 0.000000000000e+00 -7.813965534486e-19 0.000000000000e+00 0.000000000000e+00 -3.251997028463e-01 9.152525153628e+00
26 20 0.000000000000e+00 -2.324824300244e-17 0.000000000000e+00 0.000000000000e+00 1.750931060098e-01 9.634237003819e+00
26 21 0.000000000000e+00 -2.305891404306e-16 0.000000000000e+00 0.000000000000e+00 3.860679623124e-01 1.011594885401e+01
26 22 0.000000000000e+00 -6.470915214356e-15 0.000000000000e+00 0.000000000000e+00 -8.798276012475e-02 1.059766070420e+01
26 23 0.000000000000e+00 -5.217342617316e-14 0.000000000000e+00 0.000000000000e+00 -4.534278244524e-01 1.107937255439e+01
26 24 0.000000000000e+00 -1.544584980495e-12 0.000000000000e+00 0.000000000000e+00 -7.872023747615e-02 1.156108440458e+01
26 25 5.974871971948e-08 -8.760638763489e-12 6.488186563198e-03 -3.514125860734e-03 5.056321258339e-01 1.204279625477e+01
26 26 1.324381371663e-05 -4.045310752015e-10 7.673679781124e-03 1.139922514364e-01 5.306444399786e-01 1.252450810496e+01
27 1 1.494389474230e-163 -1.013617396686e-84 7.069807339574e-83 -4.613916616977e-82 -3.185967711205e-01 4.817118501909e-01
27 2 3.816554183291e-145 -4.657902740814e-69 2.585720096560e-73 -1.469333035335e-72 -2.417074212691e-02 9.634237003819e-01
27 3 4.932530987475e-133 -6.461997068337e-60 1.846421597745e-66 -1.750185652456e-66 3.177070024206e-01 1.445135550573e+00
27 4 5.022286476160e-124 -7.081681371487e-54 1.025612914864e-61 3.459899708855e-62 4.878531557107e-02 1.926847400764e+00
27 5 6.405555747733e-116 -5.737230315064e-49 -3.168118055042e-58 1.494804084665e-57 -3.158160748803e-01 2.408559250955e+00
27 6 4.494555712771e-109 -2.563997587352e-45 -4.430706020611e-54 -1.989900883491e-54 -7.430641591374e-02 2.890271101146e+00
27 7 2.931178327619e-102 -6.235376599201e-42 1.171345033659e-50 -8.497227750039e-51 3.126864066669e-01 3.371982951337e+00
27 8 3.119812024041e-96 -2.486555849771e-39 -3.221354494840e-48 1.675520121001e-47 1.012364299235e-01 3.853694801528e+00
27 9 6.114683343476e-90 -1.058195610293e-36 -7.160932181594e-45 -2.590073251385e-44 -3.079203495037e-01 4.335406651718e+00
27 10 2.978162423752e-84 -1.130169462046e-34 8.743625266176e-42 1.891460030524e-41 -1.301422206759e-01 4.817118501909e+00
27 11 3.675119094039e-78 -1.753646160710e-32 -7.287009701825e-39 -2.439779046498e-38 3.008968872912e-01 5.298830352100e+00
27 12 1.359738027924e-72 -8.344013742028e-31 -2.912220406836e-36 1.664321851036e-35 1.616857475571e-01 5.780542202291e+00
27 13 0.000000000000e+00 -6.847201335344e-29 0.000000000000e+00 0.000000000000e+00 -2.906575677333e-01 6.262254052482e+00
27 14 0.000000000000e+00 -1.906330845430e-27 0.000000000000e+00 0.000000000000e+00 -1.966614172646e-01 6.743965902673e+00
27 15 0.000000000000e+00 -1.024227642496e-25 0.000000000000e+00 0.000000000000e+00 2.756974552983e-01 7.225677752864e+00
27 16 0.000000000000e+00 -1.957495808717e-24 0.000000000000e+00 0.000000000000e+00 2.360367146640e-01 7.707389603055e+00
27 17 0.000000000000e+00 -7.880877470328e-23 0.000000000000e+00 0.000000000000e+00 -2.535639981112e-01 8.189101453246e+00
27 18 0.000000000000e+00 -1.140716886878e-21 0.000000000000e+00 0.000000000000e+00 -2.809758985089e-01 8.670813303437e+00
27 19 0.000000000000e+00 -3.780037409078e-20 0.000000000000e+00 0.000000000000e+00 2.200302905722e-01 9.152525153628e+00
27 20 0.000000000000e+00 -4.399142010244e-19 0.000000000000e+00 0.000000000000e+00 3.327619133774e-01 9.634237003819e+00
27 21 0.000000000000e+00 -1.292459935811e-17 0.000000000000e+00 0.000000000000e+00 -1.672047682107e-01 1.011594885401e+01
27 22 0.000000000000e+00 -1.244534313472e-16 0.000000000000e+00 0.000000000000e+00 -3.922593513282e-01 1.059766070420e+01
27 23 0.000000000000e+00 -3.489755228934e-15 0.000000000000e+00 0.000000000000e+00 7.846853583009e-02 1.107937255439e+01
27 24 0.000000000000e+00 -2.739728294543e-14 0.000000000000e+00 0.000000000000e+00 4.571754531802e-01 1.156108440458e+01
27 25 0.000000000000e+00 -8.195048216047e-13 0.000000000000e+00 0.000000000000e+00 8.946197577060e-02 1.204279625477e+01
27 26 0.000000000000e+00 -4.513425993041e-12 0.000000000000e+00 0.000000000000e+00 -5.050390296881e-01 1.252450810496e+01
27 27 1.022016960406e-05 -2.145508953709e-10 1.036619296324e-01 -1.081497830397e-02 -5.393543326114e-01 1.300621995516e+01
28 1 1.549378296434e-170 -1.108208210545e-88 1.734068251948e-86 -1.492952796849e-85 -1.163078714303e-02 4.817118501909e-01
28 2 4.396327706121e-151 -4.431873560281e-72 1.558554848384e-76 -1.593621569862e-75 3.182704472836e-01 9.634237003819e-01
28 3 4.249282099697e-139 -6.089152375056e-63 1.504315041795e-69 -1.820138945484e-69 3.509041697324e-02 1.445135550573e+00
28 4 2.083032266335e-129 -2.560512838757e-56 2.178185858391e-64 3.387779992690e-65 -3.170000163612e-01 1.926847400764e+00
28 5 1.334770109975e-121 -1.410637097285e-51 3.880370163946e-62 2.205379282170e-60 -5.915196889413e-02 2.408559250955e+00
28 6 3.588657519943e-114 -1.954812170844e-47 -1.360129635771e-56 -1.834364893148e-57 3.147188061830e-01 2.890271101146e+00
28 7 9.894721173510e-108 -2.786966786198e-44 1.470061965243e-53 -2.215368091107e-53 8.424333274661e-02 3.371982951337e+00
28 8 3.617856422681e-101 -3.132653328954e-41 1.409608395746e-50 5.636640245491e-50 -3.111594758604e-01 3.853694801528e+00
28 9 2.683834973630e-95 -7.186537809895e-39 -4.010695809419e-47 -3.950905574406e-47 -1.108349784147e-01 4.335406651718e+00
28 10 4.221970648171e-89 -2.057949419811e-36 6.829091576974e-44 3.862565968142e-44 3.058985194410e-01 4.817118501909e+00
28 11 1.807652509610e-83 -1.623939084634e-34 -4.836056619489e-41 -2.915918472243e-41 1.394623388995e-01 5.298830352100e+00
28 12 2.090528023229e-77 -2.019027129376e-32 4.252143005550e-38 5.080357387897e-38 -2.982905160390e-01 5.780542202291e+00
28 13 7.524287491239e-72 -8.034917569837e-31 -1.930456871517e-36 -4.301464912705e-35 -1.707533162598e-01 6.262254052482e+00
28 14 0.000000000000e+00 -5.791533879808e-29 0.000000000000e+00 0.000000000000e+00 2.873519688736e-01 6.743965902673e+00
28 15 0.000000000000e+00 -1.442822545228e-27 0.000000000000e+00 0.000000000000e+00 2.054609146432e-01 7.225677752864e+00
28 16 0.000000000000e+00 -7.176423329220e-26 0.000000000000e+00 0.000000000000e+00 -2.715507095748e-01 7.707389603055e+00
28 17 0.000000000000e+00 -1.276120595690e-24 0.000000000000e+00 0.000000000000e+00 -2.444959502426e-01 8.189101453246e+00
28 18 0.000000000000e+00 -4.910897783030e-23 0.000000000000e+00 0.000000000000e+00 2.484047335220e-01 8.670813303437e+00
28 19 0.000000000000e+00 -6.769268078209e-22 0.000000000000e+00 0.000000000000e+00 2.889364697408e-01 9.152525153628e+00
28 20 0.000000000000e+00 -2.188730211844e-20 0.000000000000e+00 0.000000000000e+00 -2.136602731799e-01 9.634237003819e+00
28 21 0.000000000000e+00 -2.459275468971e-19 0.000000000000e+00 0.000000000000e+00 -3.399225024908e-01 1.011594885401e+01
28 22 0.000000000000e+00 -7.150242233872e-18 0.000000000000e+00 0.000000000000e+00 1.594224480305e-01 1.059766070420e+01
28 23 0.000000000000e+00 -6.696741561146e-17 0.000000000000e+00 0.000000000000e+00 3.980656877043e-01 1.107937255439e+01
28 24 0.000000000000e+00 -1.878370647707e-15 0.000000000000e+00 0.000000000000e+00 -6.917154996213e-02 1.156108440458e+01
28 25 0.000000000000e+00 -1.437646214976e-14 0.000000000000e+00 0.000000000000e+00 -4.606111782338e-01 1.204279625477e+01
28 26 0.000000000000e+00 -4.346550019604e-13 0.000000000000e+00 0.000000000000e+00 -9.985478190443e-02 1.252450810496e+01
28 27 3.643466632297e-08 -2.326866315933e-12 -5.318861615105e-03 3.230355262115e-03 5.043616320754e-01 1.300621995516e+01
28 28 7.890569099896e-06 -1.137947684252e-10 -1.320881310408e-02 -9.404761384519e-02 5.477827197148e-01 1.348793180535e+01
29 1 4.289247727252e-177 -2.513027139363e-92 6.364366394227e-90 -7.882369509147e-89 3.185590780675e-01 4.817118501909e-01
29 2 1.657126739278e-157 -1.774897175159e-75 2.328697707265e-80 -9.827956896294e-79 2.251062321304e-02 9.634237003819e-01
29 3 9.853627254145e-145 -1.194732361643e-65 1.952980503653e-72 -3.019223026630e-72 -3.177882009068e-01 1.445135550573e+00
29 4 2.831728353100e-135 -3.897544353465e-59 2.570058372464e-67 -2.470460390307e-69 -4.537960110427e-02 1.926847400764e+00
29 5 7.599692556786e-127 -7.270017262384e-54 1.219824687122e-63 5.119835554693e-63 3.161628181092e-01 2.408559250955e+00
29 6 9.403226838463e-120 -6.267142236361e-50 -2.199663235249e-59 3.114696200010e-60 6.897844188971e-02 2.890271101146e+00
29 7 9.329485099136e-113 -2.634969705474e-46 1.989880608935e-56 -7.917804181077e-56 -3.135061079425e-01 3.371982951337e+00
29 8 1.376946348600e-106 -1.654402422123e-43 6.928491106104e-53 8.971105995162e-53 -9.370614742411e-02 3.853694801528e+00
29 9 3.389100198873e-100 -1.044739050441e-40 -1.920677081128e-49 -5.598495389775e-50 3.095265532556e-01 4.335406651718e+00
29 10 1.960122273902e-94 -1.561708729996e-38 1.686106875141e-46 -1.219925254879e-47 1.200059457475e-01 4.817118501909e+00
29 11 2.656737621442e-88 -3.268553934057e-36 -2.140816715511e-43 3.222341561527e-44 -3.037789027146e-01 5.298830352100e+00
29 12 1.045341536233e-82 -2.016698633481e-34 1.478686188646e-40 9.048472408175e-42 -1.483855835792e-01 5.780542202291e+00
29 13 1.164824688423e-76 -2.090163520398e-32 -1.422466669667e-37 -9.201739580200e-38 2.955965481610e-01 6.262254052482e+00
29 14 0.000000000000e+00 -7.157101142453e-31 0.000000000000e+00 0.000000000000e+00 1.794419744238e-01 6.743965902673e+00
29 15 0.000000000000e+00 -4.624854189871e-29 0.000000000000e+00 0.000000000000e+00 -2.839737732784e-01 7.225677752864e+00
29 16 0.000000000000e+00 -1.046649356741e-27 0.000000000000e+00 0.000000000000e+00 -2.138894010719e-01 7.707389603055e+00
29 17 0.000000000000e+00 -4.872882869982e-26 0.000000000000e+00 0.000000000000e+00 2.673541181198e-01 8.189101453246e+00
29 18 0.000000000000e+00 -8.129629743924e-25 0.000000000000e+00 0.000000000000e+00 2.525847561767e-01 8.670813303437e+00
29 19 0.000000000000e+00 -3.008739735120e-23 0.000000000000e+00 0.000000000000e+00 -2.432297600772e-01 9.152525153628e+00
29 20 0.000000000000e+00 0.000000000000e+00 0.000000000000e+00 0.000000000000e+00 -2.965235773350e-01 9.634237003819e+00
29 21 0.000000000000e+00 -1.256174439174e-20 0.000000000000e+00 0.000000000000e+00 2.073250501028e-01 1.011594885401e+01
29 22 0.000000000000e+00 -1.366451170871e-19 0.000000000000e+00 0.000000000000e+00 3.467096667365e-01 1.059766070420e+01
29 23 0.000000000000e+00 -3.938863919358e-18 0.000000000000e+00 0.000000000000e+00 -1.517485088820e-01 1.107937255439e+01
29 24 0.000000000000e+00 -3.593992332858e-17 0.000000000000e+00 0.000000000000e+00 -4.035164064636e-01 1.156108440458e+01
29 25 0.000000000000e+00 -1.009316755429e-15 0.000000000000e+00 0.000000000000e+00 6.008587599128e-02 1.204279625477e+01
29 26 0.000000000000e+00 -7.539299976864e-15 0.000000000000e+00 0.000000000000e+00 4.637626488129e-01 1.252450810496e+01
29 27 0.000000000000e+00 -2.304669330639e-13 0.000000000000e+00 0.000000000000e+00 1.099177909988e-01 1.300621995516e+01
29 28 2.838937132477e-08 -1.200368029804e-12 3.074793505977e-03 4.795468340752e-03 -5.036115236741e-01 1.348793180535e+01
29 29 6.094552094401e-06 -6.035544837594e-11 -8.513982333514e-02 1.497212926625e-02 -5.559474226022e-01 1.396964365554e+01
30 1 3.908445919442e-184 -2.393198736116e-96 1.114936258053e-93 -2.384542730002e-92 1.086174932049e-02 4.817118501909e-01
30 2 1.668946079583e-163 -1.485928508725e-78 -4.669992647325e-83 -9.854652502557e-82 -3.182756772759e-01 9.634237003819e-01
30 3 7.531129941560e-151 -9.848445485015e-69 1.401494981714e-75 -2.813910515215e-75 -3.274646176290e-02 1.445135550573e+00
30 4 1.039482344215e-140 -1.246402310393e-61 4.855962132157e-70 -8.176238144225e-71 3.171727305692e-01 1.926847400764e+00
30 5 1.427991229648e-132 -1.573428676177e-56 3.079972894493e-66 6.524085254490e-66 5.512030177824e-02 2.408559250955e+00
30 6 6.766221908188e-125 -4.252364098882e-52 -5.481923306838e-62 2.337267109262e-62 -3.152105796074e-01 2.890271101146e+00
30 7 2.904640480441e-118 -1.044104196962e-48 -1.116677401487e-59 -1.436192626353e-58 -7.832810770527e-02 3.371982951337e+00
30 8 1.473278296075e-111 -1.867237474283e-45 3.215585675249e-55 1.845905851879e-55 3.121892571042e-01 3.853694801528e+00
30 9 1.411889790139e-105 -6.339047762517e-43 -4.013690791982e-52 7.512039025886e-53 1.027444889343e-01 4.335406651718e+00
30 10 2.637909421830e-99 -2.564625563011e-40 5.023349194092e-49 -3.636814136204e-49 -3.077972004720e-01 4.817118501909e+00
30 11 1.283469387526e-93 -2.726679650375e-38 -3.311424852174e-46 3.417165429094e-46 -1.287890304877e-01 5.298830352100e+00
30 12 1.574396788752e-87 -4.429252979428e-36 4.394224744604e-43 -3.707470356376e-43 3.015705413321e-01 5.780542202291e+00
30 13 5.871619817535e-82 -2.229260822148e-34 -3.617014823358e-40 1.176814631242e-40 1.569447138511e-01 6.262254052482e+00
30 14 0.000000000000e+00 -1.985293102662e-32 0.000000000000e+00 0.000000000000e+00 -2.928240308560e-01 6.743965902673e+00
30 15 0.000000000000e+00 -5.980188356334e-31 0.000000000000e+00 0.000000000000e+00 -1.877799062966e-01 7.225677752864e+00
30 16 0.000000000000e+00 -3.521036484991e-29 0.000000000000e+00 0.000000000000e+00 2.805320867569e-01 7.707389603055e+00
30 17 0.000000000000e+00 -7.327258864371e-28 0.000000000000e+00 0.000000000000e+00 2.219723814704e-01 8.189101453246e+00
30 18 0.000000000000e+00 -3.222026888557e-26 0.000000000000e+00 0.000000000000e+00 -2.631165283467e-01 8.670813303437e+00
30 19 0.000000000000e+00 -5.078239927003e-25 0.000000000000e+00 0.000000000000e+00 -2.603275058161e-01 9.152525153628e+00
30 20 0.000000000000e+00 -1.816705732828e-23 0.000000000000e+00 0.000000000000e+00 2.380469759286e-01 9.634237003819e+00
30 21 0.000000000000e+00 -2.301732977706e-22 0.000000000000e+00 0.000000000000e+00 3.037617257374e-01 1.011594885401e+01
30 22 0.000000000000e+00 -7.154335231845e-21 0.000000000000e+00 0.000000000000e+00 -2.010303671444e-01 1.059766070420e+01
30 23 0.000000000000e+00 -7.552078336207e-20 0.000000000000e+00 0.000000000000e+00 -3.531489363237e-01 1.107937255439e+01
30 24 0.000000000000e+00 -2.161694472653e-18 0.000000000000e+00 0.000000000000e+00 1.441844990781e-01 1.156108440458e+01
30 25 0.000000000000e+00 -1.924374520587e-17 0.000000000000e+00 0.000000000000e+00 4.086380618299e-01 1.204279625477e+01
30 26 0.000000000000e+00 -5.415275708032e-16 0.000000000000e+00 0.000000000000e+00 -5.120547970015e-02 1.252450810496e+01
30 27 0.000000000000e+00 -3.951707751961e-15 0.000000000000e+00 0.000000000000e+00 -4.666545228634e-01 1.300621995516e+01
30 28 0.000000000000e+00 -1.221680875040e-13 0.000000000000e+00 0.000000000000e+00 -1.196687550454e-01 1.348793180535e+01
30 29 0.000000000000e+00 -6.196119788446e-13 0.000000000000e+00 0.000000000000e+00 5.027987350448e-01 1.396964365554e+01
30 30 4.709120976763e-06 -3.201133365686e-11 1.620708759281e-02 7.691941401030e-02 5.638646677263e-01 1.445135550573e+01
