2 1 5.216738977235e-08 -7.386213924475e-05 -1.385046063075e-04 2.291816959737e-04 2.794974589466e-01 4.677282890763e-01
2 2 1.475412895717e-02 -3.901156675596e-03 -2.466443113147e-01 -1.424393512297e-01 9.632452082975e-02 9.354565781526e-01
3 1 9.277331837056e-13 -2.859627410788e-07 3.672922159548e-07 1.067863035376e-06 -3.395640166201e-01 4.677282890763e-01
3 2 2.860651108854e-07 -5.653053044026e-05 7.722414108523e-04 -9.881853608004e-04 -3.447067177906e-01 9.354565781526e-01
3 3 1.309516112603e-02 -2.141209004850e-03 2.857909714231e-01 2.834176547002e-01 -1.426304628409e-01 1.403184867229e+00
4 1 3.117110603631e-18 -9.532206230850e-10 1.543360421254e-09 1.379394116142e-09 -9.114067213186e-02 4.677282890763e-01
4 2 9.709468832381e-12 -6.011708842174e-07 -5.846495012986e-06 -4.382226509514e-06 3.080890544145e-01 9.354565781526e-01
4 3 8.283476034544e-07 -3.159876485208e-05 -2.992541611079e-03 1.136792539774e-03 3.846059967760e-01 1.403184867229e+00
4 4 9.581567344203e-03 -1.007877327245e-03 -1.229300275600e-01 -4.422860004359e-01 1.800211775515e-01 1.870913156305e+00
5 1 6.784119040465e-23 -3.179226368292e-12 8.750757020682e-12 4.083721035107e-12 3.257651912651e-01 4.677282890763e-01
5 2 6.713387330500e-17 -4.470621825324e-09 -1.840465366417e-08 5.512694188205e-09 1.499458185881e-01 9.354565781526e-01
5 3 5.232791562860e-11 -5.381809058634e-07 2.107485887689e-05 1.425504095016e-05 -2.793454454775e-01 1.403184867229e+00
5 4 1.585768778016e-06 -1.624663766218e-05 5.457766850235e-03 2.255838377836e-03 -4.124541914920e-01 1.870913156305e+00
5 5 6.822420211025e-03 -4.719490808001e-04 -1.816414393312e-01 4.488361551788e-01 -2.122731272911e-01 2.338641445381e+00
6 1 2.309046480033e-28 -6.307815782942e-15 1.744020868169e-14 3.637846917707e-15 5.694364334354e-02 4.677282890763e-01
6 2 2.931107853524e-21 -4.043045589161e-11 -8.031620469016e-11 9.831261092210e-11 -3.155556160385e-01 9.354565781526e-01
6 3 4.998226148046e-16 -5.665385153804e-09 5.759384858031e-08 -5.353805360775e-08 -1.944205511035e-01 1.403184867229e+00
6 4 2.096164626006e-10 -3.700068894599e-07 -4.206238936885e-05 -5.329989140643e-05 2.521271213343e-01 1.870913156305e+00
6 5 2.277666801570e-06 -8.102803670395e-06 -2.850392330378e-03 -8.375298562336e-03 4.330167468060e-01 2.338641445381e+00
6 6 4.871856297285e-03 -2.246273681566e-04 4.421465515971e-01 -2.135135933845e-01 2.408975212713e-01 2.806369734458e+00
7 1 3.060448038969e-33 -1.503772293692e-17 6.483345701708e-17 1.850852894828e-18 -3.221527424609e-01 4.677282890763e-01
7 2 2.420794676353e-26 -2.078240464729e-13 -8.032728279206e-14 3.558787490131e-13 -9.983362478920e-02 9.354565781526e-01
7 3 2.819453694606e-20 -8.268902496630e-11 -4.562737131362e-11 -5.888265044768e-10 3.041822006191e-01 1.403184867229e+00
7 4 2.666414073493e-15 -4.727256638523e-09 -1.630964095940e-07 1.790038103535e-07 2.302224603972e-01 1.870913156305e+00
7 5 0.000000000000e+00 -2.265161968419e-07 0.000000000000e+00 0.000000000000e+00 -2.262401665887e-01 2.338641445381e+00
7 6 2.709328047497e-06 -3.991218865720e-06 -6.203617603988e-03 9.776758871763e-03 -4.486754106890e-01 2.806369734458e+00
7 7 3.508541682041e-03 -1.087352119236e-04 -4.585983265204e-01 -1.612507362032e-01 -2.667186824838e-01 3.274098023534e+00
8 1 7.731274006715e-39 -1.808786568935e-20 1.023133145102e-19 -1.261625609951e-20 -4.194982790943e-02 4.677282890763e-01
8 2 7.967947259513e-31 -1.451069995526e-15 2.942173167666e-16 2.072302954265e-15 3.170050443564e-01 9.354565781526e-01
8 3 3.313169869861e-25 -6.570229392614e-13 -1.416881209884e-12 -1.446103671288e-12 1.348205429112e-01 1.403184867229e+00
8 4 1.761248496790e-19 -9.250269211427e-11 8.798435344122e-10 1.760514934847e-09 -2.919874668078e-01 1.870913156305e+00
8 5 0.000000000000e+00 -3.266294172820e-09 0.000000000000e+00 0.000000000000e+00 -2.599987571337e-01 2.338641445381e+00
8 6 0.000000000000e+00 -1.304918042780e-07 0.000000000000e+00 0.000000000000e+00 2.016266225303e-01 2.806369734458e+00
8 7 2.850666160135e-06 -1.956065926884e-06 1.379815650766e-02 -1.270657800728e-03 4.608270707086e-01 3.274098023534e+00
8 8 2.548471222525e-03 -5.337173787540e-05 1.885707653038e-01 4.343230898539e-01 2.902660253688e-01 3.741826312610e+00
9 1 6.553889669672e-44 -3.049096895447e-23 2.908039611542e-22 -7.430286789920e-23 3.206625299421e-01 4.677282890763e-01
9 2 5.556070189408e-36 -5.021461446443e-18 2.398323287008e-18 4.979648073959e-18 7.579793800179e-02 9.354565781526e-01
9 3 1.585850631362e-29 -7.789118722382e-15 -1.360011648697e-14 -3.350313826369e-15 -3.107866449222e-01 1.403184867229e+00
9 4 2.487788674327e-24 -9.442483306019e-13 7.286968143151e-12 1.270576964432e-12 -1.645439390437e-01 1.870913156305e+00
9 5 8.997644785590e-19 -7.832544859942e-11 -2.979138076660e-09 -4.695155798580e-09 2.792698792372e-01 2.338641445381e+00
9 6 0.000000000000e+00 -2.039109703613e-09 0.000000000000e+00 0.000000000000e+00 2.852694995708e-01 2.806369734458e+00
9 7 0.000000000000e+00 -7.255286345606e-08 0.000000000000e+00 0.000000000000e+00 -1.782371283167e-01 3.274098023534e+00
9 8 2.763827660925e-06 -9.570613046369e-07 -1.049847181168e-02 -1.152922468581e-02 -4.703705997939e-01 3.741826312610e+00
9 9 1.865016579368e-03 -2.648105803176e-05 1.934447218629e-01 -4.125900362878e-01 -3.119140813318e-01 4.209554601687e+00
10 1 1.216670279002e-49 -2.415676705866e-26 3.822652525497e-25 -1.453039308916e-25 3.336121288594e-02 4.677282890763e-01
10 2 1.319713599400e-40 -2.632356204825e-20 1.756018710831e-20 2.042683996622e-20 -3.175378829254e-01 9.354565781526e-01
10 3 1.728883317021e-34 -4.491956062938e-17 -4.506278561261e-17 1.040051801880e-17 -1.044991636213e-01 1.403184867229e+00
10 4 1.445164971609e-28 -1.550539256447e-14 4.728918754939e-14 -3.069370421373e-14 3.037793801910e-01 1.870913156305e+00
10 5 1.443366501071e-23 -9.395860954132e-13 -2.196375221909e-11 3.687273365084e-12 1.904005673830e-01 2.338641445381e+00
10 6 0.000000000000e+00 -5.693982845046e-11 0.000000000000e+00 0.000000000000e+00 -2.662593525447e-01 2.806369734458e+00
10 7 0.000000000000e+00 -1.197956774573e-09 0.000000000000e+00 0.000000000000e+00 -3.070179709939e-01 3.274098023534e+00
10 8 5.231292300898e-09 -3.944952305775e-08 5.106461170369e-04 4.465989259806e-04 1.560138057316e-01 3.741826312610e+00
10 9 2.532750683608e-06 -4.682650015065e-07 -3.194566529027e-03 1.648610992115e-02 4.779201322001e-01 4.209554601687e+00
10 10 1.373456196198e-03 -1.324755366233e-05 -4.192297958564e-01 1.141826159473e-01 3.319443541803e-01 4.677282890763e+00
11 1 7.069135926502e-55 -2.981600957371e-29 8.819750972987e-28 -4.402530848072e-28 -3.199006326577e-01 4.677282890763e-01
11 2 7.330245312813e-46 -6.416662702781e-23 5.130156283962e-23 3.739687686523e-23 -6.138970263199e-02 9.354565781526e-01
11 3 6.547704316321e-39 -4.185458294472e-19 -2.306304608974e-19 1.667697354044e-19 3.135705143692e-01 1.403184867229e+00
11 4 1.999817869590e-33 -1.213492996120e-16 7.450965891861e-17 -1.960371745450e-16 1.295637267411e-01 1.870913156305e+00
11 5 9.466504455355e-28 -1.931358543952e-14 -8.007347194917e-14 1.616143337841e-13 -2.961814005325e-01 2.338641445381e+00
11 6 7.220597418187e-23 -7.634864701929e-13 5.750095565791e-11 -1.633157686326e-11 -2.132401639960e-01 2.806369734458e+00
11 7 0.000000000000e+00 -3.772258940015e-11 0.000000000000e+00 0.000000000000e+00 2.531254080371e-01 3.274098023534e+00
11 8 0.000000000000e+00 -6.767726176165e-10 0.000000000000e+00 0.000000000000e+00 3.259299666614e-01 3.741826312610e+00
11 9 0.000000000000e+00 -2.113523983492e-08 0.000000000000e+00 0.000000000000e+00 -1.348920217017e-01 4.209554601687e+00
11 10 2.229643302831e-06 -2.292968541378e-07 1.579809543698e-02 -7.543239355411e-03 -4.839132197184e-01 4.677282890763e+00
11 11 1.016759104166e-03 -6.668987748345e-06 3.359890319899e-01 2.371115237200e-01 -3.505770268951e-01 5.145011179839e+00
12 1 9.896872863679e-61 -1.662271429769e-32 9.921892162779e-31 -6.131524278475e-31 -2.774867336809e-02 4.677282890763e-01
12 2 1.286119032548e-50 -2.570073640022e-25 2.421719379713e-25 1.098509177588e-25 3.177955994791e-01 9.354565781526e-01
12 3 6.095579256191e-44 -1.793212751642e-21 -4.851170229037e-22 7.202457914185e-22 8.575829052637e-02 1.403184867229e+00
12 4 9.785089261888e-38 -1.620259317459e-18 -2.583529426843e-19 -1.444057334168e-18 -3.089676876833e-01 1.870913156305e+00
12 5 1.512005645999e-32 -1.851322022686e-16 2.386549615436e-16 6.801717051517e-16 -1.518679410173e-01 2.338641445381e+00
12 6 5.210939448767e-27 -1.853296137810e-14 7.743980245519e-14 -5.018606206727e-13 2.881447921983e-01 2.806369734458e+00
12 7 3.233874468097e-22 -5.480866328109e-13 -1.447265967999e-10 2.890747036834e-11 2.336317553693e-01 3.274098023534e+00
12 8 0.000000000000e+00 -2.351679475973e-11 0.000000000000e+00 0.000000000000e+00 -2.399908374320e-01 3.741826312610e+00
12 9 0.000000000000e+00 -3.723027558514e-10 0.000000000000e+00 0.000000000000e+00 -3.425087247383e-01 4.209554601687e+00
12 10 0.000000000000e+00 -1.120815178548e-08 0.000000000000e+00 0.000000000000e+00 1.148043259672e-01 4.677282890763e+00
12 11 1.905855967869e-06 -1.124179098687e-07 -1.569925290400e-02 -8.397695517866e-03 4.886714551434e-01 5.145011179839e+00
12 12 7.559860205670e-04 -3.373360974713e-06 -2.508275133219e-02 -3.860173242483e-01 3.679891305127e-01 5.612739468916e+00
13 1 4.165033454290e-66 -1.556785238322e-35 1.925573484720e-33 -1.420317050867e-33 3.194580201473e-01 4.677282890763e-01
13 2 5.684243892935e-56 -4.614746091817e-28 5.428817820311e-28 1.334736668310e-28 5.170069363794e-02 9.354565781526e-01
13 3 1.818049960642e-48 -1.322314202267e-23 -1.315491551893e-24 4.556405278142e-24 -3.150267926191e-01 1.403184867229e+00
13 4 1.220051693502e-42 -9.823288971346e-21 -3.146393770404e-21 -4.114968656898e-21 -1.074249649885e-01 1.870913156305e+00
13 5 8.653378018685e-37 -3.173721515159e-18 4.649318581977e-18 2.849656238885e-18 3.038657977499e-01 2.338641445381e+00
13 6 9.181261027621e-32 -2.050888067824e-16 -1.545640391820e-15 -1.467753961826e-15 1.719712595135e-01 2.806369734458e+00
13 7 2.562365026092e-26 -1.514286945496e-14 -4.890602969472e-14 1.312807248660e-12 -2.797890272920e-01 3.274098023534e+00
13 8 0.000000000000e+00 -3.626818652314e-13 0.000000000000e+00 0.000000000000e+00 -2.519830351471e-01 3.741826312610e+00
13 9 0.000000000000e+00 -1.405772517761e-11 0.000000000000e+00 0.000000000000e+00 2.269437268255e-01 4.209554601687e+00
13 10 0.000000000000e+00 -2.009940032984e-10 0.000000000000e+00 0.000000000000e+00 3.571371353805e-01 4.677282890763e+00
13 11 0.000000000000e+00 -5.900512960003e-09 0.000000000000e+00 0.000000000000e+00 -9.568352655890e-02 5.145011179839e+00
13 12 1.593409118332e-06 -5.519295912777e-08 2.494222234313e-03 1.758338427980e-02 -4.924369872944e-01 5.612739468916e+00
13 13 5.641494929449e-04 -1.712605565222e-06 -2.683900537899e-01 2.429405404588e-01 -3.843258802080e-01 6.080467757992e+00
14 1 4.524634395573e-72 -6.419480934015e-39 1.889424395127e-36 -1.627730387212e-36 2.377741726123e-02 4.677282890763e-01
14 2 7.596450472791e-61 -1.446755741485e-30 2.038166372459e-30 1.504052306958e-31 -3.179410355340e-01 9.354565781526e-01
14 3 1.415553157046e-53 -4.336974173364e-26 9.402219943354e-30 1.323328935355e-26 -7.290235549631e-02 1.403184867229e+00
14 4 4.946687682906e-47 -1.067568163340e-22 -2.900596118617e-23 -1.570305331784e-23 3.117479545934e-01 1.870913156305e+00
14 5 1.292813231719e-41 -2.436647202099e-20 2.104946128139e-20 -1.089054893113e-21 1.269869091360e-01 2.338641445381e+00
14 6 5.841530018333e-36 -4.232217952354e-18 -1.696180463567e-17 1.167339323209e-18 -2.983666466568e-01 2.806369734458e+00
14 7 4.884641227372e-31 -1.863645801009e-16 5.096987160437e-15 2.630726454599e-15 -1.902579207463e-01 3.274098023534e+00
14 8 0.000000000000e+00 -1.112493575560e-14 0.000000000000e+00 0.000000000000e+00 2.712085732079e-01 3.741826312610e+00
14 9 0.000000000000e+00 -2.268274189153e-13 0.000000000000e+00 0.000000000000e+00 2.686006782366e-01 4.209554601687e+00
14 10 0.000000000000e+00 -8.153250836271e-12 0.000000000000e+00 0.000000000000e+00 -2.140467006342e-01 4.677282890763e+00
14 11 0.000000000000e+00 -1.070311829180e-10 0.000000000000e+00 0.000000000000e+00 -3.701144919432e-01 5.145011179839e+00
14 12 0.000000000000e+00 -3.089708484011e-09 0.000000000000e+00 0.000000000000e+00 7.746465419006e-02 5.612739468916e+00
14 13 1.309713531970e-06 -2.713748099352e-08 1.250552483337e-02 -1.215983356086e-02 4.953957296405e-01 6.080467757992e+00
14 14 4.222891040842e-04 -8.719161615183e-07 3.323610849423e-01 5.751092469708e-02 3.997082236525e-01 6.548196047068e+00
15 1 1.439081775593e-77 -4.702966550151e-42 3.159463614955e-39 -3.130333677544e-39 -3.191778761629e-01 4.677282890763e-01
15 2 2.705657164321e-66 -1.985534773596e-33 3.844531122235e-33 -3.099206805622e-34 -4.470610084851e-02 9.354565781526e-01
15 3 3.366613281759e-58 -2.571662945580e-28 1.635254937373e-29 6.242978377961e-29 3.158915417244e-01 1.403184867229e+00
15 4 5.382273489570e-52 -5.115103747008e-25 -1.080779839145e-25 -1.250822880818e-26 9.200290290682e-02 1.870913156305e+00
15 5 6.367894077623e-46 -3.476846209610e-22 1.232830622115e-22 -8.175629182306e-23 -3.080590803196e-01 2.338641445381e+00
15 6 9.837586272262e-41 -3.854160320875e-20 -4.872927379004e-20 4.993539223831e-20 -1.448426628724e-01 2.806369734458e+00
15 7 3.368099878394e-35 -4.441986624032e-18 4.185472752142e-17 -2.273171569448e-17 2.925508719817e-01 3.274098023534e+00
15 8 0.000000000000e+00 -1.484893387750e-16 0.000000000000e+00 0.000000000000e+00 2.070071126477e-01 3.741826312610e+00
15 9 0.000000000000e+00 -7.589602477163e-15 0.000000000000e+00 0.000000000000e+00 -2.624783152708e-01 4.209554601687e+00
15 10 0.000000000000e+00 -1.362027322157e-13 0.000000000000e+00 0.000000000000e+00 -2.837238064284e-01 4.677282890763e+00
15 11 0.000000000000e+00 -4.623797313191e-12 0.000000000000e+00 0.000000000000e+00 2.013437315294e-01 5.145011179839e+00
15 12 0.000000000000e+00 -5.641277391568e-11 0.000000000000e+00 0.000000000000e+00 3.816796830407e-01 5.612739468916e+00
15 13 0.000000000000e+00 -1.611374100851e-09 0.000000000000e+00 0.000000000000e+00 -6.008607784056e-02 6.080467757992e+00
15 14 1.062291438032e-06 -1.336259690580e-08 -1.667273717297e-02 -2.866711441578e-03 -4.976927372970e-01 6.548196047068e+00
15 15 3.169257758215e-04 -4.448710595130e-07 -1.464338405374e-01 -2.767226835903e-01 -4.142381233190e-01 7.015924336144e+00
16 1 1.244233665560e-83 -1.490071940413e-45 2.742704164286e-42 -3.095229833294e-42 -2.081270442331e-02 4.677282890763e-01
16 2 2.832514945383e-71 -4.984906009033e-36 1.217224888900e-35 -2.752464590106e-36 3.180316512518e-01 9.354565781526e-01
16 3 2.191408474968e-63 -6.635467247699e-31 7.764056961332e-32 1.451969654033e-31 6.348658194170e-02 1.403184867229e+00
16 4 1.809661033801e-56 -4.572165254182e-27 -6.142098448988e-28 1.440397473671e-28 -3.134258371781e-01 1.870913156305e+00
16 5 8.591389088561e-51 -2.165989257384e-24 2.620750134066e-25 -4.759763885232e-25 -1.094304224351e-01 2.338641445381e+00
16 6 5.526987536036e-45 -6.739811704694e-22 -6.556233825477e-23 5.188468786518e-22 3.040332912168e-01 2.806369734458e+00
16 7 6.176634302797e-40 -4.600669689373e-20 4.368904554346e-20 -1.992319098065e-19 1.612733719163e-01 3.274098023534e+00
16 8 0.000000000000e+00 -3.974261260095e-18 0.000000000000e+00 0.000000000000e+00 -2.864841031823e-01 3.741826312610e+00
16 9 0.000000000000e+00 -1.079334154945e-16 0.000000000000e+00 0.000000000000e+00 -2.224307503472e-01 4.209554601687e+00
16 10 0.000000000000e+00 -4.906995146844e-15 0.000000000000e+00 0.000000000000e+00 2.536577062509e-01 4.677282890763e+00
16 11 0.000000000000e+00 -7.934292913997e-14 0.000000000000e+00 0.000000000000e+00 2.975439992503e-01 5.145011179839e+00
16 12 0.000000000000e+00 -2.577706778848e-12 0.000000000000e+00 0.000000000000e+00 -1.888650952214e-01 5.612739468916e+00
16 13 0.000000000000e+00 -2.950102868549e-11 0.000000000000e+00 0.000000000000e+00 -3.920265931096e-01 6.080467757992e+00
16 14 0.000000000000e+00 -8.377899751748e-10 0.000000000000e+00 0.000000000000e+00 4.349005135705e-02 6.548196047068e+00
16 15 8.525380105352e-07 -6.589153286547e-09 7.175807261409e-03 1.456637999331e-02 4.994427376339e-01 7.015924336144e+00
16 16 2.383804893542e-04 -2.273633808076e-07 -1.209463722010e-01 2.631648173697e-01 4.280023965611e-01 7.483652625221e+00
17 1 3.091549954208e-89 -8.757577112646e-49 4.020201060938e-45 -5.131620539076e-45 3.189892507210e-01 4.677282890763e-01
17 2 8.257142339699e-77 -5.387500869794e-39 1.998182273561e-38 -7.397828205930e-39 3.940543388559e-02 9.354565781526e-01
17 3 4.223914440176e-68 -3.217993544332e-33 4.697691361154e-34 5.494208278891e-34 -3.164499319665e-01 1.403184867229e+00
17 4 1.701316932065e-61 -1.766508098907e-29 -1.651314887818e-30 1.007416659914e-30 -8.058031016858e-02 1.870913156305e+00
17 5 3.624051526385e-55 -2.590136164220e-26 2.327076675668e-28 -3.521311762996e-27 3.106204034491e-01 2.338641445381e+00
17 6 8.627332849352e-50 -5.091557060499e-24 9.146606698261e-25 1.852725800916e-24 1.254818912869e-01 2.806369734458e+00
17 7 3.814259483685e-44 -9.428031148535e-22 -8.328395331661e-22 -1.369464731409e-21 -2.997280325158e-01 3.274098023534e+00
17 8 3.429341016725e-39 -4.549075768533e-20 9.743452597762e-20 5.405500383497e-19 -1.764865673381e-01 3.741826312610e+00
17 9 0.000000000000e+00 -3.179248658607e-18 0.000000000000e+00 0.000000000000e+00 2.802204517525e-01 4.209554601687e+00
17 10 0.000000000000e+00 -7.339222273244e-17 0.000000000000e+00 0.000000000000e+00 2.366952708684e-01 4.677282890763e+00
17 11 0.000000000000e+00 -3.047569693231e-15 0.000000000000e+00 0.000000000000e+00 -2.447939949625e-01 5.145011179839e+00
17 12 0.000000000000e+00 -4.516125459003e-14 0.000000000000e+00 0.000000000000e+00 -3.102180059480e-01 5.612739468916e+00
17 13 0.000000000000e+00 -1.417999022242e-12 0.000000000000e+00 0.000000000000e+00 1.766309735019e-01 6.080467757992e+00
17 14 0.000000000000e+00 -1.533376036519e-11 0.000000000000e+00 0.000000000000e+00 4.013147486278e-01 6.548196047068e+00
17 15 0.000000000000e+00 -4.345392632729e-10 0.000000000000e+00 0.000000000000e+00 -2.762290041115e-02 7.015924336144e+00
17 16 6.783907812587e-07 -3.253564253011e-09 7.217257825028e-03 -1.366126725310e-02 -5.007375392039e-01 7.483652625221e+00
17 17 1.796436037370e-04 -1.163504320579e-07 2.607885243339e-01 -5.790461858931e-02 -4.410755907942e-01 7.951380914297e+00
18 1 2.173863975522e-95 -2.196572955610e-52 3.120782107175e-48 -4.487986250075e-48 1.851187283415e-02 4.677282890763e-01
18 2 6.936083446505e-82 -1.105081017833e-41 5.483914070011e-41 -2.839584519481e-41 -3.180921457478e-01 9.354565781526e-01
18 3 2.313927614495e-73 -6.685962127100e-36 1.334436667833e-36 1.040130078356e-36 -5.627123434015e-02 1.403184867229e+00
18 4 4.779095080007e-66 -1.315204151259e-31 -6.840898320968e-33 7.636058558882e-33 3.145224579977e-01 1.870913156305e+00
18 5 4.346599068098e-60 -1.328900065355e-28 -4.024074474580e-30 -1.154012734282e-29 9.630545064035e-02 2.338641445381e+00
18 6 4.257456588976e-54 -7.579126839944e-26 1.212668535138e-26 7.976329704221e-27 -3.075307343094e-01 2.806369734458e+00
18 7 6.601346014527e-49 -8.253352895408e-24 -6.293785202731e-24 -2.202488720479e-24 -1.403723743830e-01 3.274098023534e+00
18 8 2.277604499634e-43 -1.059262928507e-21 3.896600561526e-21 2.202990867883e-21 2.951903100099e-01 3.741826312610e+00
18 9 1.745760444737e-38 -3.940221561374e-20 -5.799427514101e-19 -1.267832922762e-18 1.906412356210e-01 4.209554601687e+00
18 10 0.000000000000e+00 -2.343997660226e-18 0.000000000000e+00 0.000000000000e+00 -2.738048392938e-01 4.677282890763e+00
18 11 0.000000000000e+00 -4.747111852498e-17 0.000000000000e+00 0.000000000000e+00 -2.499349592962e-01 5.145011179839e+00
18 12 0.000000000000e+00 -1.835194340448e-15 0.000000000000e+00 0.000000000000e+00 2.359247470660e-01 5.612739468916e+00
18 13 0.000000000000e+00 -2.524438126323e-14 0.000000000000e+00 0.000000000000e+00 3.218762299195e-01 6.080467757992e+00
18 14 0.000000000000e+00 -7.718299241836e-13 0.000000000000e+00 0.000000000000e+00 -1.646540858615e-01 6.548196047068e+00
18 15 0.000000000000e+00 -7.931807912449e-12 0.000000000000e+00 0.000000000000e+00 -4.096769196046e-01 7.015924336144e+00
18 16 0.000000000000e+00 -2.249548487593e-10 0.000000000000e+00 0.000000000000e+00 1.243499146754e-02 7.483652625221e+00
18 17 5.360739554890e-07 -1.608606907071e-09 -1.444992998709e-02 2.038487783010e-03 5.016513630861e-01 7.951380914297e+00
18 18 1.356020985776e-04 -5.960024154520e-08 -1.869392056422e-01 -1.595168192458e-01 4.535221868095e-01 8.419109203373e+00
19 1 4.332454053771e-101 -1.057573620140e-55 4.060234727335e-51 -6.562556399370e-51 -3.188561521368e-01 4.677282890763e-01
19 2 1.680009187034e-87 -9.636587097423e-45 7.967173850580e-44 -5.375482324584e-44 -3.524331485070e-02 9.354565781526e-01
19 3 3.673112036565e-78 -2.694075447163e-38 5.996282892317e-39 3.079799932995e-39 3.168327011692e-01 1.403184867229e+00
19 4 3.880616246164e-71 -4.172752633975e-34 -1.293254368535e-35 2.619577176461e-35 7.175026085962e-02 1.870913156305e+00
19 5 1.572666865384e-64 -1.344477683961e-30 -4.766806741482e-32 -5.596526250570e-32 -3.123094227843e-01 2.338641445381e+00
19 6 6.049392133880e-59 -4.801552296737e-28 5.446634749860e-29 5.189566777965e-30 -1.108901567420e-01 2.806369734458e+00
19 7 3.648561923941e-53 -1.458640741329e-25 -4.753127447008e-26 1.407939610285e-26 3.042000318856e-01 3.274098023534e+00
19 8 4.255195463264e-48 -1.041349757178e-23 1.860708498784e-23 -5.302521121444e-24 1.542634010398e-01 3.741826312610e+00
19 9 1.232007531307e-42 -1.019600374435e-21 -1.158449117238e-20 -1.723827641608e-21 -2.904594700728e-01 4.209554601687e+00
19 10 0.000000000000e+00 -3.098192544124e-20 0.000000000000e+00 0.000000000000e+00 -2.038629410433e-01 4.677282890763e+00
19 11 0.000000000000e+00 -1.625347532335e-18 0.000000000000e+00 0.000000000000e+00 2.672747118773e-01 5.145011179839e+00
19 12 0.000000000000e+00 -2.954672303744e-17 0.000000000000e+00 0.000000000000e+00 2.622605097871e-01 5.612739468916e+00
19 13 0.000000000000e+00 -1.078667698211e-15 0.000000000000e+00 0.000000000000e+00 -2.270798167068e-01 6.080467757992e+00
19 14 0.000000000000e+00 -1.390962495925e-14 0.000000000000e+00 0.000000000000e+00 -3.326286266020e-01 6.548196047068e+00
19 15 0.000000000000e+00 -4.165450036795e-13 0.000000000000e+00 0.000000000000e+00 1.529416237751e-01 7.015924336144e+00
19 16 0.000000000000e+00 -4.087230652076e-12 0.000000000000e+00 0.000000000000e+00 4.172246927412e-01 7.483652625221e+00
19 17 0.000000000000e+00 -1.162778602590e-10 0.000000000000e+00 0.000000000000e+00 2.119425338628e-03 7.951380914297e+00
19 18 4.211917909530e-07 -7.962870329980e-10 9.490670869961e-03 9.874692462870e-03 -5.022447532341e-01 8.419109203373e+00
19 19 1.025035427030e-04 -3.055345490547e-08 -1.429480944285e-02 2.250777109989e-01 -4.653983187409e-01 8.886837492450e+00
20 1 2.523317237553e-107 -2.150745643958e-59 2.840804572555e-54 -5.158935331958e-54 -1.667286844030e-02 4.677282890763e-01
20 2 1.155527682376e-92 -1.642991489477e-47 1.923975475626e-46 -1.628415567134e-46 3.181346425965e-01 9.354565781526e-01
20 3 1.708691110854e-83 -4.596772702935e-41 1.389673322537e-41 4.273797161935e-42 5.055492779866e-02 1.403184867229e+00
20 4 9.195624727935e-76 -2.620094211143e-36 -2.897254001146e-38 1.392287791013e-37 -3.152814411067e-01 1.870913156305e+00
20 5 1.667473859906e-69 -5.762384000124e-33 -2.075643998027e-34 -1.192415443767e-34 -8.608570026983e-02 2.338641445381e+00
20 6 2.617970756556e-63 -6.128392472047e-30 3.376531241168e-31 -1.246574448136e-31 3.098545778555e-01 2.806369734458e+00
20 7 5.858015139448e-58 -1.087696113994e-27 -1.294276724891e-28 1.506802491943e-28 1.245037004378e-01 3.274098023534e+00
20 8 2.561271381671e-52 -2.114285600905e-25 8.144219631801e-26 -1.260925172148e-25 -3.006635300879e-01 3.741826312610e+00
20 9 2.443634702950e-47 -1.100479973460e-23 -3.818308111692e-23 3.553591315467e-23 -1.672801103426e-01 4.209554601687e+00
20 10 6.193566662682e-42 -8.763005919228e-22 2.905603687419e-20 -2.663901141908e-21 2.855688757358e-01 4.677282890763e+00
20 11 0.000000000000e+00 -2.264926678468e-20 0.000000000000e+00 0.000000000000e+00 2.162533678446e-01 5.145011179839e+00
20 12 0.000000000000e+00 -1.074952189499e-18 0.000000000000e+00 0.000000000000e+00 -2.606613704554e-01 5.612739468916e+00
20 13 0.000000000000e+00 -1.784313372181e-17 0.000000000000e+00 0.000000000000e+00 -2.737647631458e-01 6.080467757992e+00
20 14 0.000000000000e+00 -6.218494404602e-16 0.000000000000e+00 0.000000000000e+00 2.182828926093e-01 6.548196047068e+00
20 15 0.000000000000e+00 -7.575690395527e-15 0.000000000000e+00 0.000000000000e+00 3.425689439985e-01 7.015924336144e+00
20 16 0.000000000000e+00 -2.232413793641e-13 0.000000000000e+00 0.000000000000e+00 -1.414966821283e-01 7.483652625221e+00
20 17 0.000000000000e+00 -2.099626017982e-12 0.000000000000e+00 0.000000000000e+00 -4.240526483584e-01 7.951380914297e+00
20 18 0.000000000000e+00 -6.002856003518e-11 0.000000000000e+00 0.000000000000e+00 -1.608244097631e-02 8.419109203373e+00
20 19 3.293540102697e-07 -3.946272885538e-10 2.294732599279e-03 -1.257641761938e-02 5.025674923797e-01 8.886837492450e+00
20 20 7.757978536134e-05 -1.567207013860e-08 1.730892511930e-01 -1.126750956217e-01 4.767531374243e-01 9.354565781526e+00
21 1 4.120995750520e-113 -8.632511499913e-63 3.309764747669e-57 -6.759546253699e-57 3.187587137955e-01 4.677282890763e-01
21 2 2.357697779214e-98 -1.179390956101e-50 2.494592702471e-49 -2.596208437481e-49 3.188514965120e-02 9.354565781526e-01
21 3 2.266873992542e-88 -1.560793098049e-43 5.249020117885e-44 7.011411781588e-45 -3.171071284910e-01 1.403184867229e+00
21 4 6.473487413115e-81 -6.935913549187e-39 1.230375856845e-41 3.771218581526e-40 -6.470485031691e-02 1.870913156305e+00
21 5 5.199982120243e-74 -4.981534693276e-35 -1.309846370595e-36 -2.669054268789e-37 3.134867364275e-01 2.338641445381e+00
21 6 3.355972249317e-68 -3.292299355287e-32 9.247148805472e-34 -8.975467853811e-34 9.945692704744e-02 2.806369734458e+00
21 7 2.891213418355e-62 -1.667223653913e-29 -2.516956965255e-31 1.372587486701e-30 -3.071918108960e-01 3.274098023534e+00
21 8 4.503282632775e-57 -1.794809428479e-27 -5.460422308687e-29 -6.270435220977e-28 -1.372754473612e-01 3.741826312610e+00
21 9 1.573088244293e-51 -2.506197494890e-25 -2.424755298596e-27 4.184998773760e-25 2.969508214880e-01 4.209554601687e+00
21 10 1.291345284426e-46 -1.021029998840e-23 6.113538684600e-23 -1.183761839679e-22 1.795220380948e-01 4.677282890763e+00
21 11 0.000000000000e+00 -6.913905902408e-22 0.000000000000e+00 0.000000000000e+00 -2.805470354890e-01 5.145011179839e+00
21 12 0.000000000000e+00 -1.565180850693e-20 0.000000000000e+00 0.000000000000e+00 -2.278965832706e-01 5.612739468916e+00
21 13 0.000000000000e+00 -6.849375980349e-19 0.000000000000e+00 0.000000000000e+00 2.539910312547e-01 6.080467757992e+00
21 14 0.000000000000e+00 -1.051821890157e-17 0.000000000000e+00 0.000000000000e+00 2.845266948535e-01 6.548196047068e+00
21 15 0.000000000000e+00 -3.529066707127e-16 0.000000000000e+00 0.000000000000e+00 -2.095527148268e-01 7.015924336144e+00
21 16 0.000000000000e+00 -4.086985895470e-15 0.000000000000e+00 0.000000000000e+00 -3.517778585944e-01 7.483652625221e+00
21 17 0.000000000000e+00 -1.189554157247e-13 0.000000000000e+00 0.000000000000e+00 1.303193255283e-01 7.951380914297e+00
21 18 0.000000000000e+00 -1.075872578493e-12 0.000000000000e+00 0.000000000000e+00 4.302415496548e-01 8.419109203373e+00
21 19 0.000000000000e+00 -3.095804692248e-11 0.000000000000e+00 0.000000000000e+00 2.949274355880e-02 8.886837492450e+00
21 20 2.565133487009e-07 -1.957816321321e-10 -1.072618541553e-02 5.097770093602e-03 -5.026608079614e-01 9.354565781526e+00
21 21 5.877967905742e-05 -8.042374894724e-09 -1.769637230935e-01 -6.569052786239e-02 -4.876299047704e-01 9.822294070602e+00
22 1 2.019143446363e-119 -1.451543301374e-66 2.098125012513e-60 -4.832435163369e-60 1.516851099632e-02 4.677282890763e-01
22 2 1.350779071656e-103 -1.696272225178e-53 5.337854080142e-52 -6.765868592414e-52 -3.181656900955e-01 9.354565781526e-01
22 3 9.039062963210e-94 -2.223764857246e-46 1.057168290921e-46 -2.510306972185e-48 -4.590876565175e-02 1.403184867229e+00
22 4 1.307032158115e-85 -3.715555423166e-41 4.295021479347e-43 1.640152825156e-42 3.158299496565e-01 1.870913156305e+00
22 5 4.872178517936e-79 -1.806792267070e-37 -4.071565294479e-39 4.065009698358e-40 7.788323374285e-02 2.338641445381e+00
22 6 1.275578284503e-72 -3.631836455806e-34 3.180491184606e-36 -7.280514826084e-36 -3.114840094926e-01 2.806369734458e+00
22 7 4.261141081140e-67 -1.068223192603e-31 1.631009252935e-33 5.102968484075e-33 -1.119999464310e-01 3.274098023534e+00
22 8 2.455083705055e-61 -3.191771399381e-29 -2.978453179329e-30 -3.567465621709e-30 3.043486253980e-01 3.741826312610e+00
22 9 2.965371653597e-56 -2.363840444402e-27 1.228504657519e-27 1.338816006973e-27 1.493068550703e-01 4.209554601687e+00
22 10 8.789542068636e-51 -2.561804696827e-25 -4.632915969605e-25 -9.967676602253e-25 -2.930872206323e-01 4.677282890763e+00
22 11 0.000000000000e+00 -8.584794499006e-24 0.000000000000e+00 0.000000000000e+00 -1.910701499101e-01 5.145011179839e+00
22 12 0.000000000000e+00 -5.105516974510e-22 0.000000000000e+00 0.000000000000e+00 2.754184295799e-01 5.612739468916e+00
22 13 0.000000000000e+00 -1.034685598274e-20 0.000000000000e+00 0.000000000000e+00 2.388632935477e-01 6.080467757992e+00
22 14 0.000000000000e+00 -4.235851865637e-19 0.000000000000e+00 0.000000000000e+00 -2.472856830106e-01 6.548196047068e+00
22 15 0.000000000000e+00 -6.079893972361e-18 0.000000000000e+00 0.000000000000e+00 -2.946142755910e-01 7.015924336144e+00
22 16 0.000000000000e+00 -1.977075563783e-16 0.000000000000e+00 0.000000000000e+00 2.009040364282e-01 7.483652625221e+00
22 17 0.000000000000e+00 -2.187611224387e-15 0.000000000000e+00 0.000000000000e+00 3.603253500994e-01 7.951380914297e+00
22 18 0.000000000000e+00 -6.308152234136e-14 0.000000000000e+00 0.000000000000e+00 -1.194073874068e-01 8.419109203373e+00
22 19 0.000000000000e+00 -5.501518489528e-13 0.000000000000e+00 0.000000000000e+00 -4.358608167590e-01 8.886837492450e+00
22 20 0.000000000000e+00 -1.595212186684e-11 0.000000000000e+00 0.000000000000e+00 -4.238588328880e-02 9.354565781526e+00
22 21 1.991083559387e-07 -9.722886640820e-11 9.622599949673e-03 5.301152833065e-03 5.025590623778e-01 9.822294070602e+00
22 22 4.457758502230e-05 -4.128433701579e-09 4.774928400956e-02 1.654603595085e-01 4.980668817836e-01 1.029002235968e+01
23 1 2.750514561953e-125 -4.929244185524e-70 2.201069708915e-63 -5.741346951243e-63 -3.186852313273e-01 4.677282890763e-01
23 2 2.350334978838e-109 -1.019235518827e-56 6.184447631328e-55 -9.538379834724e-55 -2.911667898753e-02 9.354565781526e-01
23 3 1.015476616183e-98 -6.441993754842e-49 3.492139540675e-49 -6.062696218617e-50 3.173108925652e-01 1.403184867229e+00
23 4 8.021166991086e-91 -8.321243992580e-44 1.892116176786e-45 3.749794220908e-45 5.894433586296e-02 1.870913156305e+00
23 5 1.317730385469e-83 -1.347401484467e-39 -1.974619843920e-41 7.931967384563e-42 -3.143426143212e-01 2.338641445381e+00
23 6 1.470056882013e-77 -1.671990815504e-36 1.284929168025e-39 -2.694067600071e-38 -9.023375505704e-02 2.806369734458e+00
23 7 1.877220917118e-71 -1.429371617636e-33 2.466836717486e-35 2.560965732306e-35 3.093006776215e-01 3.274098023534e+00
23 8 4.019699036499e-66 -2.355289598025e-31 -1.790995865636e-32 -5.732059377510e-33 1.238204333099e-01 3.741826312610e+00
23 9 1.747105171800e-60 -4.755491473465e-29 1.381386127941e-29 1.923629456517e-30 -3.013480842047e-01 4.209554601687e+00
23 10 1.751248232400e-55 -2.636160664927e-27 -4.688660979751e-27 -1.445201283031e-27 -1.606793095950e-01 4.677282890763e+00
23 11 4.575053346505e-50 -2.340494965038e-25 1.902875681095e-24 1.997106334486e-24 2.890946342831e-01 5.145011179839e+00
23 12 0.000000000000e+00 -6.687620983973e-24 0.000000000000e+00 0.000000000000e+00 2.019915747922e-01 5.612739468916e+00
23 13 0.000000000000e+00 -3.577993520867e-22 0.000000000000e+00 0.000000000000e+00 -2.702041498332e-01 6.080467757992e+00
23 14 0.000000000000e+00 -6.600725289760e-21 0.000000000000e+00 0.000000000000e+00 -2.492138261386e-01 6.548196047068e+00
23 15 0.000000000000e+00 -2.556649765367e-19 0.000000000000e+00 0.000000000000e+00 2.405637857749e-01 7.015924336144e+00
23 16 0.000000000000e+00 -3.458091722609e-18 0.000000000000e+00 0.000000000000e+00 3.040865798089e-01 7.483652625221e+00
23 17 0.000000000000e+00 -1.095765862741e-16 0.000000000000e+00 0.000000000000e+00 -1.923483871920e-01 7.951380914297e+00
23 18 0.000000000000e+00 -1.163278517879e-15 0.000000000000e+00 0.000000000000e+00 -3.682725362158e-01 8.419109203373e+00
23 19 0.000000000000e+00 -3.331624642577e-14 0.000000000000e+00 0.000000000000e+00 1.087570720002e-01 8.886837492450e+00
23 20 0.000000000000e+00 -2.808430032276e-13 0.000000000000e+00 0.000000000000e+00 4.409704725078e-01 9.354565781526e+00
23 21 0.000000000000e+00 -8.213938779357e-12 0.000000000000e+00 0.000000000000e+00 5.479453300826e-02 9.822294070602e+00
23 22 0.000000000000e+00 -4.833143983546e-11 0.000000000000e+00 0.000000000000e+00 -5.022910629545e-01 1.029002235968e+01
23 23 3.383504740124e-05 -2.119779238784e-09 9.556478238591e-02 -1.243803021485e-01 -5.080980558956e-01 1.075775064875e+01
24 1 1.148888722468e-131 -6.965585670138e-74 1.266933566864e-66 -3.766585901270e-66 -1.391461003635e-02 4.677282890763e-01
24 2 1.138136509708e-114 -1.252490577673e-59 1.170592256531e-57 -2.210771598290e-57 3.181890905832e-01 9.354565781526e-01
24 3 3.502370847009e-104 -7.773873542631e-52 6.263115603541e-52 -2.025264490968e-52 4.205473840430e-02 1.403184867229e+00
24 4 1.393256643211e-95 -3.842975891004e-46 1.083152386031e-47 1.375132343470e-47 -3.162399920873e-01 1.870913156305e+00
24 5 1.093516747349e-88 -4.183645611790e-42 -4.884586021051e-44 3.703879965916e-44 -7.114339070785e-02 2.338641445381e+00
24 6 4.923882042279e-82 -1.606767896371e-38 -4.532845674701e-41 -1.493684733927e-40 3.126743604820e-01 2.806369734458e+00
24 7 2.525488820212e-76 -7.936508192495e-36 1.213393219685e-37 4.782195899390e-38 1.018674750895e-01 3.274098023534e+00
24 8 1.982822422408e-70 -3.688500111147e-33 -1.289703598242e-34 2.846117102045e-35 -3.069589160902e-01 3.741826312610e+00
24 9 3.102217968081e-65 -3.939486518479e-31 5.150932783121e-32 -2.829851867198e-32 -1.350023002230e-01 4.209554601687e+00
24 10 1.098334232814e-59 -5.886193128795e-29 -3.459392308984e-29 1.769177087029e-29 2.982099598806e-01 4.677282890763e+00
24 11 9.544361076609e-55 -2.590863269887e-27 1.251467774372e-26 -1.458626967024e-27 1.714593941294e-01 5.145011179839e+00
24 12 0.000000000000e+00 -1.959707227232e-25 0.000000000000e+00 0.000000000000e+00 -2.849921625908e-01 5.612739468916e+00
24 13 0.000000000000e+00 -4.904443123912e-24 0.000000000000e+00 0.000000000000e+00 -2.123428829684e-01 6.080467757992e+00
24 14 0.000000000000e+00 -2.404237668712e-22 0.000000000000e+00 0.000000000000e+00 2.649224129435e-01 6.548196047068e+00
24 15 0.000000000000e+00 -4.090532334231e-21 0.000000000000e+00 0.000000000000e+00 2.590002773391e-01 7.015924336144e+00
24 16 0.000000000000e+00 -1.512491480679e-19 0.000000000000e+00 0.000000000000e+00 -2.338408439202e-01 7.483652625221e+00
24 17 0.000000000000e+00 -1.940634033358e-18 0.000000000000e+00 0.000000000000e+00 -3.129953772108e-01 7.951380914297e+00
24 18 0.000000000000e+00 -6.018485075163e-17 0.000000000000e+00 0.000000000000e+00 1.838946829912e-01 8.419109203373e+00
24 19 0.000000000000e+00 -6.151640157792e-16 0.000000000000e+00 0.000000000000e+00 3.756731147766e-01 8.886837492450e+00
24 20 0.000000000000e+00 -1.753515397145e-14 0.000000000000e+00 0.000000000000e+00 -9.836340978680e-02 9.354565781526e+00
24 21 0.000000000000e+00 -1.431626051854e-13 0.000000000000e+00 0.000000000000e+00 -4.456226912248e-01 9.822294070602e+00
24 22 0.000000000000e+00 -4.226875442650e-12 0.000000000000e+00 0.000000000000e+00 -6.674873676583e-02 1.029002235968e+01
24 23 1.189825296675e-07 -2.404639841946e-11 -6.855055715473e-03 6.286980208209e-03 5.018810876380e-01 1.075775064875e+01
24 24 2.570012019004e-05 -1.088602858462e-09 -1.426127316409e-01 -3.122792454861e-03 5.177537416066e-01 1.122547893783e+01
25 1 1.324932723855e-137 -2.026721965108e-77 1.198499232304e-69 -4.095819724195e-69 3.186284413786e-01 4.677282890763e-01
25 2 1.707253139773e-120 -6.389332911603e-63 1.200495048660e-60 -2.818824853562e-60 2.679404608454e-02 9.354565781526e-01
25 3 3.370864401734e-109 -1.942468351884e-54 1.841630664466e-54 -8.823487908431e-55 -3.174665066350e-01 1.403184867229e+00
25 4 7.499510985266e-101 -7.369751714885e-49 3.070129596200e-50 2.658586001288e-50 -5.414174372081e-02 1.870913156305e+00
25 5 2.582167142662e-93 -2.715183476320e-44 -1.848776452036e-46 2.335691576853e-46 3.149856932368e-01 2.338641445381e+00
25 6 5.099742044635e-87 -6.400317615399e-41 -2.910160398661e-43 -4.094729739173e-43 8.262282504032e-02 2.806369734458e+00
25 7 9.943845818664e-81 -9.332282514378e-38 8.180784762183e-40 -2.247529452845e-41 -3.108478809935e-01 3.274098023534e+00
25 8 3.002865087212e-75 -2.382442816658e-35 -3.894165373714e-37 3.354466001908e-37 -1.128720178516e-01 3.741826312610e+00
25 9 1.672097281555e-69 -7.033024125374e-33 1.958744474830e-34 -3.844540516847e-34 3.044772657278e-01 4.209554601687e+00
25 10 2.079132358935e-64 -5.369162300658e-31 -6.292728447016e-32 1.569054020070e-31 1.456134792482e-01 4.677282890763e+00
25 11 6.306697276597e-59 -6.326718254595e-29 5.789993773352e-29 -8.448130131927e-29 -2.949514586037e-01 5.145011179839e+00
25 12 0.000000000000e+00 -2.307933079732e-27 0.000000000000e+00 0.000000000000e+00 -1.817025248191e-01 5.612739468916e+00
25 13 0.000000000000e+00 -1.531292151023e-25 0.000000000000e+00 0.000000000000e+00 2.807965426709e-01 6.080467757992e+00
25 14 0.000000000000e+00 -3.426120086859e-24 0.000000000000e+00 0.000000000000e+00 2.221724146514e-01 6.548196047068e+00
25 15 0.000000000000e+00 -1.561036326583e-22 0.000000000000e+00 0.000000000000e+00 -2.595889814583e-01 7.015924336144e+00
25 16 0.000000000000e+00 -2.474983589208e-21 0.000000000000e+00 0.000000000000e+00 -2.682680968025e-01 7.483652625221e+00
25 17 0.000000000000e+00 0.000000000000e+00 0.000000000000e+00 0.000000000000e+00 2.271298781317e-01 7.951380914297e+00
25 18 0.000000000000e+00 -1.076821442118e-18 0.000000000000e+00 0.000000000000e+00 3.213863590074e-01 8.419109203373e+00
25 19 0.000000000000e+00 -3.280397711956e-17 0.000000000000e+00 0.000000000000e+00 -1.755497143963e-01 8.886837492450e+00
25 20 0.000000000000e+00 -3.237819496924e-16 0.000000000000e+00 0.000000000000e+00 -3.825745141505e-01 9.354565781526e+00
25 21 0.000000000000e+00 -9.201893818748e-15 0.000000000000e+00 0.000000000000e+00 8.822060318718e-02 9.822294070602e+00
25 22 0.000000000000e+00 -7.289241935561e-14 0.000000000000e+00 0.000000000000e+00 4.498630446239e-01 1.029002235968e+01
25 23 0.000000000000e+00 -2.174003123827e-12 0.000000000000e+00 0.000000000000e+00 7.827614242474e-02 1.075775064875e+01
25 24 0.000000000000e+00 -1.197381285946e-11 0.000000000000e+00 0.000000000000e+00 -5.013496956009e-01 1.122547893783e+01
25 25 1.953370561355e-05 -5.591100356093e-10 7.421367722188e-02 1.061784801119e-01 -5.270610801537e-01 1.169320722691e+01
26 1 4.772406994680e-144 -2.440201158863e-81 6.248981329697e-73 -2.483850656843e-72 1.285314786435e-02 4.677282890763e-01
26 2 7.075847680231e-126 -6.783015833091e-66 1.973748753928e-63 -5.916868514614e-63 -3.182071807506e-01 9.354565781526e-01
26 3 1.014134032932e-114 -2.009818729674e-57 2.972778343551e-57 -1.925767655582e-57 -3.880426691864e-02 1.403184867229e+00
26 4 1.130731489684e-105 -2.961830410137e-51 1.358254314286e-52 8.012354048866e-53 3.165549865155e-01 1.870913156305e+00
26 5 1.904615124697e-98 -7.291664889926e-47 -3.370452845637e-49 7.354642113036e-49 6.550041507091e-02 2.338641445381e+00
26 6 1.511683862097e-91 -5.398396180748e-43 -2.182137813652e-45 -1.648870665904e-45 -3.135724879012e-01 2.806369734458e+00
26 7 1.218261798074e-85 -4.526724881660e-40 2.629556228903e-42 -1.136182810454e-42 -9.347455411653e-02 3.274098023534e+00
26 8 1.340279852207e-79 -3.304169487342e-37 -1.323118510988e-39 3.168617892211e-39 3.088815067533e-01 3.741826312610e+00
26 9 2.777272290362e-74 -5.145695314426e-35 -1.553757099158e-37 -1.751593587401e-36 1.233178031027e-01 4.209554601687e+00
26 10 1.203236805190e-68 -1.071105162801e-32 3.635909807008e-34 1.233586597286e-33 -3.018716083356e-01 4.677282890763e+00
26 11 1.257336775778e-63 -6.259783735466e-31 -8.735081110594e-32 -4.488807849067e-31 -1.557099184062e-01 5.145011179839e+00
26 12 3.379783859050e-58 -6.091902283805e-29 -5.333029382700e-29 2.530903320737e-28 2.915877047538e-01 5.612739468916e+00
26 13 0.000000000000e+00 -1.901613833544e-27 0.000000000000e+00 0.000000000000e+00 1.914555197726e-01 6.080467757992e+00
26 14 0.000000000000e+00 -1.131694693050e-25 0.000000000000e+00 0.000000000000e+00 -2.765224929330e-01 6.548196047068e+00
26 15 0.000000000000e+00 -2.300258318808e-24 0.000000000000e+00 0.000000000000e+00 -2.315219732578e-01 7.015924336144e+00
26 16 0.000000000000e+00 -9.852106697318e-23 0.000000000000e+00 0.000000000000e+00 2.542175138146e-01 7.483652625221e+00
26 17 0.000000000000e+00 -1.467862477522e-21 0.000000000000e+00 0.000000000000e+00 2.770572822534e-01 7.951380914297e+00
26 18 0.000000000000e+00 -5.047335786038e-20 0.000000000000e+00 0.000000000000e+00 -2.204418157957e-01 8.419109203373e+00
26 19 0.000000000000e+00 -5.918068030142e-19 0.000000000000e+00 0.000000000000e+00 -3.293000999296e-01 8.886837492450e+00
26 20 0.000000000000e+00 -1.776303753056e-17 0.000000000000e+00 0.000000000000e+00 1.673185402588e-01 9.354565781526e+00
26 21 0.000000000000e+00 -1.697317732250e-16 0.000000000000e+00 0.000000000000e+00 3.890188227711e-01 9.822294070602e+00
26 22 0.000000000000e+00 -4.816539566696e-15 0.000000000000e+00 0.000000000000e+00 -7.832228953966e-02 1.029002235968e+01
26 23 0.000000000000e+00 -3.707704659100e-14 0.000000000000e+00 0.000000000000e+00 -4.537315135553e-01 1.075775064875e+01
26 24 0.000000000000e+00 -1.117645875931e-12 0.000000000000e+00 0.000000000000e+00 -8.940221658322e-02 1.122547893783e+01
26 25 0.000000000000e+00 -5.966986334944e-12 0.000000000000e+00 0.000000000000e+00 5.007143733037e-01 1.169320722691e+01
26 26 1.485533067382e-05 -2.871801941572e-10 3.807548346508e-02 -1.111484515300e-01 5.360444579368e-01 1.216093551598e+01
27 1 4.718577312522e-150 -6.150080484244e-85 5.303948379783e-76 -2.490923596472e-75 -3.185836410075e-01 4.677282890763e-01
27 2 9.238920470674e-132 -2.973489134060e-69 1.726133544054e-66 -6.915104321099e-66 -2.481692966914e-02 9.354565781526e-01
27 3 8.448383082275e-120 -4.373651914016e-60 7.837532355172e-60 -6.564236449360e-60 3.175881303352e-01 1.403184867229e+00
27 4 5.371493918698e-111 -4.915322684359e-54 3.216259127753e-55 1.212136940711e-55 5.007352799072e-02 1.870913156305e+00
27 5 3.952753127003e-103 -4.151691591760e-49 -7.377673899125e-52 3.610962171487e-51 -3.154819134669e-01 2.338641445381e+00
27 6 1.409051336610e-96 -1.876928279203e-45 -7.824850222958e-48 -2.915131818901e-48 -7.622714050284e-02 2.806369734458e+00
27 7 4.297511801597e-90 -4.707610913699e-42 1.224094026036e-44 -1.181583172808e-44 3.120194821687e-01 3.274098023534e+00
27 8 1.870408604874e-84 -1.880672888168e-39 5.462834423264e-43 1.281585601218e-41 1.037721169711e-01 3.741826312610e+00
27 9 1.368856782080e-78 -8.191616853817e-37 -7.117539360795e-39 -1.008709471025e-38 -3.067905269404e-01 4.209554601687e+00
27 10 2.150477257384e-73 -8.699102143390e-35 4.301258008678e-36 3.325509594468e-36 -1.332623733880e-01 4.677282890763e+00
27 11 7.714180094485e-68 -1.373898807183e-32 -2.874645549186e-33 -2.137024749685e-33 2.991557853122e-01 5.145011179839e+00
27 12 7.035787570624e-63 -6.460694387246e-31 7.254968979662e-31 9.307553075602e-31 1.653384048219e-01 5.612739468916e+00
27 13 0.000000000000e+00 -5.374763260248e-29 0.000000000000e+00 0.000000000000e+00 -2.881320850246e-01 6.080467757992e+00
27 14 0.000000000000e+00 -1.471225633946e-27 0.000000000000e+00 0.000000000000e+00 -2.007584537645e-01 6.548196047068e+00
27 15 0.000000000000e+00 -7.991147450632e-26 0.000000000000e+00 0.000000000000e+00 2.721829902415e-01 7.015924336144e+00
27 16 0.000000000000e+00 -1.494471964644e-24 0.000000000000e+00 0.000000000000e+00 2.404280826673e-01 7.483652625221e+00
27 17 0.000000000000e+00 -6.072438487418e-23 0.000000000000e+00 0.000000000000e+00 -2.488198580530e-01 7.951380914297e+00
27 18 0.000000000000e+00 -8.560205663772e-22 0.000000000000e+00 0.000000000000e+00 -2.854032978945e-01 8.419109203373e+00
27 19 0.000000000000e+00 -2.860817515114e-20 0.000000000000e+00 0.000000000000e+00 2.137858151244e-01 8.886837492450e+00
27 20 0.000000000000e+00 -3.225926090043e-19 0.000000000000e+00 0.000000000000e+00 3.367728249497e-01 9.354565781526e+00
27 21 0.000000000000e+00 -9.564300992187e-18 0.000000000000e+00 0.000000000000e+00 -1.592048061592e-01 9.822294070602e+00
27 22 0.000000000000e+00 -8.866756269045e-17 0.000000000000e+00 0.000000000000e+00 -3.950435486666e-01 1.029002235968e+01
27 23 0.000000000000e+00 -2.515528560747e-15 0.000000000000e+00 0.000000000000e+00 6.866174133592e-02 1.075775064875e+01
27 24 0.000000000000e+00 -1.884370858592e-14 0.000000000000e+00 0.000000000000e+00 4.572633165752e-01 1.122547893783e+01
27 25 0.000000000000e+00 -5.743500736268e-13 0.000000000000e+00 0.000000000000e+00 1.001504414569e-01 1.169320722691e+01
27 26 0.000000000000e+00 -2.975756644257e-12 0.000000000000e+00 0.000000000000e+00 -4.999900534227e-01 1.216093551598e+01
27 27 1.130320107554e-05 -1.475113380217e-10 -1.016837883128e-01 3.141524386067e-02 -5.447258590331e-01 1.262866380506e+01
28 1 1.480362448529e-156 -6.383682656766e-89 2.476548048401e-79 -1.404823916351e-78 -1.194280789383e-02 4.677282890763e-01
28 2 3.313125943794e-137 -2.753601499104e-72 2.288482270590e-69 -1.330142506932e-68 3.182214637146e-01 9.354565781526e-01
28 3 2.234381657035e-125 -3.921416710126e-63 1.140850455395e-62 -1.209398460605e-62 3.602468299733e-02 1.403184867229e+00
28 4 7.087916959314e-116 -1.733531150207e-56 1.224755808825e-57 2.425454762048e-58 -3.168024522502e-01 1.870913156305e+00
28 5 2.602261350275e-108 -9.731577405740e-52 1.536382452506e-55 9.455221479789e-54 -6.070261327527e-02 2.338641445381e+00
28 6 3.713692826268e-101 -1.399192365507e-47 -4.273028761405e-50 -3.439009827897e-51 3.142680468815e-01 2.806369734458e+00
28 7 4.793048291357e-95 -2.009748345427e-44 2.529222512724e-47 -5.087840254095e-47 8.639886706828e-02 3.274098023534e+00
28 8 7.561882224634e-89 -2.322676372531e-41 3.599853153921e-44 7.318801400759e-44 -3.103421220180e-01 3.741826312610e+00
28 9 2.117024137639e-83 -5.323045948659e-39 -4.350702447230e-41 -2.154619764607e-41 -1.135752877100e-01 4.209554601687e+00
28 10 1.148116176051e-77 -1.557001651193e-36 3.962946925851e-38 2.769882292852e-39 3.045880132947e-01 4.677282890763e+00
28 11 1.462778038174e-72 -1.219229959253e-34 -1.557551971984e-35 8.348244898786e-37 1.427534595254e-01 5.145011179839e+00
28 12 4.534720584304e-67 -1.540908541301e-32 9.428983073468e-33 9.239725829217e-34 -2.963420086584e-01 5.612739468916e+00
28 13 3.704799827384e-62 -6.051588876666e-31 -2.524767056159e-30 -1.493952223906e-30 -1.745385991593e-01 6.080467757992e+00
28 14 0.000000000000e+00 -4.418553970497e-29 0.000000000000e+00 0.000000000000e+00 2.845965058224e-01 6.548196047068e+00
28 15 0.000000000000e+00 -1.081055125473e-27 0.000000000000e+00 0.000000000000e+00 2.096460238751e-01 7.015924336144e+00
28 16 0.000000000000e+00 -5.433663666233e-26 0.000000000000e+00 0.000000000000e+00 -2.677894987336e-01 7.483652625221e+00
28 17 0.000000000000e+00 -9.446363327794e-25 0.000000000000e+00 0.000000000000e+00 -2.489229387392e-01 7.951380914297e+00
28 18 0.000000000000e+00 -3.668253232662e-23 0.000000000000e+00 0.000000000000e+00 2.434062998449e-01 8.419109203373e+00
28 19 0.000000000000e+00 0.000000000000e+00 0.000000000000e+00 0.000000000000e+00 2.933377927473e-01 8.886837492450e+00
28 20 0.000000000000e+00 -1.604860589949e-20 0.000000000000e+00 0.000000000000e+00 -2.071695352461e-01 9.354565781526e+00
28 21 0.000000000000e+00 -1.746063009541e-19 0.000000000000e+00 0.000000000000e+00 -3.438370288932e-01 9.822294070602e+00
28 22 0.000000000000e+00 -5.124596900212e-18 0.000000000000e+00 0.000000000000e+00 1.512110031329e-01 1.029002235968e+01
28 23 0.000000000000e+00 -4.618050869281e-17 0.000000000000e+00 0.000000000000e+00 4.006822462327e-01 1.075775064875e+01
28 24 0.000000000000e+00 -1.311237742264e-15 0.000000000000e+00 0.000000000000e+00 -5.923201861622e-02 1.122547893783e+01
28 25 0.000000000000e+00 -9.570239994614e-15 0.000000000000e+00 0.000000000000e+00 -4.604895937008e-01 1.169320722691e+01
28 26 0.000000000000e+00 -2.950516637847e-13 0.000000000000e+00 0.000000000000e+00 -1.105424941912e-01 1.216093551598e+01
28 27 0.000000000000e+00 -1.485048398889e-12 0.000000000000e+00 0.000000000000e+00 4.991895346464e-01 1.262866380506e+01
28 28 8.604337115259e-06 -7.577004500744e-11 7.709804609752e-02 5.769291163577e-02 5.531251638272e-01 1.309639209414e+01
29 1 1.268593609275e-162 -1.406910941208e-92 1.849222423299e-82 -1.307507406992e-81 3.185476753839e-01 4.677282890763e-01
29 2 3.797802765041e-143 -1.048230248310e-75 1.427464933333e-72 -1.437971870215e-71 2.311315788998e-02 9.354565781526e-01
29 3 1.625899429988e-130 -7.495624334813e-66 2.691467417613e-65 -3.587510205798e-65 -3.176850482702e-01 1.403184867229e+00
29 4 2.989405803661e-121 -2.512834375856e-59 2.562308544472e-60 9.599619127732e-62 -4.658134862318e-02 1.870913156305e+00
29 5 4.776815626647e-113 -4.896834072649e-54 9.014282203080e-57 3.950013482488e-56 3.158733034054e-01 2.338641445381e+00
29 6 3.122754268663e-106 -4.279763961921e-50 -1.222254541650e-52 2.266601069975e-53 7.077193573327e-02 2.806369734458e+00
29 7 1.519454480590e-99 -1.859697737072e-46 4.346393012765e-50 -3.169419256958e-49 -3.129296870600e-01 3.274098023534e+00
29 8 9.707864567167e-94 -1.172396195311e-43 2.196826836666e-46 1.927227707277e-46 -9.607794386720e-02 3.741826312610e+00
29 9 9.543512388177e-88 -7.592758485536e-41 -3.259560801361e-43 3.214390915863e-45 3.085532738116e-01 4.209554601687e+00
29 10 1.927958782542e-82 -1.131144596138e-38 1.439778411044e-40 -7.597066273288e-41 1.229333573091e-01 4.677282890763e+00
29 11 8.338754478377e-77 -2.414097600053e-36 -8.971372286718e-38 7.629365036714e-38 -3.022853522538e-01 5.145011179839e+00
29 12 9.028243632711e-72 -1.475517695263e-34 3.333532188748e-35 -2.599597451254e-35 -1.518311928562e-01 5.612739468916e+00
29 13 2.492240867643e-66 -1.552847166402e-32 -2.261338720483e-32 8.221219938560e-33 2.934411471372e-01 6.080467757992e+00
29 14 0.000000000000e+00 -5.240462375995e-31 0.000000000000e+00 0.000000000000e+00 1.833445287522e-01 6.548196047068e+00
29 15 0.000000000000e+00 -3.428012266089e-29 0.000000000000e+00 0.000000000000e+00 -2.809915943169e-01 7.015924336144e+00
29 16 0.000000000000e+00 -7.611175560212e-28 0.000000000000e+00 0.000000000000e+00 -2.181485733413e-01 7.483652625221e+00
29 17 0.000000000000e+00 -3.579646640750e-26 0.000000000000e+00 0.000000000000e+00 2.633521620214e-01 7.951380914297e+00
29 18 0.000000000000e+00 -5.833856356057e-25 0.000000000000e+00 0.000000000000e+00 2.570351420380e-01 8.419109203373e+00
29 19 0.000000000000e+00 -2.178508387159e-23 0.000000000000e+00 0.000000000000e+00 -2.379857729515e-01 8.886837492450e+00
29 20 0.000000000000e+00 -2.793810135467e-22 0.000000000000e+00 0.000000000000e+00 -3.008891712904e-01 9.354565781526e+00
29 21 0.000000000000e+00 -8.923276073403e-21 0.000000000000e+00 0.000000000000e+00 2.005993620627e-01 9.822294070602e+00
29 22 0.000000000000e+00 -9.392987498421e-20 0.000000000000e+00 0.000000000000e+00 3.505219833329e-01 1.029002235968e+01
29 23 0.000000000000e+00 -2.734056299503e-18 0.000000000000e+00 0.000000000000e+00 -1.433386786874e-01 1.075775064875e+01
29 24 0.000000000000e+00 -2.398906637768e-17 0.000000000000e+00 0.000000000000e+00 -4.059650379989e-01 1.122547893783e+01
29 25 0.000000000000e+00 -6.823294604856e-16 0.000000000000e+00 0.000000000000e+00 5.002608471330e-02 1.169320722691e+01
29 26 0.000000000000e+00 -4.857599941279e-15 0.000000000000e+00 0.000000000000e+00 4.634379745878e-01 1.216093551598e+01
29 27 0.000000000000e+00 -1.515255953217e-13 0.000000000000e+00 0.000000000000e+00 1.205984095331e-01 1.262866380506e+01
29 28 0.000000000000e+00 -7.415963011853e-13 0.000000000000e+00 0.000000000000e+00 -4.983238235236e-01 1.309639209414e+01
29 29 6.552496863699e-06 -3.891893417338e-11 1.265565542683e-03 -8.702400396768e-02 -5.612604032943e-01 1.356412038321e+01
30 1 3.496981799440e-169 -1.271832131961e-96 7.451504472102e-86 -6.892985194308e-85 1.115335010227e-02 4.677282890763e-01
30 2 1.189620975495e-148 -8.539953001546e-79 7.714921870335e-76 -2.556349248856e-74 -3.182329434528e-01 9.354565781526e-01
30 3 3.806981796856e-136 -5.878081396359e-69 3.500962453548e-68 -5.902538380968e-68 -3.361981253106e-02 1.403184867229e+00
30 4 3.478181193375e-126 -7.835810081119e-62 8.689251414531e-63 -9.965019441824e-64 3.170005557086e-01 1.870913156305e+00
30 5 2.819105156434e-118 -1.010029313840e-56 4.047427451035e-59 8.971891026855e-59 5.657071063716e-02 2.338641445381e+00
30 6 7.352740073715e-111 -2.837920705408e-52 -5.469462017987e-55 2.543558588382e-55 -3.148184523570e-01 2.806369734458e+00
30 7 1.544137326719e-104 -7.035470236228e-49 -1.763903108084e-52 -1.004452244191e-51 -8.034655981039e-02 3.274098023534e+00
30 8 3.561536371801e-98 -1.296229274376e-45 1.665299510922e-48 5.999595446492e-49 3.114800439492e-01 3.741826312610e+00
30 9 1.370652363504e-92 -4.405832998625e-43 -1.109258435452e-45 5.437217951779e-46 1.053155873950e-01 4.209554601687e+00
30 10 9.494103723356e-87 -1.824146687474e-40 6.067560626291e-43 -9.679250731843e-43 -3.066639182759e-01 4.677282890763e+00
30 11 1.497063882540e-81 -1.928842134026e-38 -1.241793314581e-40 4.832967693814e-40 -1.318875099837e-01 5.145011179839e+00
30 12 5.436483616446e-76 -3.190473041012e-36 6.326743499211e-38 -3.218788821388e-37 2.998926007027e-01 5.612739468916e+00
30 13 5.169600975238e-71 -1.588255210920e-34 -4.212708451804e-35 1.011653107607e-34 1.605297291490e-01 6.080467757992e+00
30 14 1.297809141414e-65 -1.434922198866e-32 4.496479319952e-32 -3.840145174373e-32 -2.904629347847e-01 6.548196047068e+00
30 15 0.000000000000e+00 -4.254908237715e-31 0.000000000000e+00 0.000000000000e+00 -1.917857020874e-01 7.015924336144e+00
30 16 0.000000000000e+00 -2.534650979513e-29 0.000000000000e+00 0.000000000000e+00 2.773268608939e-01 7.483652625221e+00
30 17 0.000000000000e+00 -5.169998444707e-28 0.000000000000e+00 0.000000000000e+00 2.262928720015e-01 7.951380914297e+00
30 18 0.000000000000e+00 -2.295966391181e-26 0.000000000000e+00 0.000000000000e+00 -2.588799665706e-01 8.419109203373e+00
30 19 0.000000000000e+00 -3.532216753241e-25 0.000000000000e+00 0.000000000000e+00 -2.647902710601e-01 8.886837492450e+00
30 20 0.000000000000e+00 -1.274926654794e-23 0.000000000000e+00 0.000000000000e+00 2.325660385073e-01 9.354565781526e+00
30 21 0.000000000000e+00 -1.569886737855e-22 0.000000000000e+00 0.000000000000e+00 3.080830531172e-01 9.822294070602e+00
30 22 0.000000000000e+00 -4.923276640496e-21 0.000000000000e+00 0.000000000000e+00 -1.940805977585e-01 1.029002235968e+01
30 23 0.000000000000e+00 -5.026033820681e-20 0.000000000000e+00 0.000000000000e+00 -3.568541557925e-01 1.075775064875e+01
30 24 0.000000000000e+00 -1.453195067276e-18 0.000000000000e+00 0.000000000000e+00 1.355886095176e-01 1.122547893783e+01
30 25 0.000000000000e+00 -1.243284701303e-17 0.000000000000e+00 0.000000000000e+00 4.109190523822e-01 1.169320722691e+01
30 26 0.000000000000e+00 -3.545308713993e-16 0.000000000000e+00 0.000000000000e+00 -4.103689380318e-02 1.216093551598e+01
30 27 0.000000000000e+00 -2.464352135651e-15 0.000000000000e+00 0.000000000000e+00 -4.661330536660e-01 1.262866380506e+01
30 28 0.000000000000e+00 -7.779548030403e-14 0.000000000000e+00 0.000000000000e+00 -1.303367270277e-01 1.309639209414e+01
30 29 0.000000000000e+00 -3.705627370366e-13 0.000000000000e+00 0.000000000000e+00 4.974024145434e-01 1.356412038321e+01
30 30 4.991767825673e-06 -1.998975980018e-11 -6.429570434613e-02 4.518237821601e-02 5.691479765543e-01 1.403184867229e+01
