2 1 3.300147132967e-11 -1.713696571047e-05 -4.830364557773e-06 5.222958437187e-06 2.773164125526e-01 4.940477750147e-01
2 2 3.031534802291e-03 -8.743418284184e-04 2.792743643194e-02 1.334801406900e-01 9.328720068302e-02 9.880955500293e-01
3 1 7.235653468760e-18 -6.928848174261e-08 8.286527825387e-10 3.226465166212e-09 -3.417350503552e-01 4.940477750147e-01
3 2 4.089436077087e-10 -1.432542143974e-05 4.964551686927e-05 -6.631669788815e-06 -3.420257629434e-01 9.880955500293e-01
3 3 2.893738668532e-03 -5.346734182785e-04 1.997502027699e-01 -6.396567281139e-03 -1.378399274507e-01 1.482143325044e+00
4 1 5.923842067408e-25 -2.495321324124e-10 6.888206700208e-13 6.588006938008e-13 -8.767326778455e-02 4.940477750147e-01
4 2 5.139446829276e-17 -1.548803647317e-07 -9.842103857080e-09 -1.477874589985e-08 3.129814670504e-01 9.880955500293e-01
4 3 5.483758384454e-09 -8.645197981011e-06 -2.120092053464e-05 -2.743000819821e-04 3.821185273177e-01 1.482143325044e+00
4 4 2.233071630258e-03 -2.738090221965e-04 9.943128904845e-02 -2.119159076709e-01 1.738737184971e-01 1.976191100059e+00
5 1 3.634705770641e-31 -8.667312621090e-13 6.733871444507e-16 3.224523245287e-16 3.264622680554e-01 4.940477750147e-01
5 2 4.768155471633e-24 -1.229594494497e-09 -5.390150814526e-12 4.432027227393e-13 1.444634427107e-01 9.880955500293e-01
5 3 4.490384784176e-16 -1.477217595874e-07 1.508183211961e-08 7.726854391099e-08 -2.866491676277e-01 1.482143325044e+00
5 4 4.306832314109e-08 -4.771966192053e-06 -7.730877803610e-04 -6.776004386707e-04 -4.104943582322e-01 1.976191100059e+00
5 5 1.656855006704e-03 -1.375937854043e-04 -1.189425346370e-01 -2.222100875536e-01 -2.050647167313e-01 2.470238875073e+00
6 1 3.896639104050e-38 -1.880075132017e-15 2.396612721380e-19 4.818829138334e-20 5.443091339164e-02 4.940477750147e-01
6 2 4.046829885677e-30 -1.143406306389e-11 -3.667847776599e-15 3.372252919335e-15 -3.175563828692e-01 9.880955500293e-01
6 3 2.892845635916e-23 -1.652004909344e-09 1.935320475048e-11 -4.974012478894e-12 -1.877598094305e-01 1.482143325044e+00
6 4 5.559535556471e-15 -1.081430479931e-07 2.642441595346e-07 -2.580590305392e-07 2.614982266216e-01 1.976191100059e+00
6 5 1.414293339332e-07 -2.546976923781e-06 -2.251128883937e-03 -5.957265650000e-04 4.317484497262e-01 2.470238875073e+00
6 6 1.224865382893e-03 -6.979020800946e-05 -2.516283234436e-01 -6.563837879181e-02 2.328588263498e-01 2.964286650088e+00
7 1 1.628935477196e-44 -4.694472836110e-18 1.580499877850e-22 1.371748569638e-24 -3.225038255863e-01 4.940477750147e-01
7 2 8.172627080327e-37 -6.373394979812e-14 -7.039216797775e-19 2.125553109070e-18 -9.553061447824e-02 9.880955500293e-01
7 3 2.031022574605e-29 -2.457766440057e-11 4.682643328218e-15 -1.607502310721e-14 3.076251760157e-01 1.482143325044e+00
7 4 2.294809777068e-22 -1.465442834342e-09 -7.478987070906e-11 -6.120549571042e-12 2.229067048573e-01 1.976191100059e+00
7 5 0.000000000000e+00 -7.043874344116e-08 0.000000000000e+00 0.000000000000e+00 -2.373706163667e-01 2.470238875073e+00
7 6 2.620776597024e-07 -1.340012380730e-06 -3.754224648526e-03 6.125265582631e-04 -4.481712344431e-01 2.964286650088e+00
7 7 9.099454802488e-04 -3.587650435900e-05 -2.296901303618e-01 1.249898515199e-01 -2.580310818486e-01 3.458334425103e+00
8 1 1.381955033355e-51 -6.193528241389e-21 4.549948528302e-26 -7.013609838679e-27 -4.000497295707e-02 4.940477750147e-01
8 2 7.021629681478e-43 -4.620600397485e-16 1.563056755715e-22 2.069534544839e-21 3.181076592604e-01 9.880955500293e-01
8 3 4.265150211043e-36 -2.106822351719e-13 -3.680818486930e-18 -6.732135799694e-18 1.292249231713e-01 1.482143325044e+00
8 4 1.146445146895e-28 -2.904429143852e-11 -1.074795402291e-14 5.193861205139e-14 -2.968641271364e-01 1.976191100059e+00
8 5 0.000000000000e+00 -1.077428162223e-09 0.000000000000e+00 0.000000000000e+00 -2.523764509413e-01 2.470238875073e+00
8 6 0.000000000000e+00 -4.314362086255e-08 0.000000000000e+00 0.000000000000e+00 2.142516488218e-01 2.964286650088e+00
8 7 3.592260700129e-07 -7.005538910837e-07 -4.292937865692e-03 2.926701649217e-03 4.611081504410e-01 3.458334425103e+00
8 8 6.804156621809e-04 -1.866861919718e-05 -9.306944407523e-02 2.410850868503e-01 2.810726613233e-01 3.952382200117e+00
9 1 3.838676412729e-58 -1.096247233206e-23 2.325725786796e-29 -6.914264246133e-30 3.208754544947e-01 4.940477750147e-01
9 2 1.422817858081e-49 -1.742771193410e-18 3.712595828969e-25 8.573162157997e-25 7.233916142606e-02 9.880955500293e-01
9 3 4.194131847769e-42 -2.575917469055e-15 -6.830787995779e-21 -3.351145456818e-21 -3.128066201434e-01 1.482143325044e+00
9 4 2.028629950001e-35 -3.188336606020e-13 1.715394969581e-17 1.426624005855e-17 -1.580127266953e-01 1.976191100059e+00
9 5 8.378087992521e-28 -2.604024159798e-11 8.715090131278e-14 -1.566101170264e-13 2.855164405840e-01 2.470238875073e+00
9 6 0.000000000000e+00 -7.159062846605e-10 0.000000000000e+00 0.000000000000e+00 2.775813222922e-01 2.964286650088e+00
9 7 0.000000000000e+00 -2.548999207224e-08 0.000000000000e+00 0.000000000000e+00 -1.921317258124e-01 3.458334425103e+00
9 8 4.155838170352e-07 -3.653071945633e-07 -3.155937003282e-03 5.552504981043e-03 -4.714286732053e-01 3.952382200117e+00
9 9 5.119779865095e-04 -9.811863361389e-06 7.441626861248e-02 2.409601070535e-01 -3.023282511946e-01 4.446429975132e+00
10 1 2.457464209151e-65 -9.542890275551e-27 5.631486568883e-33 -2.444283480053e-33 3.177881096696e-02 4.940477750147e-01
10 2 9.851348674006e-56 -9.527931764239e-21 4.951876099060e-28 5.992647551526e-28 -3.182405976481e-01 9.880955500293e-01
10 3 1.101915974366e-48 -1.611889352237e-17 -3.893215985067e-24 2.283697095622e-25 -9.984951934032e-02 1.482143325044e+00
10 4 1.841610492879e-41 -5.370439412885e-15 2.100597613191e-20 -3.262189053810e-21 3.067797585015e-01 1.976191100059e+00
10 5 1.141496214804e-34 -3.352882899334e-13 -5.167460508464e-17 -4.130724831744e-17 1.831997907680e-01 2.470238875073e+00
10 6 0.000000000000e+00 -2.006822972029e-11 0.000000000000e+00 0.000000000000e+00 -2.737907029476e-01 2.964286650088e+00
10 7 0.000000000000e+00 -4.476461509814e-10 0.000000000000e+00 0.000000000000e+00 -2.994336471480e-01 3.458334425103e+00
10 8 0.000000000000e+00 -1.472158654281e-08 0.000000000000e+00 0.000000000000e+00 1.709872504318e-01 3.952382200117e+00
10 9 4.332346588221e-07 -1.903616209639e-07 -3.427079072692e-04 7.328052658818e-03 4.797303447361e-01 4.446429975132e+00
10 10 3.873713732623e-04 -5.197973309869e-06 1.968872636731e-01 1.436783007637e-01 3.220560039051e-01 4.940477750147e+00
11 1 4.763132736294e-72 -1.238751291380e-29 2.351241687696e-36 -1.332853395105e-36 -3.200439172994e-01 4.940477750147e-01
11 2 1.716222437375e-62 -2.538154965573e-23 2.618351349571e-31 1.916342468432e-31 -5.851112847220e-02 9.880955500293e-01
11 3 1.043168923146e-54 -1.557776881553e-19 -3.339427140192e-27 1.801845978309e-27 3.149066894441e-01 1.482143325044e+00
11 4 4.948821704183e-48 -4.545985366329e-17 7.187651526798e-24 -8.352931038230e-24 1.239715650291e-01 1.976191100059e+00
11 5 8.661098791318e-41 -7.038333024478e-15 -5.254657576701e-20 2.365514671765e-20 -3.001746164151e-01 2.470238875073e+00
11 6 8.029382776502e-34 -2.885176119169e-13 1.199639105964e-16 1.730293025002e-16 -2.055736202950e-01 2.964286650088e+00
11 7 0.000000000000e+00 -1.410318557746e-11 0.000000000000e+00 0.000000000000e+00 2.618497034207e-01 3.458334425103e+00
11 8 0.000000000000e+00 -2.691313603656e-10 0.000000000000e+00 0.000000000000e+00 3.185704009171e-01 3.952382200117e+00
11 9 0.000000000000e+00 -8.374859402731e-09 0.000000000000e+00 0.000000000000e+00 -1.507825295847e-01 4.446429975132e+00
11 10 4.217207525327e-07 -9.922768345998e-08 3.380134982114e-03 7.297302633687e-03 -4.864417657283e-01 4.940477750147e+00
11 11 2.944862410868e-04 -2.770898058544e-06 2.337546147987e-01 2.451302494237e-03 -3.404577883392e-01 5.434525525161e+00
12 1 2.331343150343e-79 -7.598028686754e-33 4.894016084280e-40 -3.435484170513e-40 -2.641595077531e-02 4.940477750147e-01
12 2 9.270882812629e-69 -1.062968677589e-25 2.184613338248e-34 9.563833422739e-35 3.182839014839e-01 9.880955500293e-01
12 3 2.683555768527e-61 -7.265044037794e-22 -1.229755233928e-30 1.480439594380e-30 8.180961358345e-02 1.482143325044e+00
12 4 5.062347706655e-54 -6.266711486146e-19 1.246168202665e-27 -1.107549313507e-26 -3.110117992901e-01 1.976191100059e+00
12 5 2.116430090966e-47 -7.280516682190e-17 -6.747529180392e-24 2.767527291974e-23 -1.455291315063e-01 2.470238875073e+00
12 6 4.850115253988e-40 -7.125627269191e-15 1.506636513429e-19 -6.386004821036e-20 2.931165413977e-01 2.964286650088e+00
12 7 0.000000000000e+00 -2.196024546873e-13 0.000000000000e+00 0.000000000000e+00 2.256586528403e-01 3.458334425103e+00
12 8 0.000000000000e+00 -9.329597599719e-12 0.000000000000e+00 0.000000000000e+00 -2.498163332697e-01 3.952382200117e+00
12 9 0.000000000000e+00 -1.575355052567e-10 0.000000000000e+00 0.000000000000e+00 -3.354601871135e-01 4.446429975132e+00
12 10 0.000000000000e+00 -4.714716021895e-09 0.000000000000e+00 0.000000000000e+00 1.314743710942e-01 4.940477750147e+00
12 11 3.914594970108e-07 -5.176587843350e-08 6.789470232700e-03 5.152228442757e-03 4.918802023116e-01 5.434525525161e+00
12 12 2.247810589302e-04 -1.484311740179e-06 1.847676873330e-01 -1.245063798601e-01 3.576962287517e-01 5.928573300176e+00
13 1 3.305544473959e-86 -7.493700459969e-36 1.723189113694e-43 -1.449161277539e-43 3.195611523696e-01 4.940477750147e-01
13 2 1.339126711791e-75 -2.089388962362e-28 8.855804425068e-38 1.929556559603e-38 4.923916726804e-02 9.880955500293e-01
13 3 2.211257084244e-67 -5.575652554183e-24 -6.076926601222e-34 1.637930071669e-33 -3.159790097795e-01 1.482143325044e+00
13 4 1.503384154284e-60 -4.123241807396e-21 -2.429452139404e-30 -5.566658109608e-30 -1.025877848319e-01 1.976191100059e+00
13 5 2.077358235160e-53 -1.283557185330e-18 1.426514986051e-26 2.435107873923e-26 3.066534160644e-01 2.470238875073e+00
13 6 1.010434356772e-46 -8.495685446694e-17 3.468926198377e-24 -7.460969765227e-23 1.650435404632e-01 2.964286650088e+00
13 7 0.000000000000e+00 -6.153357376696e-15 0.000000000000e+00 0.000000000000e+00 -2.857103920448e-01 3.458334425103e+00
13 8 0.000000000000e+00 -1.541906204292e-13 0.000000000000e+00 0.000000000000e+00 -2.438294763381e-01 3.952382200117e+00
13 9 0.000000000000e+00 -5.918977423496e-12 0.000000000000e+00 0.000000000000e+00 2.377820773763e-01 4.446429975132e+00
13 10 0.000000000000e+00 -9.048049561324e-11 0.000000000000e+00 0.000000000000e+00 3.504607809495e-01 4.940477750147e+00
13 11 0.000000000000e+00 -2.634403573240e-09 0.000000000000e+00 0.000000000000e+00 -1.130158874430e-01 5.434525525161e+00
13 12 3.511124065622e-07 -2.703501479563e-08 8.698698921519e-03 1.368484772171e-03 -4.962862855543e-01 5.928573300176e+00
13 13 1.721679314877e-04 -7.981604545918e-07 7.984407669147e-02 -1.955702290226e-01 -3.739051663523e-01 6.422621075191e+00
14 1 1.265585071335e-93 -3.403504114261e-39 3.133286796751e-47 -3.097059843276e-47 2.262673249942e-02 4.940477750147e-01
14 2 5.685865433503e-82 -6.861111301573e-31 5.902244619378e-41 2.081738022007e-42 -3.183005576827e-01 9.880955500293e-01
14 3 5.131280532506e-74 -1.994858165063e-26 -4.258900212689e-38 8.404970430275e-37 -6.947899149067e-02 1.482143325044e+00
14 4 1.481731369079e-66 -4.645092535529e-23 -4.622189424282e-33 -3.872204904238e-33 3.132350331343e-01 1.976191100059e+00
14 5 6.265082992653e-60 -1.066970959282e-20 1.444849224257e-29 5.607805903051e-30 1.214097686725e-01 2.470238875073e+00
14 6 8.899009141509e-53 -1.796909231290e-18 -5.499496163865e-26 -4.345947113709e-26 -3.019101955123e-01 2.964286650088e+00
14 7 5.677152716266e-46 -8.150234765783e-17 -2.054286367613e-23 2.055244659795e-22 -1.828703992565e-01 3.458334425103e+00
14 8 0.000000000000e+00 -4.783279794807e-15 0.000000000000e+00 0.000000000000e+00 2.780426757144e-01 3.952382200117e+00
14 9 0.000000000000e+00 -1.023716739853e-13 0.000000000000e+00 0.000000000000e+00 2.603675150230e-01 4.446429975132e+00
14 10 0.000000000000e+00 -3.643750284771e-12 0.000000000000e+00 0.000000000000e+00 -2.258145091527e-01 4.940477750147e+00
14 11 0.000000000000e+00 -5.125106247716e-11 0.000000000000e+00 0.000000000000e+00 -3.638529714985e-01 5.434525525161e+00
14 12 0.000000000000e+00 -1.463932165559e-09 0.000000000000e+00 0.000000000000e+00 9.535912421627e-02 5.928573300176e+00
14 13 3.069713082694e-07 -1.413628394983e-08 8.406701795608e-03 -2.981398199033e-03 4.998461049801e-01 6.422621075191e+00
14 14 1.322590436104e-04 -4.304866461522e-07 -3.801662136848e-02 -1.957304755060e-01 3.891965332538e-01 6.916668850205e+00
15 1 1.364438322294e-100 -2.629028042468e-42 9.508309783787e-51 -1.090160701940e-50 -3.192557087467e-01 4.940477750147e-01
15 2 6.785670485522e-89 -1.032070501059e-33 2.023156845929e-44 -2.636140664613e-45 -4.255736545876e-02 9.880955500293e-01
15 3 3.575743363837e-80 -1.233989464036e-28 1.567301158651e-40 6.848215172619e-40 3.166056715303e-01 1.482143325044e+00
15 4 4.305466372143e-73 -2.420967145941e-25 -3.122184864578e-36 -9.037038454174e-37 8.775605510875e-02 1.976191100059e+00
15 5 6.501882927251e-66 -1.572702143205e-22 1.540476837529e-32 -3.461004818021e-33 -3.101225730574e-01 2.470238875073e+00
15 6 2.528358939726e-59 -1.768584686067e-20 -3.691009505462e-29 5.793094873009e-30 -1.386490124540e-01 2.964286650088e+00
15 7 4.311340175867e-52 -1.985199229027e-18 1.550510444943e-25 9.142081567899e-26 2.968484559505e-01 3.458334425103e+00
15 8 0.000000000000e+00 -6.866207627498e-17 0.000000000000e+00 0.000000000000e+00 1.992667868141e-01 3.952382200117e+00
15 9 0.000000000000e+00 -3.455512008216e-15 0.000000000000e+00 0.000000000000e+00 -2.701841793936e-01 4.446429975132e+00
15 10 0.000000000000e+00 -6.527643741064e-14 0.000000000000e+00 0.000000000000e+00 -2.754922311536e-01 4.940477750147e+00
15 11 0.000000000000e+00 -2.193411419493e-12 0.000000000000e+00 0.000000000000e+00 2.139631860005e-01 5.434525525161e+00
15 12 0.000000000000e+00 -2.872937672048e-11 0.000000000000e+00 0.000000000000e+00 3.758618546017e-01 5.928573300176e+00
15 13 0.000000000000e+00 -8.101513543975e-10 0.000000000000e+00 0.000000000000e+00 -7.845674317170e-02 6.422621075191e+00
15 14 2.631811328608e-07 -7.400951936306e-09 5.934275537961e-03 -6.625244482531e-03 -5.027058911642e-01 6.916668850205e+00
15 15 1.018586418460e-04 -2.327319485522e-07 -1.294817719703e-01 -1.355812381629e-01 -4.036651156230e-01 7.410716625220e+00
16 1 4.179247629874e-108 -9.184789753367e-46 1.528661456510e-54 -2.018061425936e-54 -1.980048858773e-02 4.940477750147e-01
16 2 2.302238921761e-95 -2.717590150917e-36 1.141709501686e-47 -3.298534214746e-48 3.183076114663e-01 9.880955500293e-01
16 3 7.268331129143e-87 -3.478577606650e-31 1.456733795241e-43 2.812489798132e-43 6.046812700427e-02 1.482143325044e+00
16 4 3.849576732616e-79 -2.249521318478e-27 -3.059854903554e-39 2.887015494194e-40 -3.145584128366e-01 1.976191100059e+00
16 5 2.071014557835e-72 -1.063315683877e-24 6.508828075022e-36 -6.085958507855e-36 -1.044762685521e-01 2.470238875073e+00
16 6 2.562065997638e-65 -3.185015012720e-22 -2.391897328745e-32 2.902425807164e-32 3.066959253058e-01 2.964286650088e+00
16 7 1.101140628306e-58 -2.219200948047e-20 8.180219029426e-29 -3.978925744880e-29 1.545671692056e-01 3.458334425103e+00
16 8 0.000000000000e+00 -1.873101911627e-18 0.000000000000e+00 0.000000000000e+00 -2.915247514225e-01 3.952382200117e+00
16 9 0.000000000000e+00 -5.282754984182e-17 0.000000000000e+00 0.000000000000e+00 -2.144271493077e-01 4.446429975132e+00
16 10 0.000000000000e+00 -2.367081919031e-15 0.000000000000e+00 0.000000000000e+00 2.621925882237e-01 4.940477750147e+00
16 11 0.000000000000e+00 -4.038799290029e-14 0.000000000000e+00 0.000000000000e+00 2.893796517589e-01 5.434525525161e+00
16 12 0.000000000000e+00 -1.297965377741e-12 0.000000000000e+00 0.000000000000e+00 -2.022641116419e-01 5.928573300176e+00
16 13 0.000000000000e+00 -1.597655177163e-11 0.000000000000e+00 0.000000000000e+00 -3.866709487027e-01 6.422621075191e+00
16 14 0.000000000000e+00 -4.469292021424e-10 0.000000000000e+00 0.000000000000e+00 6.226304084839e-02 6.916668850205e+00
16 15 2.222168323714e-07 -3.879549657634e-09 1.987172433792e-03 -8.528205325840e-03 5.049821103328e-01 7.410716625220e+00
16 16 7.861736761717e-05 -1.260555848376e-07 -1.704273873355e-01 -4.266394923995e-02 4.173919940958e-01 7.904764400235e+00
17 1 3.534093383169e-115 -5.698527607229e-49 4.059264841008e-58 -6.141818300811e-58 3.190500981603e-01 4.940477750147e-01
17 2 2.285759167387e-102 -3.222307494944e-39 3.415470405451e-51 -1.535091477595e-51 3.749952601657e-02 9.880955500293e-01
17 3 4.262942041933e-93 -1.762928704286e-33 1.582175934917e-46 1.838662335451e-46 -3.170058723239e-01 1.482143325044e+00
17 4 1.038136750030e-85 -9.470506737844e-30 -1.445112266142e-42 6.775117691002e-43 -7.680098352619e-02 1.976191100059e+00
17 5 2.082612077537e-78 -1.317633978944e-26 2.973620063326e-39 -8.426504156166e-39 3.122128348058e-01 2.470238875073e+00
17 6 8.255198004869e-72 -2.606524275545e-24 -8.290095703195e-37 2.133271824869e-35 1.199191929260e-01 2.964286650088e+00
17 7 1.038646953285e-64 -4.670681310194e-22 2.202753459242e-32 -8.555669155209e-32 -3.030000654832e-01 3.458334425103e+00
17 8 5.417123063047e-58 -2.311717944344e-20 -1.972183828114e-28 1.194775400049e-28 -1.693562986727e-01 3.952382200117e+00
17 9 0.000000000000e+00 -1.582310123291e-18 0.000000000000e+00 0.000000000000e+00 2.859873842596e-01 4.446429975132e+00
17 10 0.000000000000e+00 -3.805180944308e-17 0.000000000000e+00 0.000000000000e+00 2.285038623035e-01 4.940477750147e+00
17 11 0.000000000000e+00 -1.558214128337e-15 0.000000000000e+00 0.000000000000e+00 -2.541148249985e-01 5.434525525161e+00
17 12 0.000000000000e+00 -2.441965704719e-14 0.000000000000e+00 0.000000000000e+00 -3.021740669150e-01 5.928573300176e+00
17 13 0.000000000000e+00 -7.578993401743e-13 0.000000000000e+00 0.000000000000e+00 1.907430725821e-01 6.422621075191e+00
17 14 0.000000000000e+00 -8.829542145063e-12 0.000000000000e+00 0.000000000000e+00 3.964319472122e-01 6.916668850205e+00
17 15 0.000000000000e+00 -2.459479430515e-10 0.000000000000e+00 0.000000000000e+00 -4.673452349282e-02 7.410716625220e+00
17 16 1.853638686903e-07 -2.036116431537e-09 -2.308391574057e-03 -8.212577490091e-03 -5.067685987209e-01 7.904764400235e+00
17 17 6.079396096170e-05 -6.837658554408e-08 -1.562474517526e-01 5.031501801907e-02 -4.304471107808e-01 8.398812175249e+00
18 1 8.834682873247e-123 -1.577803741626e-52 5.819942982536e-62 -1.008061146595e-61 1.760847284831e-02 4.940477750147e-01
18 2 6.306465969911e-109 -6.939388684016e-42 1.672850438052e-54 -1.034533884745e-54 -3.183107425796e-01 9.880955500293e-01
18 3 7.522443588969e-100 -4.006466173123e-36 8.148324063484e-50 6.118328584642e-50 -5.357333467304e-02 1.482143325044e+00
18 4 8.221005831379e-92 -7.344924848927e-32 -1.034379394844e-45 9.733052486653e-46 3.154148153916e-01 1.976191100059e+00
18 5 6.508180863206e-85 -7.350257478977e-29 -4.969807571424e-43 -4.970482977853e-42 9.185850556401e-02 2.470238875073e+00
18 6 8.618915265490e-78 -4.009351990920e-26 1.137271178208e-38 1.861489988880e-38 -3.096092825321e-01 2.964286650088e+00
18 7 3.213407099752e-71 -4.422799750281e-24 -2.452484509397e-35 -4.258313309104e-35 -1.342859898072e-01 3.458334425103e+00
18 8 4.609062676630e-64 -5.514901577570e-22 -2.926295700209e-33 2.126738380938e-31 2.990735299209e-01 3.952382200117e+00
18 9 0.000000000000e+00 -2.112855061275e-20 0.000000000000e+00 0.000000000000e+00 1.831628746641e-01 4.446429975132e+00
18 10 0.000000000000e+00 -1.233157115595e-18 0.000000000000e+00 0.000000000000e+00 -2.802775799010e-01 4.940477750147e+00
18 11 0.000000000000e+00 -2.608701238478e-17 0.000000000000e+00 0.000000000000e+00 -2.416197208336e-01 5.434525525161e+00
18 12 0.000000000000e+00 -9.948478952780e-16 0.000000000000e+00 0.000000000000e+00 2.459890307944e-01 5.928573300176e+00
18 13 0.000000000000e+00 -1.450117623827e-14 0.000000000000e+00 0.000000000000e+00 3.139957979562e-01 6.422621075191e+00
18 14 0.000000000000e+00 -4.378820785008e-13 0.000000000000e+00 0.000000000000e+00 -1.794181289957e-01 6.916668850205e+00
18 15 0.000000000000e+00 -4.855758607065e-12 0.000000000000e+00 0.000000000000e+00 -4.052716838543e-01 7.410716625220e+00
18 16 0.000000000000e+00 -1.350840991624e-10 0.000000000000e+00 0.000000000000e+00 3.183019342771e-02 7.904764400235e+00
18 17 1.531147001578e-07 -1.069870598288e-09 -5.781723942585e-03 -5.868098579707e-03 5.081417215527e-01 8.398812175249e+00
18 18 4.708872318494e-05 -3.713277222525e-08 -9.945018513763e-02 1.162226828906e-01 4.428912342900e-01 8.892859950264e+00
19 1 6.009134540496e-130 -8.029077763832e-56 1.366112107488e-65 -2.710989975767e-65 -3.189050383212e-01 4.940477750147e-01
19 2 5.261567657297e-116 -6.644357357752e-45 4.427274145853e-58 -3.560368701012e-58 -3.353120588111e-02 9.880955500293e-01
19 3 3.728621469206e-106 -1.689290944345e-38 6.481958808249e-53 3.073891062783e-53 3.172780332411e-01 1.482143325044e+00
19 4 2.009064451254e-98 -2.542709151711e-34 -3.500886965350e-49 6.086218314271e-49 6.834821385113e-02 1.976191100059e+00
19 5 6.086488300565e-91 -7.724235695591e-31 -2.328514620879e-45 -4.232483926996e-45 -3.135772461796e-01 2.470238875073e+00
19 6 2.871918975501e-84 -2.756656890751e-28 1.113527040522e-41 5.879227762479e-42 -1.058562604099e-01 2.964286650088e+00
19 7 3.306088710707e-77 -8.056747060037e-26 -4.682730910762e-38 -1.707753421999e-38 3.067804360868e-01 3.458334425103e+00
19 8 1.321745839108e-70 -5.857704304433e-24 8.848062211946e-35 7.172403368892e-35 1.477269068605e-01 3.952382200117e+00
19 9 2.302065705229e-63 -5.589092297180e-22 -2.303328210523e-32 -5.342653678130e-31 -2.949498108254e-01 4.446429975132e+00
19 10 0.000000000000e+00 -1.755178157564e-20 0.000000000000e+00 0.000000000000e+00 -1.961021778378e-01 4.940477750147e+00
19 11 0.000000000000e+00 -9.045403353046e-19 0.000000000000e+00 0.000000000000e+00 2.744304965797e-01 5.434525525161e+00
19 12 0.000000000000e+00 -1.721710985918e-17 0.000000000000e+00 0.000000000000e+00 2.538759145480e-01 5.928573300176e+00
19 13 0.000000000000e+00 -6.200925795276e-16 0.000000000000e+00 0.000000000000e+00 -2.378461967213e-01 6.422621075191e+00
19 14 0.000000000000e+00 -8.488681737074e-15 0.000000000000e+00 0.000000000000e+00 -3.249465750368e-01 6.916668850205e+00
19 15 0.000000000000e+00 -2.508358600662e-13 0.000000000000e+00 0.000000000000e+00 1.683014802733e-01 7.410716625220e+00
19 16 0.000000000000e+00 -2.659904753142e-12 0.000000000000e+00 0.000000000000e+00 4.132972446099e-01 7.904764400235e+00
19 17 0.000000000000e+00 -7.407819743340e-11 0.000000000000e+00 0.000000000000e+00 -1.751165134636e-02 8.398812175249e+00
19 18 1.254669762088e-07 -5.627866908734e-10 -7.570407267085e-03 -2.243341510443e-03 -5.091641763645e-01 8.892859950264e+00
19 19 3.652561351713e-05 -2.018390892833e-08 -2.278392298256e-02 1.403667247763e-01 -4.547774948122e-01 9.386907725279e+00
20 1 1.247376223720e-137 -1.804620713464e-59 1.755432601345e-69 -4.006053878333e-69 -1.585721060812e-02 4.940477750147e-01
20 2 1.199966269899e-122 -1.190400419710e-47 1.903290215183e-61 -1.933560306813e-61 3.183121291054e-01 9.880955500293e-01
20 3 5.710077806105e-113 -3.155803775260e-41 2.717254465757e-56 7.056265032954e-57 4.811668036810e-02 1.482143325044e+00
20 4 1.397306259052e-104 -1.665820675212e-36 -1.440823538884e-52 5.675475030577e-52 -3.160032037626e-01 1.976191100059e+00
20 5 1.797426105189e-97 -3.604767137992e-33 -2.018041205432e-48 -1.678967322620e-48 -8.205597336642e-02 2.470238875073e+00
20 6 2.920558901347e-90 -3.645122211538e-30 1.269792059043e-44 -8.834386083521e-47 3.115246813057e-01 2.964286650088e+00
20 7 1.111645636346e-83 -6.510387012078e-28 -2.771483200434e-41 8.201259648973e-42 1.189532429321e-01 3.458334425103e+00
20 8 1.293069689272e-76 -1.223049096504e-25 1.116691749853e-37 -1.488931255486e-38 -3.037540553511e-01 3.952382200117e+00
20 9 5.971284749442e-70 -6.511566695408e-24 -2.402552338526e-34 -1.282756591035e-34 -1.603577896682e-01 4.446429975132e+00
20 10 0.000000000000e+00 -5.064682886501e-22 0.000000000000e+00 0.000000000000e+00 2.906581828100e-01 4.940477750147e+00
20 11 0.000000000000e+00 -1.356855241371e-20 0.000000000000e+00 0.000000000000e+00 2.082673253079e-01 5.434525525161e+00
20 12 0.000000000000e+00 -6.332019264700e-19 0.000000000000e+00 0.000000000000e+00 -2.684761077543e-01 5.928573300176e+00
20 13 0.000000000000e+00 -1.102858344556e-17 0.000000000000e+00 0.000000000000e+00 -2.653573427466e-01 6.422621075191e+00
20 14 0.000000000000e+00 -3.791560183151e-16 0.000000000000e+00 0.000000000000e+00 2.297114903985e-01 6.916668850205e+00
20 15 0.000000000000e+00 -4.911850844374e-15 0.000000000000e+00 0.000000000000e+00 3.351133908506e-01 7.410716625220e+00
20 16 0.000000000000e+00 -1.426875601275e-13 0.000000000000e+00 0.000000000000e+00 -1.574008694471e-01 7.904764400235e+00
20 17 0.000000000000e+00 -1.452419248903e-12 0.000000000000e+00 0.000000000000e+00 -4.205998050412e-01 8.398812175249e+00
20 18 0.000000000000e+00 -4.057234008607e-11 0.000000000000e+00 0.000000000000e+00 3.743083792146e-03 8.892859950264e+00
20 19 1.021330522522e-07 -2.963572640435e-10 -7.342975072370e-03 1.620288710491e-03 5.098878439316e-01 9.386907725279e+00
20 20 2.836777727577e-05 -1.097908527382e-08 4.917247512094e-02 1.224100648306e-01 4.661526034266e-01 9.880955500293e+00
21 1 6.966685812539e-145 -7.665409012753e-63 3.661301940542e-73 -9.666299982287e-73 3.187988559059e-01 4.940477750147e-01
21 2 8.502687778194e-130 -9.389110461520e-51 4.472557231984e-65 -5.670608439079e-65 3.033121900166e-02 9.880955500293e-01
21 3 2.409614376982e-119 -1.122442960174e-43 1.818328127786e-59 1.399012131721e-60 -3.174720141774e-01 1.482143325044e+00
21 4 3.062817978868e-111 -4.816960008054e-39 2.066205644543e-57 2.741366694509e-55 -6.161283575127e-02 1.976191100059e+00
21 5 1.532640288763e-103 -3.242894848057e-35 -2.280251410743e-51 -8.226013729872e-52 3.145209207958e-01 2.470238875073e+00
21 6 9.574846376411e-97 -2.128456595220e-32 6.504201896561e-48 -3.249367795598e-48 9.486659828332e-02 2.964286650088e+00
21 7 1.163645232060e-89 -1.031413196891e-29 -1.900970844429e-44 2.265126688769e-44 -3.092821961645e-01 3.458334425103e+00
21 8 4.222613996465e-83 -1.123675102419e-27 4.131484340054e-41 -4.937256630407e-41 -1.312703223712e-01 3.952382200117e+00
21 9 5.417138846299e-76 -1.521812832583e-25 -2.344146647301e-37 1.110999919397e-37 3.005543299317e-01 4.446429975132e+00
21 10 0.000000000000e+00 -6.365207479721e-24 0.000000000000e+00 0.000000000000e+00 1.722704143721e-01 4.940477750147e+00
21 11 0.000000000000e+00 -4.217780000892e-22 0.000000000000e+00 0.000000000000e+00 -2.862242908062e-01 5.434525525161e+00
21 12 0.000000000000e+00 -9.922563518241e-21 0.000000000000e+00 0.000000000000e+00 -2.197351650888e-01 5.928573300176e+00
21 13 0.000000000000e+00 -4.272394757119e-19 0.000000000000e+00 0.000000000000e+00 2.624399680068e-01 6.422621075191e+00
21 14 0.000000000000e+00 -6.897589335886e-18 0.000000000000e+00 0.000000000000e+00 2.761362898411e-01 6.916668850205e+00
21 15 0.000000000000e+00 -2.282494598118e-16 0.000000000000e+00 0.000000000000e+00 -2.216053280524e-01 7.410716625220e+00
21 16 0.000000000000e+00 -2.815330583327e-15 0.000000000000e+00 0.000000000000e+00 -3.445713434390e-01 7.904764400235e+00
21 17 0.000000000000e+00 -8.069953889524e-14 0.000000000000e+00 0.000000000000e+00 1.467206466958e-01 8.398812175249e+00
21 18 0.000000000000e+00 -7.910228655803e-13 0.000000000000e+00 0.000000000000e+00 4.272575662151e-01 8.892859950264e+00
21 19 0.000000000000e+00 -2.219842576214e-11 0.000000000000e+00 0.000000000000e+00 9.508818826349e-03 9.386907725279e+00
21 20 8.268048085012e-08 -1.562146134129e-10 -5.340934359944e-03 4.711114084436e-03 -5.103559563686e-01 9.880955500293e+00
21 21 2.205639381412e-05 -5.975470244253e-09 9.727449320660e-02 7.385793713733e-02 -4.770578337624e-01 1.037500327531e+01
22 1 1.218836544728e-152 -1.426309726787e-66 4.217696982966e-77 -1.300516216117e-76 1.442509058812e-02 4.940477750147e-01
22 2 1.626525069456e-136 -1.420118732801e-53 1.688690917227e-68 -2.669495930162e-68 -3.183126946984e-01 9.880955500293e-01
22 3 3.213713022487e-126 -1.752325327546e-46 6.632776570040e-63 -6.031634785770e-64 -4.368493048922e-02 1.482143325044e+00
22 4 1.868667861939e-117 -2.695831119354e-41 5.256804269591e-59 2.075808842693e-58 3.164260586384e-01 1.976191100059e+00
22 5 4.194198851549e-110 -1.282252206099e-37 -1.267828358715e-54 -2.623104776087e-56 7.420127371795e-02 2.470238875073e+00
22 6 9.202616962374e-103 -2.437483132467e-34 4.500345857756e-51 -5.527642357378e-51 -3.128566424435e-01 2.964286650088e+00
22 7 4.000766024995e-96 -7.172026628284e-32 -2.711905617345e-48 1.712578913532e-47 -1.069082798624e-01 3.458334425103e+00
22 8 4.378947331630e-89 -2.060903918536e-29 1.114765755292e-45 -6.554973441023e-44 3.068708227428e-01 3.952382200117e+00
22 9 1.671557583621e-82 -1.551870471763e-27 -3.972796069012e-41 1.385146769872e-40 1.429018471138e-01 4.446429975132e+00
22 10 2.493261715424e-75 -1.635802760779e-25 5.123478409924e-37 -3.462243406607e-37 -2.972026168785e-01 4.940477750147e+00
22 11 0.000000000000e+00 -5.645741499655e-24 0.000000000000e+00 0.000000000000e+00 -1.835391904165e-01 5.434525525161e+00
22 12 0.000000000000e+00 -3.290293492148e-22 0.000000000000e+00 0.000000000000e+00 2.816706205598e-01 5.928573300176e+00
22 13 0.000000000000e+00 -6.945365367114e-21 0.000000000000e+00 0.000000000000e+00 2.305702609982e-01 6.422621075191e+00
22 14 0.000000000000e+00 -2.798874709427e-19 0.000000000000e+00 0.000000000000e+00 -2.563438711478e-01 6.916668850205e+00
22 15 0.000000000000e+00 -4.230974186259e-18 0.000000000000e+00 0.000000000000e+00 -2.862750495286e-01 7.410716625220e+00
22 16 0.000000000000e+00 -1.356535980809e-16 0.000000000000e+00 0.000000000000e+00 2.135442397242e-01 7.904764400235e+00
22 17 0.000000000000e+00 -1.601033220776e-15 0.000000000000e+00 0.000000000000e+00 3.533857852224e-01 8.398812175249e+00
22 18 0.000000000000e+00 -4.542099486332e-14 0.000000000000e+00 0.000000000000e+00 -1.362625794244e-01 8.892859950264e+00
22 19 0.000000000000e+00 -4.298901506271e-13 0.000000000000e+00 0.000000000000e+00 -4.333380376623e-01 9.386907725279e+00
22 20 0.000000000000e+00 -1.213511843264e-11 0.000000000000e+00 0.000000000000e+00 -2.227498403618e-02 9.880955500293e+00
22 21 6.662201534182e-08 -8.242097506708e-11 -2.251605878799e-03 6.323646117376e-03 5.106047670697e-01 1.037500327531e+01
22 22 1.716597950843e-05 -3.253632997510e-09 1.121592300606e-01 1.273320311798e-02 4.875298214212e-01 1.086905105032e+01
23 1 5.686540848388e-160 -5.132730951941e-70 7.804804780852e-81 -2.848129741222e-80 -3.187187861141e-01 4.940477750147e-01
23 2 9.888638275901e-144 -9.381910359620e-57 3.494974807482e-72 -6.960373911649e-72 -2.769426104264e-02 9.880955500293e-01
23 3 1.164287242328e-132 -5.322241199157e-49 3.885033695690e-66 -9.882717399873e-67 3.176154031127e-01 1.482143325044e+00
23 4 3.661133225363e-124 -6.601041847373e-44 4.335045890533e-62 8.428758601561e-62 5.611124319936e-02 1.976191100059e+00
23 5 3.231116597998e-116 -9.965637712320e-40 -1.068190110474e-57 3.127237606798e-58 -3.152028010465e-01 2.470238875073e+00
23 6 2.885916411364e-109 -1.221227622392e-36 1.128068818231e-54 -3.828929046211e-54 -8.601848324964e-02 2.964286650088e+00
23 7 4.096057878439e-102 -9.940680168957e-34 5.944375762132e-51 1.650673848841e-50 3.110303970973e-01 3.458334425103e+00
23 8 1.516733899028e-95 -1.648354568477e-31 -2.214565829765e-47 -3.159540513456e-47 1.182801283100e-01 3.952382200117e+00
23 9 1.670519634803e-88 -3.213491975842e-29 6.883505787881e-44 1.265443308640e-43 -3.043087946379e-01 4.446429975132e+00
23 10 7.125268259804e-82 -1.818350173069e-27 5.506262214046e-42 -3.305211346618e-40 -1.539231879630e-01 4.940477750147e+00
23 11 0.000000000000e+00 -1.573772804848e-25 0.000000000000e+00 0.000000000000e+00 2.937178980913e-01 5.434525525161e+00
23 12 0.000000000000e+00 -4.644231418845e-24 0.000000000000e+00 0.000000000000e+00 1.942256500452e-01 5.928573300176e+00
23 13 0.000000000000e+00 -2.437626672424e-22 0.000000000000e+00 0.000000000000e+00 -2.770168975857e-01 6.422621075191e+00
23 14 0.000000000000e+00 -4.693569837918e-21 0.000000000000e+00 0.000000000000e+00 -2.408276713781e-01 6.916668850205e+00
23 15 0.000000000000e+00 -1.790030532507e-19 0.000000000000e+00 0.000000000000e+00 2.502064111773e-01 7.410716625220e+00
23 16 0.000000000000e+00 -2.554136426592e-18 0.000000000000e+00 0.000000000000e+00 2.958278512184e-01 7.904764400235e+00
23 17 0.000000000000e+00 -7.976563698734e-17 0.000000000000e+00 0.000000000000e+00 -2.055415682242e-01 8.398812175249e+00
23 18 0.000000000000e+00 -9.045141545237e-16 0.000000000000e+00 0.000000000000e+00 -3.616139815768e-01 8.892859950264e+00
23 19 0.000000000000e+00 -2.546074761403e-14 0.000000000000e+00 0.000000000000e+00 1.260264727249e-01 9.386907725279e+00
23 20 0.000000000000e+00 -2.332152545174e-13 0.000000000000e+00 0.000000000000e+00 4.388998376339e-01 9.880955500293e+00
23 21 0.000000000000e+00 -6.629129657073e-12 0.000000000000e+00 0.000000000000e+00 3.458409974129e-02 1.037500327531e+01
23 22 5.347087527860e-08 -4.352517085896e-11 1.028670195527e-03 6.215446528505e-03 -5.106648516032e-01 1.086905105032e+01
23 23 1.337145704362e-05 -1.772195823371e-09 9.507494602805e-02 -4.253018842336e-02 -4.976012213503e-01 1.136309882534e+01
24 1 8.493376013430e-168 -8.036937527291e-74 7.994350363079e-85 -3.519448107259e-84 -1.323169167222e-02 4.940477750147e-01
24 2 1.607305605136e-150 -1.213271925127e-59 1.139691053158e-75 -2.925933768668e-75 3.183128611931e-01 9.880955500293e-01
24 3 1.359302043556e-139 -7.042288041502e-52 1.261824243951e-69 -5.329044027675e-70 4.001085903699e-02 1.482143325044e+00
24 4 1.963939360970e-130 -3.188267739790e-46 4.417002379166e-65 5.355471691381e-65 -3.167408010518e-01 1.976191100059e+00
24 5 8.111556091818e-123 -3.376735698497e-42 -4.686124162717e-61 3.023301514834e-61 -6.775510360599e-02 2.470238875073e+00
24 6 2.578705350309e-115 -1.220353169504e-38 -3.229162047967e-58 -3.759366957459e-57 3.138232853921e-01 2.964286650088e+00
24 7 1.388958255384e-108 -5.997885473176e-36 7.438821534883e-54 7.002892850535e-54 9.716944578774e-02 3.458334425103e+00
24 8 1.589337350826e-101 -2.668483312072e-33 -3.673523908291e-50 -1.450805033234e-50 -3.090587882159e-01 3.952382200117e+00
24 9 5.660820746751e-95 -2.882209401577e-31 7.863883228327e-47 2.912023156151e-47 -1.290604880148e-01 4.446429975132e+00
24 10 6.724032811264e-88 -4.171501079721e-29 -2.436867115697e-43 -2.091360774317e-43 3.016122335454e-01 4.940477750147e+00
24 11 0.000000000000e+00 -1.880602299883e-27 0.000000000000e+00 0.000000000000e+00 1.643957866452e-01 5.434525525161e+00
24 12 0.000000000000e+00 -1.389197830208e-25 0.000000000000e+00 0.000000000000e+00 -2.901171016428e-01 5.928573300176e+00
24 13 0.000000000000e+00 -3.599420185910e-24 0.000000000000e+00 0.000000000000e+00 -2.043815427981e-01 6.422621075191e+00
24 14 0.000000000000e+00 -1.732523612424e-22 0.000000000000e+00 0.000000000000e+00 2.722804332349e-01 6.916668850205e+00
24 15 0.000000000000e+00 -3.082307531604e-21 0.000000000000e+00 0.000000000000e+00 2.505549409394e-01 7.410716625220e+00
24 16 0.000000000000e+00 -1.122350295676e-19 0.000000000000e+00 0.000000000000e+00 -2.440434579933e-01 7.904764400235e+00
24 17 0.000000000000e+00 -1.521443811150e-18 0.000000000000e+00 0.000000000000e+00 -3.048423088218e-01 8.398812175249e+00
24 18 0.000000000000e+00 -4.648366122181e-17 0.000000000000e+00 0.000000000000e+00 1.976080351076e-01 8.892859950264e+00
24 19 0.000000000000e+00 -5.081822005591e-16 0.000000000000e+00 0.000000000000e+00 3.693064138189e-01 9.386907725279e+00
24 20 0.000000000000e+00 -1.422260315663e-14 0.000000000000e+00 0.000000000000e+00 -1.160106469860e-01 9.880955500293e+00
24 21 0.000000000000e+00 -1.263327226637e-13 0.000000000000e+00 0.000000000000e+00 -4.439941301428e-01 1.037500327531e+01
24 22 0.000000000000e+00 -3.619163279582e-12 0.000000000000e+00 0.000000000000e+00 -4.646276500042e-02 1.086905105032e+01
24 23 4.277135285959e-08 -2.300422870473e-11 3.658929297915e-03 4.616491377229e-03 5.105621314638e-01 1.136309882534e+01
24 24 1.042371947538e-05 -9.655307243137e-10 5.566650767150e-02 -7.816130854706e-02 5.073012529851e-01 1.185714660035e+01
25 1 3.358589190235e-175 -2.481580344401e-77 1.293175253889e-88 -7.059440023217e-88 3.186569093328e-01 4.940477750147e-01
25 2 8.463838842870e-158 -6.809081728362e-63 2.003268663550e-79 -6.921572430232e-79 2.548267301511e-02 9.880955500293e-01
25 3 4.263408096617e-146 -1.846327962752e-54 6.568659024964e-73 -3.962164824840e-73 -3.177245287807e-01 1.482143325044e+00
25 4 3.439561270001e-137 -6.690096564318e-49 2.263813716744e-68 1.820745837991e-68 -5.152795567119e-02 1.976191100059e+00
25 5 5.626186548732e-129 -2.286755833437e-44 -3.081638520405e-64 3.474850302545e-64 3.157126874124e-01 2.470238875073e+00
25 6 7.610394832922e-122 -5.295989755989e-41 -8.666975948650e-61 -1.857567934409e-60 7.872778420398e-02 2.964286650088e+00
25 7 1.358985207570e-114 -7.318572558462e-38 9.609504695308e-57 3.127554571044e-57 -3.123039802322e-01 3.458334425103e+00
25 8 5.591378313852e-108 -1.870558093864e-35 -2.309384936194e-53 3.934119743144e-54 -1.077366062112e-01 3.952382200117e+00
25 9 5.895975997885e-101 -5.309100093591e-33 8.146519568549e-50 -2.622199738282e-50 3.069560947225e-01 4.446429975132e+00
25 10 2.180867469495e-94 -4.115901694345e-31 -1.819540951589e-46 1.840997096940e-47 1.393125245506e-01 4.940477750147e+00
25 11 2.920960614039e-87 -4.710303266261e-29 6.507850150843e-43 3.442611555981e-43 -2.987955573140e-01 5.434525525161e+00
25 12 0.000000000000e+00 -1.765101429617e-27 0.000000000000e+00 0.000000000000e+00 -1.743706245738e-01 5.928573300176e+00
25 13 0.000000000000e+00 -1.145424985012e-25 0.000000000000e+00 0.000000000000e+00 2.864153510270e-01 6.422621075191e+00
25 14 0.000000000000e+00 -2.659076298047e-24 0.000000000000e+00 0.000000000000e+00 2.140510243242e-01 6.916668850205e+00
25 15 0.000000000000e+00 -1.190382170590e-22 0.000000000000e+00 0.000000000000e+00 -2.674764269859e-01 7.410716625220e+00
25 16 0.000000000000e+00 -1.976892636634e-21 0.000000000000e+00 0.000000000000e+00 -2.597935640401e-01 7.904764400235e+00
25 17 0.000000000000e+00 -6.921676390742e-20 0.000000000000e+00 0.000000000000e+00 2.378685596171e-01 8.398812175249e+00
25 18 0.000000000000e+00 -8.962029342754e-19 0.000000000000e+00 0.000000000000e+00 3.133605336212e-01 8.892859950264e+00
25 19 0.000000000000e+00 -2.688280592698e-17 0.000000000000e+00 0.000000000000e+00 -1.897522004306e-01 9.386907725279e+00
25 20 0.000000000000e+00 -2.841659505814e-16 0.000000000000e+00 0.000000000000e+00 -3.765078186008e-01 9.880955500293e+00
25 21 0.000000000000e+00 -7.921288649722e-15 0.000000000000e+00 0.000000000000e+00 1.062123071428e-01 1.037500327531e+01
25 22 0.000000000000e+00 -6.834999834427e-14 0.000000000000e+00 0.000000000000e+00 4.486657844597e-01 1.086905105032e+01
25 23 0.000000000000e+00 -1.974867606061e-12 0.000000000000e+00 0.000000000000e+00 5.793564138171e-02 1.136309882534e+01
25 24 3.411363472095e-08 -1.216797759103e-11 5.068152518068e-03 2.109176418427e-03 -5.103186871579e-01 1.185714660035e+01
25 25 8.131369867297e-06 -5.261421086441e-10 7.907990532863e-03 -8.792885400567e-02 -5.166561556892e-01 1.235119437537e+01
26 1 4.330591875571e-183 -3.315445084001e-81 1.142860709882e-92 -8.068995767731e-92 1.222163716512e-02 4.940477750147e-01
26 2 1.182283165562e-164 -7.612164058233e-66 5.244048229294e-83 -2.641532137755e-82 -3.183128321038e-01 9.880955500293e-01
26 3 4.382243142339e-153 -2.095911539629e-57 1.913248609228e-76 -1.545349776205e-76 -3.691352570184e-02 1.482143325044e+00
26 4 1.628611800657e-143 -2.814446053230e-51 1.769839383893e-71 9.294854348469e-72 3.169817594768e-01 1.976191100059e+00
26 5 1.289540836974e-135 -6.707423845936e-47 -1.001184699002e-67 1.985394987871e-67 6.236309558128e-02 2.470238875073e+00
26 6 6.266504309769e-128 -4.651340000091e-43 -1.292186183723e-63 -1.337913285006e-63 -3.145487495620e-01 2.964286650088e+00
26 7 4.445893131883e-121 -3.861898607889e-40 5.750995324087e-60 -5.794609001757e-61 -8.911637864873e-02 3.458334425103e+00
26 8 5.749116801670e-114 -2.686869859436e-37 -1.848113406548e-56 1.492424731037e-56 3.106584191336e-01 3.952382200117e+00
26 9 2.087206594483e-107 -4.210835785938e-35 3.031549037799e-53 -4.091168891499e-53 1.177859382868e-01 4.446429975132e+00
26 10 2.208651538473e-100 -8.457213187388e-33 -1.212185881728e-49 1.384860126416e-49 -3.047348989918e-01 4.940477750147e+00
26 11 8.917957683043e-94 -5.037205308565e-31 3.717361299676e-46 -1.652302184625e-46 -1.490880704778e-01 5.434525525161e+00
26 12 0.000000000000e+00 -4.771264974816e-29 0.000000000000e+00 0.000000000000e+00 2.958717446139e-01 5.928573300176e+00
26 13 0.000000000000e+00 -1.533944052439e-27 0.000000000000e+00 0.000000000000e+00 1.838906636720e-01 6.422621075191e+00
26 14 0.000000000000e+00 -8.939220532079e-26 0.000000000000e+00 0.000000000000e+00 -2.826261715856e-01 6.916668850205e+00
26 15 0.000000000000e+00 -1.888967691443e-24 0.000000000000e+00 0.000000000000e+00 -2.232722411130e-01 7.410716625220e+00
26 16 0.000000000000e+00 -7.953116936915e-23 0.000000000000e+00 0.000000000000e+00 2.626182305954e-01 7.904764400235e+00
26 17 0.000000000000e+00 -1.243134494442e-21 0.000000000000e+00 0.000000000000e+00 2.685800835520e-01 8.398812175249e+00
26 18 0.000000000000e+00 -4.209538228637e-20 0.000000000000e+00 0.000000000000e+00 -2.316932819220e-01 8.892859950264e+00
26 19 0.000000000000e+00 -5.229086256560e-19 0.000000000000e+00 0.000000000000e+00 -3.214200050716e-01 9.386907725279e+00
26 20 0.000000000000e+00 -1.544600772384e-17 0.000000000000e+00 0.000000000000e+00 1.819808375473e-01 9.880955500293e+00
26 21 0.000000000000e+00 -1.582583205171e-16 0.000000000000e+00 0.000000000000e+00 3.832580280995e-01 1.037500327531e+01
26 22 0.000000000000e+00 -4.400463463296e-15 0.000000000000e+00 0.000000000000e+00 -9.662782919063e-02 1.086905105032e+01
26 23 0.000000000000e+00 -3.694114115227e-14 0.000000000000e+00 0.000000000000e+00 -4.529543196225e-01 1.136309882534e+01
26 24 0.000000000000e+00 -1.077153280001e-12 0.000000000000e+00 0.000000000000e+00 -6.902560012942e-02 1.185714660035e+01
26 25 2.714041570452e-08 -6.440996006083e-12 5.068542007243e-03 -5.694819568606e-04 5.099534093902e-01 1.235119437537e+01
26 26 6.347017142278e-06 -2.867473046712e-10 -3.437351133455e-02 -7.347507426907e-02 5.256895717798e-01 1.284524215038e+01
27 1 1.469526960804e-190 -8.880795412960e-85 1.526333359812e-96 -1.493452044250e-95 -3.186080985831e-01 4.940477750147e-01
27 2 5.439102625847e-172 -3.673270207097e-69 6.556361846662e-87 -5.739007541366e-86 -2.360055495601e-02 9.880955500293e-01
27 3 1.199492657794e-159 -4.788813723550e-60 8.871767291573e-80 -9.319478486395e-80 3.178095840176e-01 1.482143325044e+00
27 4 2.554690261027e-150 -5.114092107110e-54 7.566848428598e-75 2.330148123642e-75 4.764777624364e-02 1.976191100059e+00
27 5 8.049966998470e-142 -3.989180505253e-49 -3.858544817355e-71 1.713917712239e-70 -3.161046139155e-01 2.470238875073e+00
27 6 1.724210082608e-134 -1.763501559617e-45 -8.616019422522e-67 -4.578034510176e-67 -7.260818816213e-02 2.964286650088e+00
27 7 4.100004951870e-127 -4.173860199957e-42 4.891356375294e-63 -2.623946627744e-63 3.132628186339e-01 3.458334425103e+00
27 8 1.998758283698e-120 -1.661561751991e-39 -5.592358809621e-60 1.284161231833e-59 9.899026804665e-02 3.952382200117e+00
27 9 2.187729638988e-113 -6.930333034370e-37 2.889711462745e-57 -5.205110736057e-56 -3.088981468258e-01 4.446429975132e+00
27 10 7.687493317408e-107 -7.438617064758e-35 -2.023034501691e-54 1.085615072885e-52 -1.273711389638e-01 4.940477750147e+00
27 11 8.635475006982e-100 -1.136888526182e-32 1.238097246811e-49 -3.806809062569e-49 3.024064624009e-01 5.434525525161e+00
27 12 3.934075108258e-93 -5.465545274967e-31 -7.657580662514e-46 5.314327510097e-46 1.584303314265e-01 5.928573300176e+00
27 13 0.000000000000e+00 -4.433443250461e-29 0.000000000000e+00 0.000000000000e+00 -2.928525227724e-01 6.422621075191e+00
27 14 0.000000000000e+00 -1.252783294738e-27 0.000000000000e+00 0.000000000000e+00 -1.929926014955e-01 6.916668850205e+00
27 15 0.000000000000e+00 -6.669784070008e-26 0.000000000000e+00 0.000000000000e+00 2.787616678823e-01 7.410716625220e+00
27 16 0.000000000000e+00 -1.299122242437e-24 0.000000000000e+00 0.000000000000e+00 2.320785024331e-01 7.904764400235e+00
27 17 0.000000000000e+00 -5.190670488873e-23 0.000000000000e+00 0.000000000000e+00 -2.577175786164e-01 8.398812175249e+00
27 18 0.000000000000e+00 -7.688158914738e-22 0.000000000000e+00 0.000000000000e+00 -2.769469324560e-01 8.892859950264e+00
27 19 0.000000000000e+00 -2.532456833977e-20 0.000000000000e+00 0.000000000000e+00 2.255274956159e-01 9.386907725279e+00
27 20 0.000000000000e+00 -3.026283778883e-19 0.000000000000e+00 0.000000000000e+00 3.290542633549e-01 9.880955500293e+00
27 21 0.000000000000e+00 -8.825028499724e-18 0.000000000000e+00 0.000000000000e+00 -1.742992397767e-01 1.037500327531e+01
27 22 0.000000000000e+00 -8.783038300698e-17 0.000000000000e+00 0.000000000000e+00 -3.895926570896e-01 1.086905105032e+01
27 23 0.000000000000e+00 -2.439122361627e-15 0.000000000000e+00 0.000000000000e+00 8.725298313588e-02 1.136309882534e+01
27 24 0.000000000000e+00 -1.994810641971e-14 0.000000000000e+00 0.000000000000e+00 4.568946804092e-01 1.185714660035e+01
27 25 0.000000000000e+00 -5.872898621376e-13 0.000000000000e+00 0.000000000000e+00 7.975386235055e-02 1.235119437537e+01
27 26 2.154557127953e-08 -3.411875764037e-12 3.851704483693e-03 -2.738841122103e-03 -5.094825245913e-01 1.284524215038e+01
27 27 4.956925545026e-06 -1.562917517519e-10 -6.111777832760e-02 -4.250299353957e-02 -5.344228705813e-01 1.333928992540e+01
28 1 1.651816542016e-198 -1.024428558177e-88 1.025114206808e-100 -1.588316813690e-99 -1.135551532678e-02 4.940477750147e-01
28 2 6.595143488381e-179 -3.584375016163e-72 7.008961792167e-91 -2.010190299218e-89 3.183127095623e-01 9.880955500293e-01
28 3 1.091803620637e-166 -4.713249452247e-63 2.304725417940e-83 -3.123771375567e-83 3.426581332267e-02 1.482143325044e+00
28 4 1.072668456006e-156 -1.889454781529e-56 5.092175033741e-78 6.251449887683e-79 -3.171705411493e-01 1.976191100059e+00
28 5 1.681695152037e-148 -1.022055126640e-51 1.027101939206e-75 8.029102301456e-74 -5.778206826685e-02 2.470238875073e+00
28 6 1.302557705575e-140 -1.370499795438e-47 -8.328094832456e-70 -1.599207428542e-70 3.151081475698e-01 2.964286650088e+00
28 7 1.276422821038e-133 -1.940333199819e-44 2.011371915493e-66 -2.355072423693e-66 8.233629334987e-02 3.458334425103e+00
28 8 1.979739320804e-126 -2.128739197156e-41 6.003180335086e-64 1.392674976739e-62 -3.118661991060e-01 3.952382200117e+00
28 9 7.832857587507e-120 -4.887324666640e-39 -1.474790249705e-59 -2.748676346702e-59 -1.084056189448e-01 4.446429975132e+00
28 10 8.026399383800e-113 -1.374182402254e-36 6.598700544035e-56 8.919171356863e-56 3.070332803245e-01 4.940477750147e+00
28 11 2.902834155076e-106 -1.091707206180e-34 -1.044036725048e-52 -2.072852912483e-52 1.365365885981e-01 5.434525525161e+00
28 12 3.595351796340e-99 -1.338462735290e-32 -3.254278686623e-50 8.904735043367e-49 -2.999809629961e-01 5.928573300176e+00
28 13 0.000000000000e+00 -5.388723656831e-31 0.000000000000e+00 0.000000000000e+00 -1.673758287907e-01 6.422621075191e+00
28 14 0.000000000000e+00 -3.842118686686e-29 0.000000000000e+00 0.000000000000e+00 2.897485120428e-01 6.916668850205e+00
28 15 0.000000000000e+00 -9.724365641057e-28 0.000000000000e+00 0.000000000000e+00 2.017081585724e-01 7.410716625220e+00
28 16 0.000000000000e+00 -4.794618396458e-26 0.000000000000e+00 0.000000000000e+00 -2.748326790365e-01 7.904764400235e+00
28 17 0.000000000000e+00 -8.695692978539e-25 0.000000000000e+00 0.000000000000e+00 -2.404991638415e-01 8.398812175249e+00
28 18 0.000000000000e+00 -3.321419898018e-23 0.000000000000e+00 0.000000000000e+00 2.527847892480e-01 8.892859950264e+00
28 19 0.000000000000e+00 -4.687832453570e-22 0.000000000000e+00 0.000000000000e+00 2.849230898658e-01 9.386907725279e+00
28 20 0.000000000000e+00 -1.505061218439e-20 0.000000000000e+00 0.000000000000e+00 -2.193796189125e-01 9.880955500293e+00
28 21 0.000000000000e+00 -1.739183864791e-19 0.000000000000e+00 0.000000000000e+00 -3.362934681173e-01 1.037500327531e+01
28 22 0.000000000000e+00 -5.017612122287e-18 0.000000000000e+00 0.000000000000e+00 1.667114722516e-01 1.086905105032e+01
28 23 0.000000000000e+00 -4.859679777222e-17 0.000000000000e+00 0.000000000000e+00 3.955436705520e-01 1.136309882534e+01
28 24 0.000000000000e+00 -1.349347945356e-15 0.000000000000e+00 0.000000000000e+00 -7.808310683631e-02 1.185714660035e+01
28 25 0.000000000000e+00 -1.076393529240e-14 0.000000000000e+00 0.000000000000e+00 -4.605178797578e-01 1.235119437537e+01
28 26 0.000000000000e+00 -3.200988731555e-13 0.000000000000e+00 0.000000000000e+00 -9.014013072042e-02 1.284524215038e+01
28 27 1.707153131287e-08 -1.808513743081e-12 1.886423774775e-03 -3.940498788700e-03 5.089200220231e-01 1.333928992540e+01
28 28 3.873175974081e-06 -8.519180947370e-11 -6.800335545808e-02 -5.699832167861e-03 5.428754240817e-01 1.383333770041e+01
29 1 4.861714453287e-206 -2.403389717892e-92 7.765039516544e-105 -2.729467522459e-103 3.185689150409e-01 4.940477750147e-01
29 2 2.671527999885e-186 -1.502855601717e-75 -1.661135190285e-94 -4.044853696721e-93 2.197897167704e-02 9.880955500293e-01
29 3 2.627499197992e-173 -9.464800167022e-66 9.389934313523e-87 -1.656779446309e-86 -3.178772118474e-01 1.482143325044e+00
29 4 1.511505537094e-163 -3.000602445645e-59 1.923730432930e-81 -9.045123730992e-83 -4.431855189288e-02 1.976191100059e+00
29 5 9.461285543398e-155 -5.376778986923e-54 1.410835454180e-77 5.855304027722e-77 3.164127702734e-01 2.470238875073e+00
29 6 3.323994861666e-147 -4.574949996784e-50 -4.264597846811e-73 4.063093079571e-74 6.739319075058e-02 2.964286650088e+00
29 7 1.100429437127e-139 -1.868316192006e-46 9.966945329991e-70 -2.697413379103e-69 -3.140041612504e-01 3.458334425103e+00
29 8 6.681962907134e-133 -1.168570592897e-43 3.689818255621e-66 7.209010328836e-66 -9.160637213087e-02 3.952382200117e+00
29 9 8.076626977225e-126 -7.219428003281e-41 -2.681375624120e-62 -1.686200132851e-62 3.103684691910e-01 4.446429975132e+00
29 10 2.889179795095e-119 -1.082347949830e-38 6.324281803006e-59 2.076655717641e-59 1.174085727372e-01 4.940477750147e+00
29 11 2.965427088366e-112 -2.227600505831e-36 -2.184032760415e-55 -8.560871735683e-56 -3.050728525375e-01 5.434525525161e+00
29 12 1.150994051368e-105 -1.385851372563e-34 3.710741587745e-52 3.413077335107e-52 -1.453194795163e-01 5.928573300176e+00
29 13 1.613163022599e-98 -1.417762696730e-32 -2.493380658230e-49 -2.029496286402e-48 2.974676558773e-01 6.422621075191e+00
29 14 0.000000000000e+00 -4.916964389121e-31 0.000000000000e+00 0.000000000000e+00 1.759558203331e-01 6.916668850205e+00
29 15 0.000000000000e+00 -3.144729886554e-29 0.000000000000e+00 0.000000000000e+00 -2.865693433618e-01 7.410716625220e+00
29 16 0.000000000000e+00 -7.236694491383e-28 0.000000000000e+00 0.000000000000e+00 -2.100650399620e-01 7.904764400235e+00
29 17 0.000000000000e+00 -3.340805512773e-26 0.000000000000e+00 0.000000000000e+00 2.708489159546e-01 8.398812175249e+00
29 18 0.000000000000e+00 -5.688661450280e-25 0.000000000000e+00 0.000000000000e+00 2.485603050286e-01 8.892859950264e+00
29 19 0.000000000000e+00 -2.089809929519e-23 0.000000000000e+00 0.000000000000e+00 -2.478289391367e-01 9.386907725279e+00
29 20 0.000000000000e+00 -2.823880850275e-22 0.000000000000e+00 0.000000000000e+00 -2.925346005594e-01 9.880955500293e+00
29 21 0.000000000000e+00 -8.875278336373e-21 0.000000000000e+00 0.000000000000e+00 2.132568230624e-01 1.037500327531e+01
29 22 0.000000000000e+00 -9.934281823620e-20 0.000000000000e+00 0.000000000000e+00 3.431648549855e-01 1.086905105032e+01
29 23 0.000000000000e+00 -2.840718496133e-18 0.000000000000e+00 0.000000000000e+00 -1.592205794930e-01 1.136309882534e+01
29 24 0.000000000000e+00 -2.681782032549e-17 0.000000000000e+00 0.000000000000e+00 -4.011398568350e-01 1.185714660035e+01
29 25 0.000000000000e+00 -7.451997102660e-16 0.000000000000e+00 0.000000000000e+00 6.911324169795e-02 1.235119437537e+01
29 26 0.000000000000e+00 -5.804533693145e-15 0.000000000000e+00 0.000000000000e+00 4.638515343332e-01 1.284524215038e+01
29 27 0.000000000000e+00 -1.744174562843e-13 0.000000000000e+00 0.000000000000e+00 1.002027120448e-01 1.333928992540e+01
29 28 1.350405588569e-08 -9.592302920464e-13 -2.402256590637e-04 -4.022313063847e-03 -5.082780031564e-01 1.383333770041e+01
29 29 3.027696396646e-06 -4.643785975256e-11 -5.656442170260e-02 2.656146780467e-02 -5.510648425930e-01 1.432738547543e+01
30 1 4.805021724287e-214 -2.418383837407e-96 -1.713895640309e-109 -2.714550366620e-107 1.060449430158e-02 4.940477750147e-01
30 2 2.836937671553e-193 -1.290948466168e-78 -1.501969083564e-97 -1.310631387602e-96 -3.183125461486e-01 9.880955500293e-01
30 3 2.129850660516e-180 -8.151653787438e-69 2.112424352550e-90 -4.993505538610e-90 -3.197567346404e-02 1.482143325044e+00
30 4 5.655369297048e-170 -9.808655100174e-62 1.152337400732e-84 -2.445986762905e-85 3.173213281412e-01 1.976191100059e+00
30 5 1.801719141455e-161 -1.212990202032e-56 1.144602745501e-80 2.365959815377e-80 5.383919193084e-02 2.470238875073e+00
30 6 2.299852019948e-153 -3.165730461600e-52 -3.326392249863e-76 1.277760240347e-76 -3.155492163910e-01 2.964286650088e+00
30 7 3.232446845670e-146 -7.703127666151e-49 2.758103380200e-74 -1.558312679651e-72 -7.654302977638e-02 3.458334425103e+00
30 8 6.301144555856e-139 -1.342103423335e-45 6.067903277467e-69 5.002733491870e-69 3.128022756011e-01 3.952382200117e+00
30 9 2.862216059480e-132 -4.550796274853e-43 -1.880762069962e-65 -1.351702565531e-66 1.004666733507e-01 4.446429975132e+00
30 10 3.028002575102e-125 -1.804717876087e-40 6.578061002606e-62 -1.779653523569e-62 -3.087779731828e-01 4.940477750147e+00
30 11 1.053218888464e-118 -1.927934527599e-38 -1.330019949903e-58 4.306789706237e-59 -1.260375470556e-01 5.434525525161e+00
30 12 1.134360154827e-111 -3.083583780911e-36 4.994943106406e-55 -3.192151137755e-56 3.030250307024e-01 5.928573300176e+00
30 13 4.864082625742e-105 -1.566995786952e-34 -9.852967268819e-52 -5.383975821028e-52 1.537513730562e-01 6.422621075191e+00
30 14 0.000000000000e+00 -1.378585368224e-32 0.000000000000e+00 0.000000000000e+00 -2.948749889760e-01 6.916668850205e+00
30 15 0.000000000000e+00 -4.210233346859e-31 0.000000000000e+00 0.000000000000e+00 -1.841973567986e-01 7.410716625220e+00
30 16 0.000000000000e+00 -2.454698636956e-29 0.000000000000e+00 0.000000000000e+00 2.833237585188e-01 7.904764400235e+00
30 17 0.000000000000e+00 -5.198436677442e-28 0.000000000000e+00 0.000000000000e+00 2.180876655838e-01 8.398812175249e+00
30 18 0.000000000000e+00 -2.267194460977e-26 0.000000000000e+00 0.000000000000e+00 -2.668190830061e-01 8.892859950264e+00
30 19 0.000000000000e+00 -3.649499295815e-25 0.000000000000e+00 0.000000000000e+00 -2.562852582548e-01 9.386907725279e+00
30 20 0.000000000000e+00 -1.295994734602e-23 0.000000000000e+00 0.000000000000e+00 2.428580154244e-01 9.880955500293e+00
30 21 0.000000000000e+00 -1.682807423859e-22 0.000000000000e+00 0.000000000000e+00 2.998049923146e-01 1.037500327531e+01
30 22 0.000000000000e+00 -5.193818142677e-21 0.000000000000e+00 0.000000000000e+00 -2.071652067700e-01 1.086905105032e+01
30 23 0.000000000000e+00 -5.644412533297e-20 0.000000000000e+00 0.000000000000e+00 -3.496931127732e-01 1.136309882534e+01
30 24 0.000000000000e+00 -1.602268869772e-18 0.000000000000e+00 0.000000000000e+00 1.518287570813e-01 1.185714660035e+01
30 25 0.000000000000e+00 -1.476502541122e-17 0.000000000000e+00 0.000000000000e+00 4.064072252596e-01 1.235119437537e+01
30 26 0.000000000000e+00 -4.109293279356e-16 0.000000000000e+00 0.000000000000e+00 -6.033823860786e-02 1.284524215038e+01
30 27 0.000000000000e+00 -3.128466063799e-15 0.000000000000e+00 0.000000000000e+00 -4.669203138519e-01 1.333928992540e+01
30 28 0.000000000000e+00 -9.501332081747e-14 0.000000000000e+00 0.000000000000e+00 -1.099586305527e-01 1.383333770041e+01
30 29 1.066647115053e-08 -5.090747582802e-13 -1.988161798602e-03 -3.131222499509e-03 5.075669691880e-01 1.432738547543e+01
30 30 2.367708915662e-06 -2.531331043413e-11 -3.276805404918e-02 4.684339670848e-02 5.590071771532e-01 1.482143325044e+01
