2 1 1.503089372884e-07 -8.833817393616e-05 -2.029125027187e-04 3.957132743291e-04 2.803325672189e-01 4.576037894552e-01
2 2 1.852735143887e-02 -4.731153437339e-03 -3.064774764716e-01 5.981471196430e-02 9.750812840951e-02 9.152075789104e-01
3 1 5.467454821629e-12 -3.362369962078e-07 9.433059693998e-07 2.510725176476e-06 -3.387187982083e-01 4.576037894552e-01
3 2 7.017490198258e-07 -6.531401244805e-05 7.954758151312e-04 -1.749400422735e-03 -3.457094476382e-01 9.152075789104e-01
3 3 1.596773250020e-02 -2.487046030858e-03 4.256857794370e-01 -8.872031405047e-02 -1.444851960645e-01 1.372811368366e+00
4 1 3.332407214007e-17 -1.086286796604e-09 4.986267313126e-09 4.356815811724e-09 -9.246978763661e-02 4.576037894552e-01
4 2 5.628597383338e-11 -6.898675689180e-07 -1.488948915037e-05 -8.632870290780e-06 3.061873233116e-01 9.152075789104e-01
4 3 1.682514603496e-06 -3.542274374574e-05 -2.979704501597e-03 3.323345160172e-03 3.855071360163e-01 1.372811368366e+00
4 4 1.144292613606e-02 -1.132675862073e-03 -4.904316745134e-01 -1.911361053298e-02 1.823861109886e-01 1.830415157821e+00
5 1 1.291006590154e-21 -3.563786284217e-12 3.738861772775e-11 1.734004941876e-11 3.254904960269e-01 4.576037894552e-01
5 2 7.739374264656e-16 -4.994580890358e-09 -5.962978220984e-08 2.274615951624e-08 1.520338447127e-01 9.152075789104e-01
5 3 2.661473913380e-10 -6.022338741112e-07 5.298891384042e-05 1.853974696719e-05 -2.765158074180e-01 1.372811368366e+00
5 4 2.767679459839e-06 -1.770771145892e-05 7.119240627577e-03 -2.753122667537e-03 -4.131289390558e-01 1.830415157821e+00
5 5 8.019062975222e-03 -5.159538276292e-04 4.699026625656e-01 2.072676152388e-01 -2.150297929014e-01 2.288018947276e+00
6 1 7.605532402327e-27 -6.822727421694e-15 9.784167569522e-14 2.082442332847e-14 5.790867943969e-02 4.576037894552e-01
6 2 6.399939742067e-20 -4.464600690090e-11 -3.443682470617e-10 4.671490769560e-10 -3.147684209856e-01 9.152075789104e-01
6 3 5.512923241251e-15 -6.183257467547e-09 1.546139581544e-07 -2.034085432456e-07 -1.969392279058e-01 1.372811368366e+00
6 4 8.843993070548e-10 -4.038206227263e-07 -1.225855520746e-04 -5.992115019751e-05 2.485099089670e-01 1.830415157821e+00
6 5 3.572012218503e-06 -8.596385964897e-06 -1.066476314260e-02 -1.937998794940e-03 4.334074631540e-01 2.288018947276e+00
6 6 5.649860944409e-03 -2.395024276256e-04 -3.342448306001e-01 -3.948272459454e-01 2.439551595445e-01 2.745622736731e+00
7 1 1.758703900968e-31 -1.596544994865e-17 4.806982547211e-16 1.797338154857e-17 -3.220139476106e-01 4.576037894552e-01
7 2 9.547904517227e-25 -2.221097504003e-13 -4.199137117574e-13 2.201946715581e-12 -1.014806897799e-01 9.152075789104e-01
7 3 6.299140637435e-19 -8.950472714398e-11 -5.525798655971e-10 -2.674639229210e-09 3.028308932580e-01 1.372811368366e+00
7 4 2.601872753902e-14 -5.034754636077e-09 -3.104919692349e-07 6.718057552430e-07 2.329683010787e-01 1.830415157821e+00
7 5 0.000000000000e+00 -2.411780873278e-07 0.000000000000e+00 0.000000000000e+00 -2.219595858269e-01 2.288018947276e+00
7 6 3.942342183114e-06 -4.124505813632e-06 9.847771085705e-03 9.473762964057e-03 -4.487595377205e-01 2.745622736731e+00
7 7 4.019657297711e-03 -1.132058132838e-04 1.017900887559e-01 4.987831133232e-01 -2.700071292284e-01 3.203226526186e+00
8 1 7.598283329228e-37 -1.850948643713e-20 9.938205764468e-19 -1.096900514696e-19 -4.269728470614e-02 4.576037894552e-01
8 2 5.666377880843e-29 -1.527099656044e-15 2.798380488331e-15 1.704056118327e-14 3.165696134284e-01 9.152075789104e-01
8 3 1.404933804423e-23 -6.896352677796e-13 -9.871991607383e-12 -8.301027545127e-12 1.369536507691e-01 1.372811368366e+00
8 4 3.712541623763e-18 -9.795184372608e-11 5.654246845592e-09 6.795833146812e-09 -2.900787575812e-01 1.830415157821e+00
8 5 9.564533254436e-14 -3.393446622778e-09 7.845715881608e-07 -1.590747496657e-06 -2.628379658125e-01 2.288018947276e+00
8 6 0.000000000000e+00 -1.355767924356e-07 0.000000000000e+00 0.000000000000e+00 1.967882536510e-01 2.745622736731e+00
8 7 3.926974564581e-06 -1.969874878728e-06 -3.144545411784e-03 -1.559751355190e-02 4.606011875199e-01 3.203226526186e+00
8 8 2.886492286390e-03 -5.428693220154e-05 1.608779552250e-01 -4.660214920807e-01 2.937307979859e-01 3.660830315642e+00
9 1 1.116032584010e-41 -3.060166978542e-23 3.727370874932e-21 -8.890568562450e-22 3.205782443963e-01 4.576037894552e-01
9 2 6.929093389783e-34 -5.104734992524e-18 2.686987267731e-17 5.408023524142e-17 7.712448351022e-02 9.152075789104e-01
9 3 1.261434175988e-27 -8.071707343182e-15 -1.205252932936e-13 -2.026698064226e-14 -3.099902470955e-01 1.372811368366e+00
9 4 1.047589541430e-22 -9.707521932640e-13 4.695865944815e-11 -4.441465238433e-13 -1.670227313118e-01 1.830415157821e+00
9 5 1.686337593583e-17 -8.106177920448e-11 -1.884322979280e-08 -1.412848604909e-08 2.768319555573e-01 2.288018947276e+00
9 6 0.000000000000e+00 -2.066293219701e-09 0.000000000000e+00 0.000000000000e+00 2.881110142965e-01 2.745622736731e+00
9 7 0.000000000000e+00 -7.357017901647e-08 0.000000000000e+00 0.000000000000e+00 -1.729297626829e-01 3.203226526186e+00
9 8 3.649963607858e-06 -9.395664549511e-07 -7.117295023129e-03 1.602155228177e-02 -4.698417885008e-01 3.660830315642e+00
9 9 2.089202952162e-03 -2.632074154090e-05 -3.664103075081e-01 2.973121834437e-01 -3.155127136861e-01 4.118434105097e+00
10 1 3.525577978557e-47 -2.335657605458e-26 6.410783921049e-24 -2.299590395680e-24 3.396956679924e-02 4.576037894552e-01
10 2 2.911474184608e-38 -2.630675867134e-20 2.565329915493e-19 2.956631030884e-19 -3.172599272766e-01 9.152075789104e-01
10 3 2.487880165672e-32 -4.504056489803e-17 -5.208752245002e-16 1.526036034491e-16 -1.062776969435e-01 1.372811368366e+00
10 4 1.191022793530e-26 -1.577094078246e-14 3.752459736137e-13 -3.315363187639e-13 3.025987145829e-01 1.830415157821e+00
10 5 5.676984723790e-22 -9.447685527209e-13 -1.226673306676e-10 6.021497652750e-11 1.931209840770e-01 2.288018947276e+00
10 6 0.000000000000e+00 -5.756741411903e-11 0.000000000000e+00 0.000000000000e+00 -2.633282862244e-01 2.745622736731e+00
10 7 0.000000000000e+00 -1.184003839460e-09 0.000000000000e+00 0.000000000000e+00 -3.097986427227e-01 3.203226526186e+00
10 8 0.000000000000e+00 -3.904777005434e-08 0.000000000000e+00 0.000000000000e+00 1.503119699505e-01 3.660830315642e+00
10 9 3.232459330921e-06 -4.482480071541e-07 1.602573902046e-02 -9.363019548619e-03 4.771010852417e-01 4.118434105097e+00
10 10 1.522045004853e-03 -1.286767614654e-05 4.448906145639e-01 -4.825790664547e-02 3.356436207813e-01 4.576037894552e+00
11 1 3.537704417813e-52 -2.826168798766e-29 1.950402336346e-26 -9.222321893396e-27 -3.198438766052e-01 4.576037894552e-01
11 2 2.798248097829e-43 -6.188341951233e-23 9.792073567612e-22 7.168141222530e-22 -6.249481368832e-02 9.152075789104e-01
11 3 1.711105909220e-36 -4.134208845459e-19 -3.526203158085e-18 2.797805071247e-18 3.130426072895e-01 1.372811368366e+00
11 4 3.085435989024e-31 -1.195724249989e-16 6.093579349067e-16 -2.474657370880e-15 1.316963902226e-01 1.830415157821e+00
11 5 7.607286826289e-26 -1.924681631984e-14 -3.455107890637e-13 1.543652130159e-12 -2.946132700456e-01 2.288018947276e+00
11 6 2.529258523071e-21 -7.502513415123e-13 2.653959440515e-10 -2.221810990665e-10 -2.161230379695e-01 2.745622736731e+00
11 7 0.000000000000e+00 -3.724750104381e-11 0.000000000000e+00 0.000000000000e+00 2.497393751630e-01 3.203226526186e+00
11 8 0.000000000000e+00 -6.524232017410e-10 0.000000000000e+00 0.000000000000e+00 3.286056718997e-01 3.660830315642e+00
11 9 0.000000000000e+00 -2.042280675259e-08 0.000000000000e+00 0.000000000000e+00 -1.288583502605e-01 4.118434105097e+00
11 10 2.764877470479e-06 -2.140645664969e-07 -1.897766600536e-02 -1.903938146179e-03 -4.828193989091e-01 4.576037894552e+00
11 11 1.114837029274e-03 -6.330144422407e-06 -3.740000607705e-01 -1.939241655504e-01 -3.543508344065e-01 5.033641684007e+00
12 1 8.406138128008e-58 -1.517499979890e-32 2.869345397487e-29 -1.681329662817e-29 -2.826112904046e-02 4.576037894552e-01
12 2 8.602044844339e-48 -2.434309588804e-25 6.105933437249e-24 2.826419957314e-24 3.176022886519e-01 9.152075789104e-01
12 3 2.816471018711e-41 -1.711785469370e-21 -9.692063306493e-21 1.547812636054e-20 8.727137083628e-02 1.372811368366e+00
12 4 2.823331870230e-35 -1.575549023608e-18 -6.690691282632e-18 -2.344318505654e-17 -3.081612038008e-01 1.830415157821e+00
12 5 2.357149046988e-30 -1.788846963472e-16 4.523097398944e-15 7.554767441500e-15 -1.542776717522e-01 2.288018947276e+00
12 6 3.887502052052e-25 -1.807567061620e-14 -8.414820914727e-13 -4.207758689674e-12 2.861964984938e-01 2.745622736731e+00
12 7 9.736527495440e-21 -5.260907025108e-13 -5.687402063689e-10 5.515839890262e-10 2.366157404294e-01 3.203226526186e+00
12 8 0.000000000000e+00 -2.267495098438e-11 0.000000000000e+00 0.000000000000e+00 -2.361874717652e-01 3.660830315642e+00
12 9 0.000000000000e+00 -3.500894677646e-10 0.000000000000e+00 0.000000000000e+00 -3.450486974657e-01 4.118434105097e+00
12 10 0.000000000000e+00 -1.057378714975e-08 0.000000000000e+00 0.000000000000e+00 1.084915964779e-01 4.576037894552e+00
12 11 2.304906593111e-06 -1.023683100935e-07 1.424643870222e-02 1.280551823682e-02 4.873194249847e-01 5.033641684007e+00
12 12 8.202158889081e-04 -3.128791586239e-06 1.876545265259e-01 3.466775607960e-01 3.718169137066e-01 5.491245473462e+00
13 1 6.098550057937e-63 -1.392884504618e-35 7.341879264628e-32 -5.131845861867e-32 3.194171532656e-01 4.576037894552e-01
13 2 6.530552615291e-53 -4.215628876486e-28 1.794512499283e-26 4.654478283411e-27 5.264623005763e-02 9.152075789104e-01
13 3 1.499794962602e-45 -1.241824564493e-23 -3.393370990658e-23 1.288724802422e-22 -3.146501490798e-01 1.372811368366e+00
13 4 6.378347264155e-40 -9.242033747138e-21 -7.783446422454e-20 -8.584317781244e-20 -1.092744773911e-01 1.830415157821e+00
13 5 2.602475710924e-34 -3.030934729208e-18 8.600348555098e-17 3.411213043759e-17 3.027676468750e-01 2.288018947276e+00
13 6 1.377055965991e-29 -1.940664056349e-16 -2.287268213109e-14 -1.136173653712e-14 1.745962040109e-01 2.745622736731e+00
13 7 1.705495027256e-24 -1.444485510509e-14 4.492803205979e-12 9.474563404506e-12 -2.774734940235e-01 3.203226526186e+00
13 8 0.000000000000e+00 -3.399471328431e-13 0.000000000000e+00 0.000000000000e+00 -2.550199763685e-01 3.660830315642e+00
13 9 0.000000000000e+00 -1.323490096679e-11 0.000000000000e+00 0.000000000000e+00 2.227588887960e-01 4.118434105097e+00
13 10 0.000000000000e+00 -1.843681026801e-10 0.000000000000e+00 0.000000000000e+00 3.595201874198e-01 4.576037894552e+00
13 11 0.000000000000e+00 -5.435005836511e-09 0.000000000000e+00 0.000000000000e+00 -8.913635044047e-02 5.033641684007e+00
13 12 1.884432346787e-06 -4.902836211046e-08 -3.824137562434e-03 -1.850415780502e-02 -4.908434395500e-01 5.491245473462e+00
13 13 6.056950345609e-04 -1.552012390938e-06 3.956908333387e-02 -3.648469069382e-01 -3.881913787692e-01 5.948849262918e+00
14 1 1.122692030877e-68 -5.530811957101e-39 9.420991708133e-35 -7.678428254903e-35 2.421992382832e-02 4.576037894552e-01
14 2 1.520606444306e-57 -1.297199039577e-30 8.908894813371e-29 8.114666014880e-30 -3.177986340108e-01 9.152075789104e-01
14 3 2.038129519853e-50 -3.933141077208e-26 7.768936341632e-27 4.912045475959e-25 -7.421551230169e-02 1.372811368366e+00
14 4 4.718083781730e-44 -9.896430508817e-23 -9.070810625360e-22 -4.128223271662e-22 3.111603672502e-01 1.830415157821e+00
14 5 7.232223227946e-39 -2.253449750169e-20 4.780583158884e-19 -9.668176972841e-20 1.291143144004e-01 2.288018947276e+00
14 6 1.744851079722e-33 -3.963400491089e-18 -2.722733906198e-16 9.226507135467e-17 -2.969729405137e-01 2.745622736731e+00
14 7 6.765966611155e-29 -1.725465884366e-16 6.590508325729e-14 4.302743369705e-15 -1.930476817673e-01 3.203226526186e+00
14 8 0.000000000000e+00 -1.037431391223e-14 0.000000000000e+00 0.000000000000e+00 2.685416815334e-01 3.660830315642e+00
14 9 0.000000000000e+00 -2.075727540117e-13 0.000000000000e+00 0.000000000000e+00 2.716524371982e-01 4.118434105097e+00
14 10 0.000000000000e+00 -7.494699740551e-12 0.000000000000e+00 0.000000000000e+00 -2.095139381707e-01 4.576037894552e+00
14 11 0.000000000000e+00 -9.577593167395e-11 0.000000000000e+00 0.000000000000e+00 -3.723264077329e-01 5.033641684007e+00
14 12 0.000000000000e+00 -2.778816124198e-09 0.000000000000e+00 0.000000000000e+00 7.072086420675e-02 5.491245473462e+00
14 13 1.517690729817e-06 -2.351838667600e-08 -7.709801835741e-03 1.667405835590e-02 4.935769225839e-01 5.948849262918e+00
14 14 4.486717888415e-04 -7.719670156557e-07 -2.239140167436e-01 2.560572766086e-01 4.035985461799e-01 6.406453052373e+00
15 1 6.148736191806e-74 -3.970436823996e-42 2.077591494924e-37 -1.942561999669e-37 -3.191470270762e-01 4.576037894552e-01
15 2 9.261711262024e-63 -1.716321705021e-33 2.203907302848e-31 -1.306556853461e-32 -4.553177830880e-02 9.152075789104e-01
15 3 8.566823521107e-55 -2.292401121168e-28 8.304065611813e-28 3.074851136315e-27 3.156088728815e-01 1.372811368366e+00
15 4 9.126848579690e-49 -4.583739971358e-25 -4.375711589798e-24 -2.575999478513e-25 9.362923505021e-02 1.830415157821e+00
15 5 6.652993083295e-43 -3.172492258452e-22 3.538641652387e-21 -3.059654321458e-21 -3.072446926354e-01 2.288018947276e+00
15 6 5.616824581355e-38 -3.497616784015e-20 -8.498615574401e-19 1.392181426050e-18 -1.471993730364e-01 2.745622736731e+00
15 7 9.590142650181e-33 -4.074899708415e-18 5.156254631628e-16 -5.936356831466e-16 2.908633691795e-01 3.203226526186e+00
15 8 0.000000000000e+00 -1.344343942848e-16 0.000000000000e+00 0.000000000000e+00 2.099201465660e-01 3.660830315642e+00
15 9 0.000000000000e+00 -6.916733054147e-15 0.000000000000e+00 0.000000000000e+00 -2.594773700581e-01 4.118434105097e+00
15 10 0.000000000000e+00 -1.216730054413e-13 0.000000000000e+00 0.000000000000e+00 -2.867600011627e-01 4.576037894552e+00
15 11 0.000000000000e+00 -4.149821442540e-12 0.000000000000e+00 0.000000000000e+00 1.964940955461e-01 5.033641684007e+00
15 12 0.000000000000e+00 -4.924805173510e-11 0.000000000000e+00 0.000000000000e+00 3.837113779126e-01 5.491245473462e+00
15 13 0.000000000000e+00 -1.415089030271e-09 0.000000000000e+00 0.000000000000e+00 -5.317786255890e-02 5.948849262918e+00
15 14 1.207987756632e-06 -1.129890364780e-08 1.549676573707e-02 -8.447741926560e-03 -4.956641866437e-01 6.406453052373e+00
15 15 3.332284763362e-04 -3.847756163161e-07 3.053318267590e-01 -7.361683582398e-02 -4.181430280124e-01 6.864056841828e+00
16 1 8.999865272226e-80 -1.211220934305e-45 2.359561903009e-40 -2.504725706736e-40 -2.120198889249e-02 4.576037894552e-01
16 2 1.683357869016e-67 -4.227537757841e-36 9.229412371107e-34 -1.846661276054e-34 3.179223114247e-01 9.152075789104e-01
16 3 9.654050515186e-60 -5.708645423131e-31 5.049623297879e-30 9.424351277822e-30 6.464519640100e-02 1.372811368366e+00
16 4 5.514522314119e-53 -4.032652229501e-27 -3.278560153588e-26 9.272722616701e-27 -3.129779063223e-01 1.830415157821e+00
16 5 1.628371844951e-47 -1.912172891662e-24 8.875463779614e-24 -2.137384121942e-23 -1.113241429115e-01 2.288018947276e+00
16 6 6.039929581784e-42 -6.041863951141e-22 1.216538761003e-21 1.687020947677e-20 3.029837628273e-01 2.745622736731e+00
16 7 3.455856368554e-37 -4.091923137038e-20 -4.680921602947e-19 -4.696878502165e-18 1.638185711443e-01 3.203226526186e+00
16 8 4.586887428254e-32 -3.568762187119e-18 -6.475454786414e-16 1.855554896212e-15 -2.845080970327e-01 3.660830315642e+00
16 9 0.000000000000e+00 -9.551188085389e-17 0.000000000000e+00 0.000000000000e+00 -2.254325029439e-01 4.118434105097e+00
16 10 0.000000000000e+00 -4.369391174950e-15 0.000000000000e+00 0.000000000000e+00 2.503405218124e-01 4.576037894552e+00
16 11 0.000000000000e+00 -6.918523856519e-14 0.000000000000e+00 0.000000000000e+00 3.005403466994e-01 5.033641684007e+00
16 12 0.000000000000e+00 -2.258738803789e-12 0.000000000000e+00 0.000000000000e+00 -1.837271407021e-01 5.491245473462e+00
16 13 0.000000000000e+00 -2.512665731372e-11 0.000000000000e+00 0.000000000000e+00 -3.938727853428e-01 5.948849262918e+00
16 14 0.000000000000e+00 -7.184169156182e-10 0.000000000000e+00 0.000000000000e+00 3.644488282013e-02 6.406453052373e+00
16 15 9.524807084797e-07 -5.436380349820e-09 -1.662541221263e-02 -2.358464495488e-03 4.972190610279e-01 6.864056841828e+00
16 16 2.480405449058e-04 -1.920918102604e-07 -2.680584556980e-01 -1.081198829928e-01 4.319137357474e-01 7.321660631283e+00
17 1 3.847791438100e-85 -6.974553813588e-49 4.564361292928e-43 -5.458228339477e-43 3.189651298592e-01 4.576037894552e-01
17 2 8.366867553630e-73 -4.403541724046e-39 1.987703201315e-36 -6.725871973658e-37 4.013797537921e-02 9.152075789104e-01
17 3 3.267028117917e-64 -2.719536280283e-33 4.017076374772e-32 4.748595067473e-32 -3.162297758693e-01 1.372811368366e+00
17 4 9.106564098965e-58 -1.505171059884e-29 -1.155765782255e-28 7.624016481923e-29 -8.202908099417e-02 1.830415157821e+00
17 5 1.257176336702e-51 -2.253316117815e-26 -5.762822194789e-27 -2.032699530649e-25 3.099911881152e-01 2.288018947276e+00
17 6 1.747238621994e-46 -4.419082186961e-24 5.380401650578e-23 7.335530499232e-23 1.276040778738e-01 2.745622736731e+00
17 7 4.188713057921e-41 -8.292262567801e-22 -3.821058482469e-20 -3.521929858043e-20 -2.984399826545e-01 3.203226526186e+00
17 8 1.815128056584e-36 -3.962041101599e-20 6.944110263195e-18 1.022851937332e-17 -1.791856278064e-01 3.660830315642e+00
17 9 1.970663949987e-31 -2.793035698577e-18 3.923371854432e-16 -4.565947827957e-15 2.779634572512e-01 4.118434105097e+00
17 10 0.000000000000e+00 -6.346043935474e-17 0.000000000000e+00 0.000000000000e+00 2.397568023283e-01 4.576037894552e+00
17 11 0.000000000000e+00 -2.651014824120e-15 0.000000000000e+00 0.000000000000e+00 -2.411783393296e-01 5.033641684007e+00
17 12 0.000000000000e+00 -3.843647408464e-14 0.000000000000e+00 0.000000000000e+00 -3.131550770245e-01 5.491245473462e+00
17 13 0.000000000000e+00 -1.213132072013e-12 0.000000000000e+00 0.000000000000e+00 1.712308568321e-01 5.948849262918e+00
17 14 0.000000000000e+00 -1.274238585697e-11 0.000000000000e+00 0.000000000000e+00 4.029729868006e-01 6.406453052373e+00
17 15 0.000000000000e+00 -3.638565534479e-10 0.000000000000e+00 0.000000000000e+00 -2.046429433553e-02 6.864056841828e+00
17 16 7.453290758330e-07 -2.619371758377e-09 1.124007732065e-02 1.116705366527e-02 -4.983323942093e-01 7.321660631283e+00
17 17 1.849820895564e-04 -9.601516163031e-08 1.417367753242e-01 2.241609604386e-01 -4.449868797563e-01 7.779264420739e+00
18 1 4.577229545230e-91 -1.684179078400e-52 4.639666216779e-46 -6.220644197107e-46 1.885932508354e-02 4.576037894552e-01
18 2 1.217267484715e-77 -8.858907676729e-42 7.219731591000e-39 -3.455163709864e-39 -3.180055146986e-01 9.152075789104e-01
18 3 3.081649864621e-69 -5.451018106781e-36 1.493811962639e-34 1.190637862316e-34 -5.730727818510e-02 1.372811368366e+00
18 4 4.551287783905e-62 -1.102104492564e-31 -6.336662782813e-31 7.460379595490e-31 3.141693122029e-01 1.830415157821e+00
18 5 2.691426690357e-56 -1.117758961580e-28 -3.803898618009e-28 -8.605728327301e-28 9.800764759545e-02 2.288018947276e+00
18 6 1.609160430492e-50 -6.489389097175e-26 7.943293084490e-25 3.622525366128e-25 -3.067102699713e-01 2.745622736731e+00
18 7 1.373453930593e-45 -7.032086809445e-24 -2.964410737431e-22 -2.586031136084e-23 -1.426896214313e-01 3.203226526186e+00
18 8 2.426846569190e-40 -9.131949736495e-22 1.415291181921e-19 2.012029112823e-20 2.936637058683e-01 3.660830315642e+00
18 9 8.477953149678e-36 -3.358381573287e-20 -2.467186785604e-17 -1.717013199137e-17 1.934645414160e-01 4.118434105097e+00
18 10 0.000000000000e+00 -2.013856266056e-18 0.000000000000e+00 0.000000000000e+00 -2.712757472037e-01 4.576037894552e+00
18 11 0.000000000000e+00 -4.009906168068e-17 0.000000000000e+00 0.000000000000e+00 -2.530319040055e-01 5.033641684007e+00
18 12 0.000000000000e+00 -1.559344281460e-15 0.000000000000e+00 0.000000000000e+00 2.320280027849e-01 5.491245473462e+00
18 13 0.000000000000e+00 -2.097000475478e-14 0.000000000000e+00 0.000000000000e+00 3.247384963400e-01 5.948849262918e+00
18 14 0.000000000000e+00 -6.446930039525e-13 0.000000000000e+00 0.000000000000e+00 -1.590157094690e-01 6.406453052373e+00
18 15 0.000000000000e+00 -6.431252389207e-12 0.000000000000e+00 0.000000000000e+00 -4.111468611343e-01 6.864056841828e+00
18 16 0.000000000000e+00 -1.839330172142e-10 0.000000000000e+00 0.000000000000e+00 5.183132161035e-03 7.321660631283e+00
18 17 5.796248778846e-07 -1.263759031839e-09 -2.165614646523e-03 -1.468694106601e-02 4.990774414940e-01 7.779264420739e+00
18 18 1.381804382828e-04 -4.803690222748e-08 1.523233420679e-02 -2.422246350426e-01 4.574282673263e-01 8.236868210194e+00
19 1 1.568847979567e-96 -7.943679541035e-56 7.975793504330e-49 -1.194994147699e-48 -3.188367707116e-01 4.576037894552e-01
19 2 5.016689857884e-83 -7.443877647770e-45 1.377364248061e-41 -8.620120396021e-42 -3.590147860830e-02 9.152075789104e-01
19 3 8.549484783062e-74 -2.156574287741e-38 8.875550924293e-37 4.739422666943e-37 3.166562897478e-01 1.372811368366e+00
19 4 6.438381553442e-67 -3.376265280405e-34 -1.569194167923e-33 3.330355039662e-33 7.305532445863e-02 1.830415157821e+00
19 5 1.758358305957e-60 -1.113376381638e-30 -5.315747841278e-30 -5.438742591814e-30 -3.118080690316e-01 2.288018947276e+00
19 6 4.151930172179e-55 -3.977602433494e-28 4.430884924366e-27 -1.818228994829e-28 -1.128139819415e-01 2.745622736731e+00
19 7 1.445721758563e-49 -1.227255151141e-25 -2.662046699390e-24 1.494664500657e-24 3.031825541639e-01 3.203226526186e+00
19 8 8.784881789627e-45 -8.700670854543e-24 7.033760936491e-22 -4.949697612993e-22 1.567467995428e-01 3.660830315642e+00
19 9 1.235008944588e-39 -8.609596908779e-22 -3.431211174296e-19 1.178370654861e-19 -2.886965727260e-01 4.118434105097e+00
19 10 3.606863009977e-35 -2.582995045824e-20 6.456580297335e-17 2.401730617100e-17 -2.067849960627e-01 4.576037894552e+00
19 11 0.000000000000e+00 -1.365232735717e-18 0.000000000000e+00 0.000000000000e+00 2.644832284795e-01 5.033641684007e+00
19 12 0.000000000000e+00 -2.437757759765e-17 0.000000000000e+00 0.000000000000e+00 2.653722723195e-01 5.491245473462e+00
19 13 0.000000000000e+00 -8.951792557610e-16 0.000000000000e+00 0.000000000000e+00 -2.229187767090e-01 5.948849262918e+00
19 14 0.000000000000e+00 -1.127703917890e-14 0.000000000000e+00 0.000000000000e+00 -3.354037195862e-01 6.406453052373e+00
19 15 0.000000000000e+00 -3.396979751834e-13 0.000000000000e+00 0.000000000000e+00 1.470868007131e-01 6.864056841828e+00
19 16 0.000000000000e+00 -3.233619211276e-12 0.000000000000e+00 0.000000000000e+00 4.185075632557e-01 7.321660631283e+00
19 17 0.000000000000e+00 -9.283805818451e-11 0.000000000000e+00 0.000000000000e+00 9.447169379039e-03 7.779264420739e+00
19 18 4.484547010779e-07 -6.104873325727e-10 -6.589532612835e-03 1.215521929807e-02 -4.995138084645e-01 8.236868210194e+00
19 19 1.033655972444e-04 -2.405011616927e-08 -1.413904126977e-01 1.705998887128e-01 -4.692950951393e-01 8.694471999649e+00
20 1 1.545039248972e-102 -1.555174114966e-59 7.318201171911e-52 -1.223624878158e-51 -1.698658556628e-02 4.576037894552e-01
20 2 5.965946783362e-88 -1.244448809487e-47 4.408243907227e-44 -3.459065019597e-44 3.180642924526e-01 9.152075789104e-01
20 3 6.821724159344e-79 -3.548718869383e-41 2.698681774058e-39 8.916087618524e-40 5.149156485716e-02 1.372811368366e+00
20 4 2.695550994860e-71 -2.083661146707e-36 -4.600551694156e-36 2.337271174826e-35 -3.149956815166e-01 1.830415157821e+00
20 5 3.290886315612e-65 -4.611148879848e-33 -2.942136878843e-32 -1.472560255849e-32 -8.762969086992e-02 2.288018947276e+00
20 6 3.296389998551e-59 -5.003261648884e-30 3.516292556446e-29 -1.802549191884e-29 3.091946933836e-01 2.745622736731e+00
20 7 4.291493240198e-54 -8.859289402348e-28 -8.103187754631e-27 1.452616009098e-26 1.266214131192e-01 3.203226526186e+00
20 8 1.028200605743e-48 -1.745995533091e-25 2.484591092433e-24 -8.966976962269e-24 -2.994462481470e-01 3.660830315642e+00
20 9 4.854092092323e-44 -9.009185097382e-24 -8.629515320994e-22 2.104383412585e-21 -1.699044664048e-01 4.118434105097e+00
20 10 5.684453335509e-39 -7.243671105169e-22 6.687974726209e-19 -5.482857715949e-19 2.835735291538e-01 4.576037894552e+00
20 11 0.000000000000e+00 -1.846356049239e-20 0.000000000000e+00 0.000000000000e+00 2.192521054095e-01 5.033641684007e+00
20 12 0.000000000000e+00 -8.825477542263e-19 0.000000000000e+00 0.000000000000e+00 -2.576176388028e-01 5.491245473462e+00
20 13 0.000000000000e+00 -1.437710117900e-17 0.000000000000e+00 0.000000000000e+00 -2.768738854583e-01 5.948849262918e+00
20 14 0.000000000000e+00 -5.040117200095e-16 0.000000000000e+00 0.000000000000e+00 2.138736423785e-01 6.406453052373e+00
20 15 0.000000000000e+00 -5.994339263719e-15 0.000000000000e+00 0.000000000000e+00 3.452470702208e-01 6.864056841828e+00
20 16 0.000000000000e+00 -1.777486703535e-13 0.000000000000e+00 0.000000000000e+00 -1.354453052102e-01 7.321660631283e+00
20 17 0.000000000000e+00 -1.620882690783e-12 0.000000000000e+00 0.000000000000e+00 -4.251508332317e-01 7.779264420739e+00
20 18 0.000000000000e+00 -4.680063315586e-11 0.000000000000e+00 0.000000000000e+00 -2.347108999876e-02 8.236868210194e+00
20 19 3.454987608108e-07 -2.952571619718e-10 1.164371290536e-02 -5.340930631908e-03 4.996903854261e-01 8.694471999649e+00
20 20 7.741706899064e-05 -1.204732623241e-08 1.957110185394e-01 -4.940101683847e-02 4.806373684350e-01 9.152075789104e+00
21 1 4.337938038072e-108 -6.114436810444e-63 1.128749266980e-54 -2.105559149182e-54 3.187427977333e-01 4.576037894552e-01
21 2 2.068094607295e-93 -8.606294535444e-51 7.520544218419e-47 -7.230605352310e-47 3.248257948054e-02 9.152075789104e-01
21 3 1.576532504184e-83 -1.182616513691e-43 1.349312403758e-41 2.149069790319e-42 -3.169625508657e-01 1.372811368366e+00
21 4 3.286546104462e-76 -5.323847348020e-39 3.040485232953e-39 8.312258859647e-38 -6.589158539465e-02 1.830415157821e+00
21 5 1.835468731080e-69 -3.921888497085e-35 -2.428131542330e-34 -3.761962042877e-35 3.130775410729e-01 2.288018947276e+00
21 6 7.565263526866e-64 -2.599046155133e-32 1.211747708247e-31 -1.454299831616e-31 1.012134121157e-01 2.745622736731e+00
21 7 3.951170343159e-58 -1.339523475899e-29 -1.196648044537e-31 1.596027394909e-28 -3.063665963467e-01 3.203226526186e+00
21 8 3.404788786124e-53 -1.435523372663e-27 -1.894955413807e-26 -5.007918364425e-26 -1.395626790445e-01 3.660830315642e+00
21 9 6.205220174669e-48 -2.029547678043e-25 9.697788375415e-24 2.381716067016e-23 2.955330834628e-01 4.118434105097e+00
21 10 2.401371507176e-43 -8.184934763204e-24 -3.510888876475e-22 -5.609968176800e-21 1.822652650536e-01 4.576037894552e+00
21 11 0.000000000000e+00 -5.592356358543e-22 0.000000000000e+00 0.000000000000e+00 -2.783241744866e-01 5.033641684007e+00
21 12 0.000000000000e+00 -1.247232201290e-20 0.000000000000e+00 0.000000000000e+00 -2.309528220861e-01 5.491245473462e+00
21 13 0.000000000000e+00 -5.495532474249e-19 0.000000000000e+00 0.000000000000e+00 2.507053714985e-01 5.948849262918e+00
21 14 0.000000000000e+00 -8.275931128842e-18 0.000000000000e+00 0.000000000000e+00 2.876183505832e-01 6.406453052373e+00
21 15 0.000000000000e+00 -2.793348866591e-16 0.000000000000e+00 0.000000000000e+00 -2.049105705989e-01 6.864056841828e+00
21 16 0.000000000000e+00 -3.156152550302e-15 0.000000000000e+00 0.000000000000e+00 -3.543513350130e-01 7.321660631283e+00
21 17 0.000000000000e+00 -9.247357063038e-14 0.000000000000e+00 0.000000000000e+00 1.240895324678e-01 7.779264420739e+00
21 18 0.000000000000e+00 -8.104618023637e-13 0.000000000000e+00 0.000000000000e+00 4.311582833776e-01 8.236868210194e+00
21 19 0.000000000000e+00 -2.356845813116e-11 0.000000000000e+00 0.000000000000e+00 3.692935141105e-02 8.694471999649e+00
21 20 2.652249973231e-07 -1.429562745795e-10 -1.154351099387e-02 -2.516084003727e-03 -4.996475627622e-01 9.152075789104e+00
21 21 5.804427483618e-05 -6.037209442095e-09 -1.700015309437e-01 -6.912536050552e-02 -4.914990385555e-01 9.609679578559e+00
22 1 3.592607339920e-114 -9.896967532929e-67 9.406469806348e-58 -1.960102264220e-57 1.545445169180e-02 4.576037894552e-01
22 2 2.046020197731e-98 -1.213491026046e-53 2.138880952725e-49 -2.488581600840e-49 -3.181074150873e-01 9.152075789104e-01
22 3 1.075215636917e-88 -1.624575749678e-46 3.568140155841e-44 1.979400873807e-46 -4.676324282380e-02 1.372811368366e+00
22 4 1.166463118819e-80 -2.801782562364e-41 1.243750445818e-40 4.796734170233e-40 3.155938626761e-01 1.830415157821e+00
22 5 3.011304836116e-74 -1.373932235251e-37 -9.858378921588e-37 1.364630150093e-37 7.929497453054e-02 2.288018947276e+00
22 6 5.211328380337e-68 -2.823354207296e-34 4.931698192972e-34 -1.491694422877e-33 -3.109412781223e-01 2.745622736731e+00
22 7 1.058264764667e-62 -8.303769479546e-32 3.754144408985e-31 7.357468106859e-31 -1.139455632000e-01 3.203226526186e+00
22 8 3.523087273436e-57 -2.520313896152e-29 -4.416199221990e-28 -3.188012222823e-28 3.033538642009e-01 3.660830315642e+00
22 9 2.244964559147e-52 -1.854754340637e-27 1.378809696178e-25 7.009942518413e-26 1.517420700076e-01 4.118434105097e+00
22 10 3.314642810953e-47 -2.032974499179e-25 -5.280138148320e-23 -3.966247524385e-23 -2.914699308773e-01 4.576037894552e+00
22 11 0.000000000000e+00 -6.735424049267e-24 0.000000000000e+00 0.000000000000e+00 -1.939127882948e-01 5.033641684007e+00
22 12 0.000000000000e+00 -4.039512214090e-22 0.000000000000e+00 0.000000000000e+00 2.729737319923e-01 5.491245473462e+00
22 13 0.000000000000e+00 -8.057752986598e-21 0.000000000000e+00 0.000000000000e+00 2.419603020747e-01 5.948849262918e+00
22 14 0.000000000000e+00 -3.320828631639e-19 0.000000000000e+00 0.000000000000e+00 -2.437684129588e-01 6.406453052373e+00
22 15 0.000000000000e+00 0.000000000000e+00 0.000000000000e+00 0.000000000000e+00 -2.976758606840e-01 6.864056841828e+00
22 16 0.000000000000e+00 -1.528201116015e-16 0.000000000000e+00 0.000000000000e+00 1.960435200978e-01 7.321660631283e+00
22 17 0.000000000000e+00 -1.648765816001e-15 0.000000000000e+00 0.000000000000e+00 3.627882300474e-01 7.779264420739e+00
22 18 0.000000000000e+00 -4.787826524628e-14 0.000000000000e+00 0.000000000000e+00 -1.130157174030e-01 8.236868210194e+00
22 19 0.000000000000e+00 -4.044150351970e-13 0.000000000000e+00 0.000000000000e+00 -4.365999455204e-01 8.694471999649e+00
22 20 0.000000000000e+00 -1.185872767820e-11 0.000000000000e+00 0.000000000000e+00 -4.985924090850e-02 9.152075789104e+00
22 21 2.029911517769e-07 -6.928742580238e-11 7.081442438769e-03 8.223992456731e-03 4.994189249423e-01 9.609679578559e+00
22 22 4.355980779811e-05 -3.026267863633e-09 8.697431638822e-02 1.420367676084e-01 5.019189245436e-01 1.006728336801e+01
23 1 8.411004650666e-120 -3.291914973437e-70 1.310476154288e-60 -3.057624504541e-60 -3.186719262648e-01 4.576037894552e-01
23 2 6.041570444137e-104 -7.023828285847e-57 3.274088406483e-52 -4.590869688564e-52 -2.966359689817e-02 9.152075789104e-01
23 3 2.099044261725e-93 -4.617673266284e-49 1.561416567663e-46 -2.180189982006e-47 3.171902161072e-01 1.372811368366e+00
23 4 1.234423702998e-85 -6.054390302956e-44 7.141716732389e-43 1.445192763692e-42 6.003210778797e-02 1.830415157821e+00
23 5 1.446446209310e-78 -1.007473619704e-39 -6.321970037505e-39 2.758653634914e-39 -3.140021213323e-01 2.288018947276e+00
23 6 1.064215344972e-72 -1.256248548347e-36 -2.338367011965e-37 -7.095939022072e-36 -9.184819795354e-02 2.745622736731e+00
23 7 8.568498235208e-67 -1.095098226160e-33 5.880273531189e-33 4.545676382422e-33 3.086172664032e-01 3.203226526186e+00
23 8 1.064683597762e-61 -1.800266226217e-31 -2.984074610790e-30 -2.459501277943e-31 1.259344133412e-01 3.660830315642e+00
23 9 2.555218967618e-56 -3.686648129719e-29 1.620727285985e-27 -3.104790986278e-28 -3.001814814927e-01 4.118434105097e+00
23 10 1.291782230627e-51 -2.027605072591e-27 -4.075652899130e-25 6.205796435869e-26 -1.632433754313e-01 4.576037894552e+00
23 11 1.609246408800e-46 -1.819097163973e-25 1.565641491822e-22 3.327089780829e-23 2.872798372451e-01 5.033641684007e+00
23 12 0.000000000000e+00 -5.133264227574e-24 0.000000000000e+00 0.000000000000e+00 2.049164077005e-01 5.491245473462e+00
23 13 0.000000000000e+00 -2.768394175456e-22 0.000000000000e+00 0.000000000000e+00 -2.675437863809e-01 5.948849262918e+00
23 14 0.000000000000e+00 -5.022741149693e-21 0.000000000000e+00 0.000000000000e+00 -2.523369688491e-01 6.406453052373e+00
23 15 0.000000000000e+00 -1.958270690230e-19 0.000000000000e+00 0.000000000000e+00 2.368250967166e-01 6.864056841828e+00
23 16 0.000000000000e+00 -2.593955705020e-18 0.000000000000e+00 0.000000000000e+00 3.071073774849e-01 7.321660631283e+00
23 17 0.000000000000e+00 -8.270897755068e-17 0.000000000000e+00 0.000000000000e+00 -1.872832252954e-01 7.779264420739e+00
23 18 0.000000000000e+00 -8.556696142903e-16 0.000000000000e+00 0.000000000000e+00 -3.706203064819e-01 8.236868210194e+00
23 19 0.000000000000e+00 -2.468857942780e-14 0.000000000000e+00 0.000000000000e+00 1.022186115543e-01 8.694471999649e+00
23 20 0.000000000000e+00 -2.014610831185e-13 0.000000000000e+00 0.000000000000e+00 4.415362720720e-01 9.152075789104e+00
23 21 0.000000000000e+00 -5.962531916937e-12 0.000000000000e+00 0.000000000000e+00 6.229491990364e-02 9.609679578559e+00
23 22 1.549602268805e-07 -3.361440651941e-11 -6.454249745008e-04 -9.912740151888e-03 -4.990325607672e-01 1.006728336801e+01
23 23 3.271645036074e-05 -1.517285719437e-09 1.314466647551e-02 -1.503268337242e-01 -5.119314667336e-01 1.052488715747e+01
24 1 5.936785457816e-126 -4.477713100625e-74 9.956467681341e-64 -2.611466264361e-63 -1.417728512586e-02 4.576037894552e-01
24 2 5.047072694167e-109 -8.460369200975e-60 8.286766573955e-55 -1.403382337968e-54 3.181400214541e-01 9.152075789104e-01
24 3 1.235603914489e-98 -5.371585011434e-52 3.680381197104e-49 -1.042125536388e-49 4.284021348307e-02 1.372811368366e+00
24 4 3.754734398961e-90 -2.745813731378e-46 5.403724225808e-45 7.059874866390e-45 -3.160416001010e-01 1.830415157821e+00
24 5 2.089170455003e-83 -3.020342072333e-42 -2.054211265238e-41 1.628513158659e-41 -7.244322215551e-02 2.288018947276e+00
24 6 6.401985054849e-77 -1.188072041298e-38 -1.961594355003e-38 -5.145428337125e-38 3.122198433866e-01 2.745622736731e+00
24 7 2.068622069662e-71 -5.880087746073e-36 3.543392303369e-35 8.835727501208e-36 1.036646939939e-01 3.203226526186e+00
24 8 9.794421701408e-66 -2.780866033043e-33 -2.616879488350e-32 1.182944245389e-32 -3.061299084742e-01 3.660830315642e+00
24 9 8.509099121804e-61 -2.957513209351e-31 6.614265598861e-30 -6.850902846642e-30 -1.372660856105e-01 4.118434105097e+00
24 10 1.593449436351e-55 -4.476370237084e-29 -2.894197895163e-27 3.548061428031e-27 2.968706675937e-01 4.576037894552e+00
24 11 6.692128165606e-51 -1.952241565802e-27 8.108262054421e-25 -6.387105012516e-25 1.741352364464e-01 5.033641684007e+00
24 12 0.000000000000e+00 -1.491107591628e-25 0.000000000000e+00 0.000000000000e+00 -2.829827398748e-01 5.491245473462e+00
24 13 0.000000000000e+00 -3.681799969616e-24 0.000000000000e+00 0.000000000000e+00 -2.153346237234e-01 5.948849262918e+00
24 14 0.000000000000e+00 -1.818731529535e-22 0.000000000000e+00 0.000000000000e+00 2.620528648927e-01 6.406453052373e+00
24 15 0.000000000000e+00 -3.040943764964e-21 0.000000000000e+00 0.000000000000e+00 2.621367239314e-01 6.864056841828e+00
24 16 0.000000000000e+00 0.000000000000e+00 0.000000000000e+00 0.000000000000e+00 -2.298907152083e-01 7.321660631283e+00
24 17 0.000000000000e+00 -1.421217163832e-18 0.000000000000e+00 0.000000000000e+00 -3.159662811837e-01 7.779264420739e+00
24 18 0.000000000000e+00 -4.435966194128e-17 0.000000000000e+00 0.000000000000e+00 1.786378213615e-01 8.236868210194e+00
24 19 0.000000000000e+00 -4.416186662121e-16 0.000000000000e+00 0.000000000000e+00 3.779024485298e-01 8.694471999649e+00
24 20 0.000000000000e+00 -1.268686141893e-14 0.000000000000e+00 0.000000000000e+00 -9.169192692130e-02 9.152075789104e+00
24 21 0.000000000000e+00 -1.002187211112e-13 0.000000000000e+00 0.000000000000e+00 -4.460197269087e-01 9.609679578559e+00
24 22 0.000000000000e+00 -2.996094242089e-12 0.000000000000e+00 0.000000000000e+00 -7.426771193053e-02 1.006728336801e+01
24 23 0.000000000000e+00 -1.632261300999e-11 0.000000000000e+00 0.000000000000e+00 4.985120872710e-01 1.052488715747e+01
24 24 2.458990753984e-05 -7.608293483151e-10 -9.054667607093e-02 1.021601139684e-01 5.215673480301e-01 1.098249094692e+01
25 1 1.176426043274e-131 -1.276027020123e-77 1.257554796337e-66 -3.727850918507e-66 3.186171527924e-01 4.576037894552e-01
25 2 1.283691251767e-114 -4.157010494894e-63 1.133120392806e-57 -2.339205637301e-57 2.729830289498e-02 9.152075789104e-01
25 3 2.062624798192e-103 -1.316638065895e-54 1.435453443640e-51 -6.179820327415e-52 -3.173642396303e-01 1.372811368366e+00
25 4 3.473575233162e-95 -5.079392414459e-49 2.010033446009e-47 1.808893474599e-47 -5.514560520189e-02 1.830415157821e+00
25 5 8.714968015274e-88 -1.926546663726e-44 -1.031946612842e-43 1.342263643710e-43 3.146978305296e-01 2.288018947276e+00
25 6 1.165842441350e-81 -4.572149040265e-41 -1.472596019267e-40 -1.831263284956e-40 8.411565268917e-02 2.745622736731e+00
25 7 1.480436935228e-75 -6.809813908741e-38 3.057072151183e-37 -4.456814099120e-38 -3.102722127628e-01 3.203226526186e+00
25 8 2.697263153773e-70 -1.737849525226e-35 -9.366885757443e-35 1.180614738539e-34 -1.148341248602e-01 3.660830315642e+00
25 9 8.683304630190e-65 -5.211775446324e-33 1.863162266617e-32 -9.437613723729e-32 3.034994458177e-01 4.118434105097e+00
25 10 5.749677195177e-60 -3.955511110652e-31 4.921526397664e-33 2.750434274000e-29 1.480104108858e-01 4.576037894552e+00
25 11 8.855174682988e-55 -4.716691322663e-29 1.096509464436e-27 -1.182254213739e-26 -2.934397277044e-01 5.033641684007e+00
25 12 3.185645450329e-50 -1.702844257431e-27 -1.140757458162e-24 2.175833774729e-24 -1.844748460232e-01 5.491245473462e+00
25 13 0.000000000000e+00 -1.140219776339e-25 0.000000000000e+00 0.000000000000e+00 2.785959888342e-01 5.948849262918e+00
25 14 0.000000000000e+00 -2.514829357702e-24 0.000000000000e+00 0.000000000000e+00 2.252174500333e-01 6.406453052373e+00
25 15 0.000000000000e+00 -1.154324504730e-22 0.000000000000e+00 0.000000000000e+00 -2.565169063353e-01 6.864056841828e+00
25 16 0.000000000000e+00 -1.797348170773e-21 0.000000000000e+00 0.000000000000e+00 -2.714065806120e-01 7.321660631283e+00
25 17 0.000000000000e+00 0.000000000000e+00 0.000000000000e+00 0.000000000000e+00 2.229780193391e-01 7.779264420739e+00
25 18 0.000000000000e+00 -7.698982775220e-19 0.000000000000e+00 0.000000000000e+00 3.242996429810e-01 8.236868210194e+00
25 19 0.000000000000e+00 -2.360936715438e-17 0.000000000000e+00 0.000000000000e+00 -1.701133428208e-01 8.694471999649e+00
25 20 0.000000000000e+00 -2.268529343043e-16 0.000000000000e+00 0.000000000000e+00 -3.846830682264e-01 9.152075789104e+00
25 21 0.000000000000e+00 -6.500203830477e-15 0.000000000000e+00 0.000000000000e+00 8.142867004458e-02 9.609679578559e+00
25 22 0.000000000000e+00 -4.979678529902e-14 0.000000000000e+00 0.000000000000e+00 4.500960635462e-01 1.006728336801e+01
25 23 0.000000000000e+00 -1.504699405012e-12 0.000000000000e+00 0.000000000000e+00 8.580636778550e-02 1.052488715747e+01
25 24 0.000000000000e+00 -7.932726249825e-12 0.000000000000e+00 0.000000000000e+00 -4.978774573587e-01 1.098249094692e+01
25 25 1.849359628179e-05 -3.815435542931e-10 1.207010348848e-01 -2.527554691816e-02 -5.308540098798e-01 1.144009473638e+01
26 1 7.158997694571e-138 -1.478772963319e-81 8.717968688439e-70 -2.942636846855e-69 1.309605346700e-02 4.576037894552e-01
26 2 9.171504791166e-120 -4.325224875697e-66 2.527808233611e-60 -6.471338931799e-60 -3.181652920792e-01 9.152075789104e-01
26 3 1.057343095769e-108 -1.312975934193e-57 3.050661075657e-54 -1.792720773892e-54 -3.953099331019e-02 1.372811368366e+00
26 4 9.144070830771e-100 -2.004022486900e-51 1.177735022752e-49 7.334075880775e-50 3.163858915361e-01 1.830415157821e+00
26 5 1.113657406076e-92 -4.993864256013e-47 -2.481923729517e-46 5.520074093145e-46 6.670446349497e-02 2.288018947276e+00
26 6 6.164095115538e-86 -3.793182397304e-43 -1.412951813762e-42 -9.608423748680e-43 -3.131861212675e-01 2.745622736731e+00
26 7 3.223861542328e-80 -3.192987994551e-40 1.256479449839e-39 -7.068740912609e-40 -9.514319237128e-02 3.203226526186e+00
26 8 2.215774075808e-74 -2.375568905145e-37 -3.025135791617e-37 1.332022220735e-36 3.081794795961e-01 3.660830315642e+00
26 9 2.658747606381e-69 -3.690901596680e-35 -1.788875006630e-34 -5.013461500141e-34 1.254286687164e-01 4.118434105097e+00
26 10 6.397507203746e-64 -7.794375952663e-33 1.731091877324e-31 2.328210503234e-31 -3.007430733685e-01 4.576037894552e+00
26 11 3.420784433533e-59 -4.522231735765e-31 -4.539860135013e-29 -5.817966463162e-29 -1.582249807895e-01 5.033641684007e+00
26 12 4.490699877678e-54 -4.449847176744e-29 1.145457477876e-26 2.682552245883e-26 2.899046261582e-01 5.491245473462e+00
26 13 0.000000000000e+00 -1.373285225470e-27 0.000000000000e+00 0.000000000000e+00 1.943105678303e-01 5.948849262918e+00
26 14 0.000000000000e+00 -8.244101668404e-26 0.000000000000e+00 0.000000000000e+00 -2.741347472033e-01 6.406453052373e+00
26 15 0.000000000000e+00 -1.650534822899e-24 0.000000000000e+00 0.000000000000e+00 -2.346081500815e-01 6.864056841828e+00
26 16 0.000000000000e+00 -7.120362636205e-23 0.000000000000e+00 0.000000000000e+00 2.509496458134e-01 7.321660631283e+00
26 17 0.000000000000e+00 -1.041177945417e-21 0.000000000000e+00 0.000000000000e+00 2.801878976631e-01 7.779264420739e+00
26 18 0.000000000000e+00 -3.603822200074e-20 0.000000000000e+00 0.000000000000e+00 -2.160976287039e-01 8.236868210194e+00
26 19 0.000000000000e+00 -4.130744390414e-19 0.000000000000e+00 0.000000000000e+00 -3.321492242819e-01 8.694471999649e+00
26 20 0.000000000000e+00 -1.248314987114e-17 0.000000000000e+00 0.000000000000e+00 1.617141232768e-01 9.152075789104e+00
26 21 0.000000000000e+00 -1.160624652458e-16 0.000000000000e+00 0.000000000000e+00 3.910050705004e-01 9.609679578559e+00
26 22 0.000000000000e+00 -3.321929373950e-15 0.000000000000e+00 0.000000000000e+00 -7.142139379459e-02 1.006728336801e+01
26 23 0.000000000000e+00 -2.471900577330e-14 0.000000000000e+00 0.000000000000e+00 -4.538053617704e-01 1.052488715747e+01
26 24 0.000000000000e+00 -7.553425972291e-13 0.000000000000e+00 0.000000000000e+00 -9.693730739329e-02 1.098249094692e+01
26 25 0.000000000000e+00 -3.858344594595e-12 0.000000000000e+00 0.000000000000e+00 4.971456023021e-01 1.144009473638e+01
26 26 1.391644230517e-05 -1.913461334149e-10 -1.009496292478e-01 -4.676219712390e-02 5.398160836404e-01 1.189769852584e+01
27 1 1.216044468348e-143 -3.650039978781e-85 9.980851756440e-73 -3.873422879135e-72 -3.185739423160e-01 4.576037894552e-01
27 2 2.029100298240e-125 -1.826095459628e-69 3.023184495642e-63 -9.881720074201e-63 -2.528468310925e-02 9.152075789104e-01
27 3 1.525506117405e-113 -2.802239421890e-60 1.069493914993e-56 -8.139960406947e-57 3.175003479734e-01 1.372811368366e+00
27 4 7.446275289648e-105 -3.207396615821e-54 3.663326035261e-52 1.501807407449e-52 5.100538405056e-02 1.830415157821e+00
27 5 4.066106755330e-97 -2.793493870071e-49 -7.297451805359e-49 3.583571117237e-48 -3.152352856769e-01 2.288018947276e+00
27 6 1.004186076877e-90 -1.273701957014e-45 -6.556034636407e-45 -2.140590394542e-45 -7.761489977360e-02 2.745622736731e+00
27 7 2.049520519464e-84 -3.268558527382e-42 7.494941046805e-42 -8.715370734857e-42 3.115276895572e-01 3.203226526186e+00
27 8 5.559375486746e-79 -1.307659490454e-39 1.355145968171e-39 6.706446800623e-39 1.056010100630e-01 3.660830315642e+00
27 9 2.443447078985e-73 -5.795291600392e-37 -3.829131636263e-36 -3.373146138221e-36 -3.059584295451e-01 4.118434105097e+00
27 10 2.137569239462e-68 -6.129560718958e-35 1.585698197088e-33 5.458712722686e-34 -1.355073950424e-01 4.576037894552e+00
27 11 4.098645946542e-63 -9.810211763725e-33 -7.912365695963e-31 -1.626383409657e-31 2.978756557180e-01 5.033641684007e+00
27 12 1.841406399593e-58 -4.574199236074e-31 1.759889530878e-28 6.257395309017e-29 1.679580153389e-01 5.491245473462e+00
27 13 2.111906507566e-53 -3.844959235894e-29 -4.973720491035e-26 -4.713945538038e-26 -2.862793937020e-01 5.948849262918e+00
27 14 0.000000000000e+00 -1.039582127636e-27 0.000000000000e+00 0.000000000000e+00 -2.036838299729e-01 6.406453052373e+00
27 15 0.000000000000e+00 -5.693761926690e-26 0.000000000000e+00 0.000000000000e+00 2.696123087157e-01 6.864056841828e+00
27 16 0.000000000000e+00 -1.048094107338e-24 0.000000000000e+00 0.000000000000e+00 2.435445286278e-01 7.321660631283e+00
27 17 0.000000000000e+00 -4.288648628793e-23 0.000000000000e+00 0.000000000000e+00 -2.453629338871e-01 7.779264420739e+00
27 18 0.000000000000e+00 -5.930157155740e-22 0.000000000000e+00 0.000000000000e+00 -2.885173290662e-01 8.236868210194e+00
27 19 0.000000000000e+00 -1.994947741403e-20 0.000000000000e+00 0.000000000000e+00 2.092583700900e-01 8.694471999649e+00
27 20 0.000000000000e+00 -2.198113344667e-19 0.000000000000e+00 0.000000000000e+00 3.395522736106e-01 9.152075789104e+00
27 21 0.000000000000e+00 -6.563007012981e-18 0.000000000000e+00 0.000000000000e+00 -1.534431173555e-01 9.609679578559e+00
27 22 0.000000000000e+00 -5.917417461874e-17 0.000000000000e+00 0.000000000000e+00 -3.969066413932e-01 1.006728336801e+01
27 23 0.000000000000e+00 -1.693909320978e-15 0.000000000000e+00 0.000000000000e+00 6.166238709679e-02 1.052488715747e+01
27 24 0.000000000000e+00 -1.226043054690e-14 0.000000000000e+00 0.000000000000e+00 4.571828754914e-01 1.098249094692e+01
27 25 0.000000000000e+00 -3.790207774050e-13 0.000000000000e+00 0.000000000000e+00 1.076848390936e-01 1.144009473638e+01
27 26 0.000000000000e+00 -1.878037281134e-12 0.000000000000e+00 0.000000000000e+00 -4.963309468619e-01 1.189769852584e+01
27 27 1.047730258106e-05 -9.596205635375e-11 4.769403748708e-02 8.817361091339e-02 -5.484757534173e-01 1.235530231529e+01
28 1 6.444275174509e-150 -3.646528900859e-89 6.288826337366e-76 -2.843111464861e-75 -1.216870812369e-02 4.576037894552e-01
28 2 1.253605661953e-130 -1.657189450432e-72 5.716393211708e-66 -2.504144179873e-65 3.181852845094e-01 9.152075789104e-01
28 3 6.865383253655e-119 -2.421190119500e-63 2.056928860110e-59 -1.974485116121e-59 3.670079938398e-02 1.372811368366e+00
28 4 1.711525415745e-109 -1.110198735932e-56 1.848793242330e-54 4.300562049683e-55 -3.166565872234e-01 1.830415157821e+00
28 5 4.620738024717e-102 -6.318598723275e-52 1.323626374224e-52 1.232764706589e-50 -6.182383073349e-02 2.288018947276e+00
28 6 4.695341589655e-95 -9.335269188329e-48 -4.710555841138e-47 -2.244028641570e-48 3.139354625442e-01 2.745622736731e+00
28 7 4.032966060611e-89 -1.348362756244e-44 1.889021629596e-44 -4.736241127165e-44 8.795536906834e-02 3.203226526186e+00
28 8 4.094906554471e-83 -1.590802848452e-41 3.313639830275e-41 4.847787742656e-41 -3.097396388577e-01 3.660830315642e+00
28 9 6.875196727230e-78 -3.643578379961e-39 -2.626564687899e-38 -6.543771143140e-39 -1.155503014289e-01 4.118434105097e+00
28 10 2.156540432245e-72 -1.082788575303e-36 1.638909918050e-35 -3.890360195806e-36 3.036233132219e-01 4.576037894552e+00
28 11 1.473838933515e-67 -8.432456817805e-35 -4.341430556376e-33 2.148388283259e-33 1.451193690816e-01 5.033641684007e+00
28 12 2.354439921672e-62 -1.078952615415e-32 1.919751826768e-30 -8.805205429770e-31 -2.949102078662e-01 5.491245473462e+00
28 13 9.137251637927e-58 -4.196977415183e-31 -4.465061139402e-28 6.166955293609e-29 -1.772504325965e-01 5.948849262918e+00
28 14 0.000000000000e+00 -3.094512023468e-29 0.000000000000e+00 0.000000000000e+00 2.825764306973e-01 6.406453052373e+00
28 15 0.000000000000e+00 -7.472171504437e-28 0.000000000000e+00 0.000000000000e+00 2.126305215410e-01 6.864056841828e+00
28 16 0.000000000000e+00 -3.785897318093e-26 0.000000000000e+00 0.000000000000e+00 -2.650403563798e-01 7.321660631283e+00
28 17 0.000000000000e+00 -6.474053992243e-25 0.000000000000e+00 0.000000000000e+00 -2.520599106913e-01 7.779264420739e+00
28 18 0.000000000000e+00 -2.531584697415e-23 0.000000000000e+00 0.000000000000e+00 2.397670035152e-01 8.236868210194e+00
28 19 0.000000000000e+00 0.000000000000e+00 0.000000000000e+00 0.000000000000e+00 2.964275677953e-01 8.694471999649e+00
28 20 0.000000000000e+00 -1.093020659697e-20 0.000000000000e+00 0.000000000000e+00 -2.024675580415e-01 9.152075789104e+00
28 21 0.000000000000e+00 -1.161431488329e-19 0.000000000000e+00 0.000000000000e+00 -3.465421709559e-01 9.609679578559e+00
28 22 0.000000000000e+00 -3.433575524947e-18 0.000000000000e+00 0.000000000000e+00 1.453021611134e-01 1.006728336801e+01
28 23 0.000000000000e+00 -3.007924875355e-17 0.000000000000e+00 0.000000000000e+00 4.024218981460e-01 1.052488715747e+01
28 24 0.000000000000e+00 -8.620807897043e-16 0.000000000000e+00 0.000000000000e+00 -5.214381760664e-02 1.098249094692e+01
28 25 0.000000000000e+00 0.000000000000e+00 0.000000000000e+00 0.000000000000e+00 -4.602597315038e-01 1.144009473638e+01
28 26 0.000000000000e+00 -1.901197302396e-13 0.000000000000e+00 0.000000000000e+00 -1.180713576521e-01 1.189769852584e+01
28 27 0.000000000000e+00 -9.147741622059e-13 0.000000000000e+00 0.000000000000e+00 4.954458252640e-01 1.235530231529e+01
28 28 7.891495083971e-06 -4.812515676529e-11 1.314128067164e-02 -8.926082543946e-02 5.568530629649e-01 1.281290610475e+01
29 1 9.486219119956e-156 -7.870311020185e-93 6.479987799596e-79 -3.472920938958e-78 3.185392525073e-01 4.576037894552e-01
29 2 2.433530442798e-136 -6.075271184527e-76 5.514215764142e-69 -3.535984120001e-68 2.354932537989e-02 9.152075789104e-01
29 3 8.641857268177e-124 -4.538186904742e-66 6.486461168577e-62 -7.762549119389e-62 -3.176088698331e-01 1.372811368366e+00
29 4 1.234838125201e-114 -1.551703051628e-59 5.084316274762e-57 3.803750495181e-58 -4.745076367471e-02 1.830415157821e+00
29 5 1.487320726640e-106 -3.122664045201e-54 1.478768276595e-53 6.836314163888e-53 3.156595988597e-01 2.288018947276e+00
29 6 6.867797604619e-100 -2.756910905555e-50 -1.764634781876e-49 3.728629484596e-50 7.206813588091e-02 2.745622736731e+00
29 7 2.288712797456e-93 -1.227548295183e-46 2.485300313219e-47 -3.833207457134e-46 -3.125045230234e-01 3.203226526186e+00
29 8 9.367954155131e-88 -7.762777499835e-44 2.332291305210e-43 1.564840130062e-43 -9.778954362351e-02 3.660830315642e+00
29 9 5.711027199709e-82 -5.122707719806e-41 -2.413651323488e-40 5.105459436429e-41 3.078361507785e-01 4.118434105097e+00
29 10 6.669514066271e-77 -7.613761585247e-39 6.747352961226e-38 -6.498036083585e-38 1.250416038566e-01 4.576037894552e+00
29 11 1.609446955895e-71 -1.648875788775e-36 -2.372615759136e-35 4.471372566636e-35 -3.011864538456e-01 5.033641684007e+00
29 12 9.018237828756e-67 -1.001001687110e-34 5.284315265680e-33 -1.195563216793e-32 -1.543058954811e-01 5.491245473462e+00
29 13 1.238701845902e-61 -1.065686422693e-32 -2.945389094442e-30 4.343704424391e-30 2.918582320987e-01 5.948849262918e+00
29 14 0.000000000000e+00 -3.558702992709e-31 0.000000000000e+00 0.000000000000e+00 1.861373698835e-01 6.406453052373e+00
29 15 0.000000000000e+00 -2.349627685750e-29 0.000000000000e+00 0.000000000000e+00 -2.788067419335e-01 6.864056841828e+00
29 16 0.000000000000e+00 -5.144790855819e-28 0.000000000000e+00 0.000000000000e+00 -2.211820411979e-01 7.321660631283e+00
29 17 0.000000000000e+00 -2.438517293600e-26 0.000000000000e+00 0.000000000000e+00 2.604291769531e-01 7.779264420739e+00
29 18 0.000000000000e+00 -3.906711625167e-25 0.000000000000e+00 0.000000000000e+00 2.601838964952e-01 8.236868210194e+00
29 19 0.000000000000e+00 -1.468941135577e-23 0.000000000000e+00 0.000000000000e+00 -2.341706947384e-01 8.694471999649e+00
29 20 0.000000000000e+00 0.000000000000e+00 0.000000000000e+00 0.000000000000e+00 -3.039479373377e-01 9.152075789104e+00
29 21 0.000000000000e+00 -5.935375395910e-21 0.000000000000e+00 0.000000000000e+00 1.957312283601e-01 9.609679578559e+00
29 22 0.000000000000e+00 -6.099129638754e-20 0.000000000000e+00 0.000000000000e+00 3.531489550883e-01 1.006728336801e+01
29 23 0.000000000000e+00 -1.788656538420e-18 0.000000000000e+00 0.000000000000e+00 -1.372921834980e-01 1.052488715747e+01
29 24 0.000000000000e+00 -1.524981901875e-17 0.000000000000e+00 0.000000000000e+00 -4.075814300239e-01 1.098249094692e+01
29 25 0.000000000000e+00 -4.379918090090e-16 0.000000000000e+00 0.000000000000e+00 4.285783855782e-02 1.144009473638e+01
29 26 0.000000000000e+00 -3.010269045149e-15 0.000000000000e+00 0.000000000000e+00 4.630635093801e-01 1.189769852584e+01
29 27 0.000000000000e+00 -9.533541669204e-14 0.000000000000e+00 0.000000000000e+00 1.281175225951e-01 1.235530231529e+01
29 28 0.000000000000e+00 -4.458701230972e-13 0.000000000000e+00 0.000000000000e+00 -4.945008193487e-01 1.281290610475e+01
29 29 5.946211146768e-06 -2.413396326048e-11 -5.755994783331e-02 5.715234603986e-02 -5.649661766244e-01 1.327050989420e+01
30 1 4.416412668147e-162 -6.847452077115e-97 3.659310014482e-82 -2.382603269309e-81 1.136446785494e-02 4.576037894552e-01
30 2 1.312636859465e-141 -4.849969400960e-79 7.268193194911e-72 -8.279706473296e-71 -3.182013793542e-01 9.152075789104e-01
30 3 3.439514623749e-129 -3.429114425846e-69 1.123621578610e-64 -1.676403235912e-64 -3.425188353256e-02 1.372811368366e+00
30 4 2.497932182776e-119 -4.747880363818e-62 2.287033551954e-59 -1.671867116045e-60 3.168734258715e-01 1.830415157821e+00
30 5 1.510740769104e-111 -6.213840343707e-57 8.822694737241e-56 2.047151689625e-55 5.761963264436e-02 2.288018947276e+00
30 6 2.856486841969e-104 -1.796678806133e-52 -1.045973822064e-51 5.088480934386e-52 -3.145290799086e-01 2.745622736731e+00
30 7 4.079504085524e-98 -4.486029431556e-49 -3.787323146151e-49 -1.576896635557e-48 -8.180459260157e-02 3.203226526186e+00
30 8 6.211479761628e-92 -8.449716392239e-46 2.227263651274e-45 5.193144155910e-46 3.109571137222e-01 3.660830315642e+00
30 9 1.476927235838e-86 -2.874933258871e-43 -1.007430393814e-42 7.477155253153e-43 1.071698052256e-01 4.118434105097e+00
30 10 6.123200275285e-81 -1.210994267196e-40 2.643655038412e-40 -8.577554761758e-40 -3.058292594856e-01 4.576037894552e+00
30 11 5.388544370396e-76 -1.275560459532e-38 2.962622193509e-38 2.913900993677e-37 -1.341172001987e-01 5.033641684007e+00
30 12 1.054726165769e-70 -2.138746152488e-36 -3.717617263035e-35 -1.363853386724e-34 2.986586581197e-01 5.491245473462e+00
30 13 5.015366478461e-66 -1.056304086030e-34 6.338501566469e-33 3.278738146062e-32 1.631021675491e-01 5.948849262918e+00
30 14 6.058549163385e-61 -9.647481096326e-33 1.643504943138e-30 -1.239095876888e-29 -2.887299639595e-01 6.406453052373e+00
30 15 0.000000000000e+00 -2.828254493819e-31 0.000000000000e+00 0.000000000000e+00 -1.946493208417e-01 6.864056841828e+00
30 16 0.000000000000e+00 -1.699828921415e-29 0.000000000000e+00 0.000000000000e+00 2.749801243446e-01 7.321660631283e+00
30 17 0.000000000000e+00 -3.416932414210e-28 0.000000000000e+00 0.000000000000e+00 2.293660976351e-01 7.779264420739e+00
30 18 0.000000000000e+00 -1.528958681164e-26 0.000000000000e+00 0.000000000000e+00 -2.557878411903e-01 8.236868210194e+00
30 19 0.000000000000e+00 -2.310999951135e-25 0.000000000000e+00 0.000000000000e+00 -2.679429528817e-01 8.694471999649e+00
30 20 0.000000000000e+00 0.000000000000e+00 0.000000000000e+00 0.000000000000e+00 2.285816447614e-01 9.152075789104e+00
30 21 0.000000000000e+00 0.000000000000e+00 0.000000000000e+00 0.000000000000e+00 3.111048686472e-01 9.609679578559e+00
30 22 0.000000000000e+00 -3.198131355101e-21 0.000000000000e+00 0.000000000000e+00 -1.890543331821e-01 1.006728336801e+01
30 23 0.000000000000e+00 -3.185765118604e-20 0.000000000000e+00 0.000000000000e+00 -3.593997597431e-01 1.052488715747e+01
30 24 0.000000000000e+00 -9.282651134075e-19 0.000000000000e+00 0.000000000000e+00 1.294133786672e-01 1.098249094692e+01
30 25 0.000000000000e+00 -7.713778257614e-18 0.000000000000e+00 0.000000000000e+00 4.124127517326e-01 1.144009473638e+01
30 26 0.000000000000e+00 -2.221932416264e-16 0.000000000000e+00 0.000000000000e+00 -3.379666823015e-02 1.189769852584e+01
30 27 0.000000000000e+00 -1.490445271274e-15 0.000000000000e+00 0.000000000000e+00 -4.656187257780e-01 1.235530231529e+01
30 28 0.000000000000e+00 -4.779234149755e-14 0.000000000000e+00 0.000000000000e+00 -1.378424185724e-01 1.281290610475e+01
30 29 0.000000000000e+00 -2.174577708635e-13 0.000000000000e+00 0.000000000000e+00 4.935050351492e-01 1.327050989420e+01
30 30 4.481979652546e-06 -1.210213525075e-11 7.215471290870e-02 -1.004843709563e-02 5.728316022544e-01 1.372811368366e+01
