2 1 3.241613053670e-07 -9.902466382290e-05 -2.546502655563e-04 5.861224721861e-04 2.811407339273e-01 4.477803864063e-01
2 2 2.179598752365e-02 -5.376862876078e-03 -2.403002815511e-01 2.282372430318e-01 9.866449412050e-02 8.955607728125e-01
3 1 2.033860191649e-11 -3.706458807538e-07 1.902580626349e-06 4.690762536161e-06 -3.378933965342e-01 4.477803864063e-01
3 2 1.333983242134e-06 -7.077688108100e-05 5.615574149128e-04 -2.531203592088e-03 -3.466670189930e-01 8.955607728125e-01
3 3 1.824416396362e-02 -2.708321113172e-03 2.511300316545e-01 -3.792013811294e-01 -1.462905403169e-01 1.343341159219e+00
4 1 1.947680477573e-16 -1.160593380937e-09 1.189796918732e-08 1.018881057729e-08 -9.375685322956e-02 4.477803864063e-01
4 2 2.028756402814e-10 -7.424208273494e-07 -2.923043080262e-05 -1.295888160689e-05 3.043319198442e-01 8.955607728125e-01
4 3 2.796324867850e-06 -3.726168876103e-05 -1.806228502929e-03 5.333239387264e-03 3.863518918089e-01 1.343341159219e+00
4 4 1.281160246126e-02 -1.194275854696e-03 -2.925595256706e-01 4.155175406199e-01 1.846798118172e-01 1.791121545625e+00
5 1 1.171484549490e-20 -3.745044202400e-12 1.102875040716e-10 5.094422649098e-11 3.252205058090e-01 4.477803864063e-01
5 2 4.684201566655e-15 -5.232172290623e-09 -1.395177798184e-07 6.434185372040e-08 1.540486179689e-01 8.955607728125e-01
5 3 8.606600477609e-10 -6.321899101965e-07 9.825269952728e-05 1.024360805610e-05 -2.737602789292e-01 1.343341159219e+00
5 4 4.134877356960e-06 -1.811691618116e-05 4.953537141809e-03 -7.668766362552e-03 -4.137420567148e-01 1.791121545625e+00
5 5 8.840260222905e-03 -5.295142536874e-04 3.673083553943e-01 -3.788323537289e-01 -2.176946118109e-01 2.238901932031e+00
6 1 1.045051572110e-25 -6.919338933461e-15 3.545434420550e-13 7.718219252851e-14 5.884418099977e-02 4.477803864063e-01
6 2 6.301979533600e-19 -4.621917923400e-11 -9.908280416421e-10 1.481220690290e-09 -3.139954189641e-01 8.955607728125e-01
6 3 3.169209792732e-14 -6.329198513078e-09 2.833051290299e-07 -5.282769138524e-07 -1.993598713675e-01 1.343341159219e+00
6 4 2.486452686446e-09 -4.135484381982e-07 -2.234733166929e-04 -1.340057792037e-05 2.449946925911e-01 1.791121545625e+00
6 5 4.937598228899e-06 -8.563350407603e-06 -9.665049086448e-03 7.880322949205e-03 4.337360565265e-01 2.238901932031e+00
6 6 6.147195090598e-03 -2.398203130973e-04 -4.441395158382e-01 2.855485800287e-01 2.469021500459e-01 2.686682318438e+00
7 1 3.693587680293e-30 -1.589271695921e-17 2.154803905421e-15 1.004583341587e-16 -3.218772972169e-01 4.477803864063e-01
7 2 1.470508749946e-23 -2.225536976925e-13 -1.354597931828e-12 8.501080780101e-12 -1.030743708434e-01 8.955607728125e-01
7 3 6.181790651593e-18 -9.083811725664e-11 -2.635409140590e-09 -7.946467951769e-09 3.015057897098e-01 1.343341159219e+00
7 4 1.348252235013e-13 -5.030190481473e-09 -2.554480605395e-07 1.628632527642e-06 2.355963509120e-01 1.791121545625e+00
7 5 0.000000000000e+00 -2.410108521700e-07 0.000000000000e+00 0.000000000000e+00 -2.178081565707e-01 2.238901932031e+00
7 6 5.147194577466e-06 -4.003056047250e-06 1.441878468841e-02 -5.053993355986e-03 -4.487846301319e-01 2.686682318438e+00
7 7 4.321623114932e-03 -1.107184481593e-04 4.939987084300e-01 -1.508147686592e-01 -2.731681795199e-01 3.134462704844e+00
8 1 2.393500394162e-35 -1.776267820634e-20 5.465478763994e-18 -5.314536502145e-19 -4.342214417361e-02 4.477803864063e-01
8 2 1.368136694838e-27 -1.506585166297e-15 1.502764508088e-14 8.166160447481e-14 3.161411772308e-01 8.955607728125e-01
8 3 2.236008814118e-22 -6.787114837352e-13 -4.126110418554e-11 -2.885830597882e-11 1.390129435721e-01 1.343341159219e+00
8 4 3.428256857568e-17 -9.726734028529e-11 2.067765964018e-08 1.623190173301e-08 -2.882099607466e-01 1.791121545625e+00
8 5 4.337670162367e-13 -3.307915625020e-09 1.238112998689e-07 -3.694107082719e-06 -2.655438596289e-01 2.238901932031e+00
8 6 0.000000000000e+00 -1.322325519256e-07 0.000000000000e+00 0.000000000000e+00 1.921049247164e-01 2.686682318438e+00
8 7 4.908073256864e-06 -1.863552569865e-06 -1.739939233288e-02 -4.933046524500e-04 4.603219502073e-01 3.134462704844e+00
8 8 3.068514579674e-03 -5.188240375518e-05 -4.973823897091e-01 -4.613211026117e-03 2.970534928888e-01 3.582243091250e+00
9 1 5.344307413133e-40 -2.880210173043e-23 2.533352258436e-20 -5.612619877121e-21 3.204952037884e-01 4.477803864063e-01
9 2 2.558237756196e-32 -4.865412881412e-18 1.630440975963e-16 3.198965963192e-16 7.840944523705e-02 8.955607728125e-01
9 3 3.242138464133e-26 -7.841443334636e-15 -6.034079488484e-13 -5.921232677504e-14 -3.092073698724e-01 1.343341159219e+00
9 4 1.625995223799e-21 -9.358612429362e-13 1.782077307654e-10 -3.189826103391e-11 -1.694098784378e-01 1.791121545625e+00
9 5 1.408562171682e-16 -7.868671883044e-11 -6.334067790688e-08 -2.059880761502e-08 2.744487933220e-01 2.238901932031e+00
9 6 1.128229251721e-12 -1.964978926881e-09 -4.642836065434e-07 7.138192060125e-06 2.908073094249e-01 2.686682318438e+00
9 7 0.000000000000e+00 -7.004586917390e-08 0.000000000000e+00 0.000000000000e+00 -1.678017538082e-01 3.134462704844e+00
9 8 4.405030953095e-06 -8.666614665405e-07 1.732108332314e-02 7.426456270111e-03 -4.692671119969e-01 3.582243091250e+00
9 9 2.196839193933e-03 -2.458479927336e-05 4.469520702568e-01 1.562434047836e-01 -3.189565435595e-01 4.030023477656e+00
10 1 2.522129518253e-45 -2.118276130186e-26 5.340767635146e-23 -1.802942931156e-23 3.455963477859e-02 4.477803864063e-01
10 2 1.660674504860e-36 -2.464681224649e-20 1.902133812080e-18 2.179568710562e-18 -3.169861973275e-01 8.955607728125e-01
10 3 1.000922849421e-30 -4.234082235676e-17 -3.178179889903e-15 1.117164048391e-15 -1.079979278756e-01 1.343341159219e+00
10 4 3.078831325531e-25 -1.503912371889e-14 1.625403207141e-12 -1.887888544745e-12 3.014393444003e-01 1.791121545625e+00
10 5 8.233117208261e-21 -8.909609919429e-13 -3.821437964230e-10 3.365607820036e-10 1.957341537746e-01 2.238901932031e+00
10 6 0.000000000000e+00 -5.459908565986e-11 0.000000000000e+00 0.000000000000e+00 -2.604675352981e-01 2.686682318438e+00
10 7 0.000000000000e+00 -1.098405842340e-09 0.000000000000e+00 0.000000000000e+00 -3.124252826653e-01 3.134462704844e+00
10 8 0.000000000000e+00 -3.629611308007e-08 0.000000000000e+00 0.000000000000e+00 1.448120924183e-01 3.582243091250e+00
10 9 3.788865548692e-06 -4.032363720219e-07 -1.385251947852e-02 -1.395512162017e-02 4.762448709683e-01 4.030023477656e+00
10 10 1.583431086719e-03 -1.174682472445e-05 -3.475767510597e-01 -2.804904779000e-01 3.391771448519e-01 4.477803864063e+00
11 1 3.837436194873e-50 -2.512772731072e-29 2.007228540467e-25 -8.975127839477e-26 -3.197879393396e-01 4.477803864063e-01
11 2 2.415485039671e-41 -5.596027460120e-23 8.880142748300e-21 6.547254451983e-21 -6.356586923380e-02 8.955607728125e-01
11 3 1.085061605327e-34 -3.828024973147e-19 -2.657740895697e-17 2.288951014386e-17 3.125230670545e-01 1.343341159219e+00
11 4 1.280221169188e-29 -1.104669851251e-16 2.071692659726e-15 -1.592999374218e-14 1.337557136115e-01 1.791121545625e+00
11 5 1.893432274048e-24 -1.798438691693e-14 3.438551062288e-15 7.722356564241e-12 -2.930751900949e-01 2.238901932031e+00
11 6 3.320894219079e-20 -6.915507542626e-13 5.791116072865e-10 -1.082024670046e-09 -2.188850649012e-01 2.686682318438e+00
11 7 0.000000000000e+00 -3.450766651003e-11 0.000000000000e+00 0.000000000000e+00 2.464395726160e-01 3.134462704844e+00
11 8 0.000000000000e+00 -5.904641316787e-10 0.000000000000e+00 0.000000000000e+00 3.311211657778e-01 3.582243091250e+00
11 9 0.000000000000e+00 -1.853547087863e-08 0.000000000000e+00 0.000000000000e+00 -1.230474853405e-01 4.030023477656e+00
11 10 3.160048778628e-06 -1.878373558335e-07 7.632447108792e-03 1.843519447126e-02 -4.816978688229e-01 4.477803864063e+00
11 11 1.147607733969e-03 -5.647603531176e-06 2.140731035747e-01 3.593224073785e-01 -3.579495507044e-01 4.925584250469e+00
12 1 1.359335955319e-55 -1.299768561569e-32 3.618309955297e-28 -2.008252626532e-28 -2.875823026179e-02 4.477803864063e-01
12 2 1.138670205404e-45 -2.161837910549e-25 6.845832163938e-23 3.242770520053e-23 3.174118283034e-01 8.955607728125e-01
12 3 2.747690870986e-39 -1.531967284112e-21 -8.922259853390e-20 1.522951050766e-19 8.873628833544e-02 1.343341159219e+00
12 4 1.887412683431e-33 -1.436207378497e-18 -7.065994774938e-17 -1.818023858476e-16 -3.073681229734e-01 1.791121545625e+00
12 5 9.658592863674e-29 -1.620731537725e-16 3.660082090657e-14 4.126030247398e-14 -1.566004214132e-01 2.238901932031e+00
12 6 9.005134887680e-24 -1.653264559345e-14 -1.001416022215e-11 -1.755370544361e-11 2.842877793998e-01 2.686682318438e+00
12 7 0.000000000000e+00 -4.737538714260e-13 0.000000000000e+00 0.000000000000e+00 2.394671054528e-01 3.134462704844e+00
12 8 0.000000000000e+00 -2.051683059323e-11 0.000000000000e+00 0.000000000000e+00 -2.324863445921e-01 3.582243091250e+00
12 9 0.000000000000e+00 -3.091121180185e-10 0.000000000000e+00 0.000000000000e+00 -3.474245111790e-01 4.030023477656e+00
12 10 0.000000000000e+00 -9.370724719994e-09 0.000000000000e+00 0.000000000000e+00 1.024207975469e-01 4.477803864063e+00
12 11 2.575973707413e-06 -8.763109069525e-08 8.691380536120e-06 -1.981610787220e-02 4.859495724452e-01 4.925584250469e+00
12 12 8.355147885991e-04 -2.727863972359e-06 -6.727032835895e-02 -3.834701743193e-01 3.754616555456e-01 5.373364636875e+00
13 1 1.493199000415e-60 -1.169284489479e-35 1.143641526825e-30 -7.571344254103e-31 3.193768678304e-01 4.477803864063e-01
13 2 1.300828128124e-50 -3.611374780768e-28 2.469302473401e-25 6.766130120713e-26 5.356291600072e-02 8.955607728125e-01
13 3 2.276549337368e-43 -1.093266289456e-23 -3.775213802610e-22 1.561641666653e-21 -3.142792403782e-01 1.343341159219e+00
13 4 6.681218616778e-38 -8.151748117233e-21 -8.429185101551e-19 -7.976429675357e-19 -1.110629518428e-01 1.791121545625e+00
13 5 1.757542048053e-32 -2.713621887826e-18 7.262584550039e-16 1.615463693886e-16 3.016886701106e-01 2.238901932031e+00
13 6 5.381528794436e-28 -1.722084230208e-16 -1.535172174481e-13 -2.897716102089e-14 1.771217666662e-01 2.686682318438e+00
13 7 3.581526389921e-23 -1.292342426367e-14 3.623798335887e-11 2.996222157992e-11 -2.752076490484e-01 3.134462704844e+00
13 8 0.000000000000e+00 -2.989831887451e-13 0.000000000000e+00 0.000000000000e+00 -2.579141974902e-01 3.582243091250e+00
13 9 0.000000000000e+00 -1.169480378600e-11 0.000000000000e+00 0.000000000000e+00 2.186921857890e-01 4.030023477656e+00
13 10 0.000000000000e+00 -1.588241885977e-10 0.000000000000e+00 0.000000000000e+00 3.617370176826e-01 4.477803864063e+00
13 11 0.000000000000e+00 -4.703474034976e-09 0.000000000000e+00 0.000000000000e+00 -8.284857406403e-02 4.925584250469e+00
13 12 2.063666795526e-06 -4.094896410988e-08 -7.469219410722e-03 1.784909720890e-02 -4.892421434402e-01 5.373364636875e+00
13 13 6.105804438615e-04 -1.322200990962e-06 -7.064363185277e-02 3.535652038604e-01 -3.918671035197e-01 5.821145023281e+00
14 1 4.092790438441e-66 -4.472040428565e-39 1.798243188396e-33 -1.386549149410e-33 2.464919750515e-02 4.477803864063e-01
14 2 4.624646990613e-55 -1.090679057568e-30 1.517571184970e-27 1.657554788622e-28 -3.176582934067e-01 8.955607728125e-01
14 3 4.712677119423e-48 -3.344203354413e-26 2.045968032729e-25 7.307013700000e-24 -7.548760722563e-02 1.343341159219e+00
14 4 7.816570974742e-42 -8.599576094887e-23 -1.172812986101e-20 -4.473373982779e-21 3.105820695708e-01 1.791121545625e+00
14 5 7.801901168176e-37 -1.953851069088e-20 4.680516014779e-18 -1.632584688538e-18 1.311688088398e-01 2.238901932031e+00
14 6 1.149527010941e-31 -3.479947010655e-18 -1.929216152295e-15 1.221332355501e-15 -2.956047952509e-01 2.686682318438e+00
14 7 2.451944360492e-27 -1.498302848786e-16 3.703342099020e-13 -1.192246445871e-13 -1.957267996253e-01 3.134462704844e+00
14 8 1.238238890671e-22 -9.074930932550e-15 -8.960340952471e-11 -4.421533153670e-11 2.659350268470e-01 3.582243091250e+00
14 9 0.000000000000e+00 -1.782640260587e-13 0.000000000000e+00 0.000000000000e+00 2.745529056509e-01 4.030023477656e+00
14 10 0.000000000000e+00 -6.467152011134e-12 0.000000000000e+00 0.000000000000e+00 -2.051149417208e-01 4.477803864063e+00
14 11 0.000000000000e+00 -8.050117466426e-11 0.000000000000e+00 0.000000000000e+00 -3.743716249566e-01 4.925584250469e+00
14 12 0.000000000000e+00 -2.348388695948e-09 0.000000000000e+00 0.000000000000e+00 6.425238044261e-02 5.373364636875e+00
14 13 1.631149922087e-06 -1.916655393245e-08 1.329712379776e-02 -1.305661312705e-02 4.917604538460e-01 5.821145023281e+00
14 14 4.476001550971e-04 -6.425661660527e-07 1.804863061045e-01 -2.791927991034e-01 4.072934163715e-01 6.268925409688e+00
15 1 3.390948987502e-71 -3.145900277782e-42 4.899918676365e-36 -4.325598046233e-36 -3.191166130425e-01 4.477803864063e-01
15 2 4.223828986873e-60 -1.391502059036e-33 4.610361277260e-30 -1.723355735443e-31 -4.633241994233e-02 8.955607728125e-01
15 3 3.058074993596e-52 -1.915726521725e-28 1.563710670061e-26 5.677019057275e-26 3.153303999636e-01 1.343341159219e+00
15 4 2.335819362351e-46 -3.850766890361e-25 -6.861521236324e-23 -5.550297132656e-25 9.520325854921e-02 1.791121545625e+00
15 5 1.155135206221e-40 -2.713536230323e-22 4.071307306229e-20 -4.450409386966e-20 -3.064437097762e-01 2.238901932031e+00
15 6 6.027673236741e-36 -2.976007557523e-20 -5.523521538612e-18 1.558421814959e-17 -1.494721704856e-01 2.686682318438e+00
15 7 5.987931307793e-31 -3.505166063174e-18 2.289776813856e-15 -5.632162702321e-15 2.892083300895e-01 3.134462704844e+00
15 8 9.618137029879e-27 -1.141651637675e-16 -6.873429004370e-13 5.505072136338e-13 2.127123395357e-01 3.582243091250e+00
15 9 0.000000000000e+00 -5.913822887224e-15 0.000000000000e+00 0.000000000000e+00 -2.565475127547e-01 4.030023477656e+00
15 10 0.000000000000e+00 -1.020209185570e-13 0.000000000000e+00 0.000000000000e+00 -2.896377295772e-01 4.477803864063e+00
15 11 0.000000000000e+00 -3.496731994166e-12 0.000000000000e+00 0.000000000000e+00 1.917934778386e-01 4.925584250469e+00
15 12 0.000000000000e+00 -4.038963463289e-11 0.000000000000e+00 0.000000000000e+00 3.855772270002e-01 5.373364636875e+00
15 13 0.000000000000e+00 -1.167873591778e-09 0.000000000000e+00 0.000000000000e+00 -4.655940061166e-02 5.821145023281e+00
15 14 1.275688283030e-06 -8.985553746677e-09 -1.650719163351e-02 6.520175415825e-03 -4.936479493851e-01 6.268925409688e+00
15 15 3.289876821039e-04 -3.129004125139e-07 -2.493364620512e-01 1.763131746363e-01 -4.218477106698e-01 6.716705796094e+00
16 1 7.383930478993e-77 -9.242588464407e-46 6.821669552054e-39 -6.818312083507e-39 -2.157964683269e-02 4.477803864063e-01
16 2 1.168901091829e-64 -3.362563542451e-36 2.391176665905e-32 -4.155892775995e-33 3.178145347351e-01 8.955607728125e-01
16 3 5.216999469730e-57 -4.604995079808e-31 1.145559857172e-28 2.145447586291e-28 6.576799914654e-02 1.343341159219e+00
16 4 2.206770126854e-50 -3.334061064684e-27 -6.339716509026e-25 2.071298845255e-25 -3.125368295469e-01 1.791121545625e+00
16 5 4.433809655263e-45 -1.582534245446e-24 1.080051099053e-22 -3.577435280837e-22 -1.131550867904e-01 2.238901932031e+00
16 6 1.062141099233e-39 -5.077338460381e-22 5.516920873221e-20 2.124343730088e-19 3.019522363962e-01 2.686682318438e+00
16 7 3.583289760715e-35 -3.412665222915e-20 -1.786075480748e-17 -4.350871350659e-17 1.662696455352e-01 3.134462704844e+00
16 8 2.650205292049e-30 -3.005264056140e-18 1.413339466070e-15 1.454940672389e-14 -2.825718857524e-01 3.582243091250e+00
16 9 0.000000000000e+00 -7.929150857482e-17 0.000000000000e+00 0.000000000000e+00 -2.283042157341e-01 4.030023477656e+00
16 10 0.000000000000e+00 -3.650688381657e-15 0.000000000000e+00 0.000000000000e+00 2.471054653427e-01 4.477803864063e+00
16 11 0.000000000000e+00 -5.663336132247e-14 0.000000000000e+00 0.000000000000e+00 3.033723194572e-01 4.925584250469e+00
16 12 0.000000000000e+00 -1.858514431202e-12 0.000000000000e+00 0.000000000000e+00 -1.787529969591e-01 5.373364636875e+00
16 13 0.000000000000e+00 -2.010801441244e-11 0.000000000000e+00 0.000000000000e+00 -3.955550948722e-01 5.821145023281e+00
16 14 0.000000000000e+00 -5.790249951646e-10 0.000000000000e+00 0.000000000000e+00 2.970256245150e-02 6.268925409688e+00
16 15 9.892852896625e-07 -4.219062529636e-09 1.674040585795e-02 4.267276716914e-04 4.950174742522e-01 6.716705796094e+00
16 16 2.423458945068e-04 -1.525993409816e-07 2.722001431904e-01 -6.377520822123e-02 4.356208651798e-01 7.164486182500e+00
17 1 4.772927417108e-82 -5.214584270496e-49 1.631431051490e-41 -1.830705593125e-41 3.189413471369e-01 4.477803864063e-01
17 2 8.691807428036e-70 -3.376442970138e-39 6.327240642108e-35 -1.940780485684e-35 4.084839858090e-02 8.955607728125e-01
17 3 2.711689443177e-61 -2.154822267676e-33 1.122692579310e-30 1.346918169758e-30 -3.160128322445e-01 1.343341159219e+00
17 4 5.578194349756e-55 -1.202333309844e-29 -2.741063233051e-27 1.931487661036e-27 -8.343204888947e-02 1.791121545625e+00
17 5 5.427033860049e-49 -1.837460582818e-26 -4.712432065280e-25 -4.107396198814e-24 3.093719263634e-01 2.238901932031e+00
17 6 4.894514563638e-44 -3.595686818261e-24 1.061667606107e-21 1.045324937022e-21 1.296536862410e-01 2.686682318438e+00
17 7 7.246578213913e-39 -6.837546199790e-22 -5.910992115486e-19 -3.129586163605e-19 -2.971749508716e-01 3.134462704844e+00
17 8 1.774189272173e-34 -3.236093815620e-20 9.935960685398e-17 6.657879914316e-17 -1.817810857887e-01 3.582243091250e+00
17 9 0.000000000000e+00 -2.301372745009e-18 0.000000000000e+00 0.000000000000e+00 2.757539385428e-01 4.030023477656e+00
17 10 0.000000000000e+00 -5.148546471577e-17 0.000000000000e+00 0.000000000000e+00 2.426800348330e-01 4.477803864063e+00
17 11 0.000000000000e+00 -2.164123617045e-15 0.000000000000e+00 0.000000000000e+00 -2.376559454317e-01 4.925584250469e+00
17 12 0.000000000000e+00 -3.071432877561e-14 0.000000000000e+00 0.000000000000e+00 -3.159230134475e-01 5.373364636875e+00
17 13 0.000000000000e+00 -9.747003020092e-13 0.000000000000e+00 0.000000000000e+00 1.660088278361e-01 5.821145023281e+00
17 14 0.000000000000e+00 -9.950748412629e-12 0.000000000000e+00 0.000000000000e+00 4.044702285226e-01 6.268925409688e+00
17 15 0.000000000000e+00 -2.863938176039e-10 0.000000000000e+00 0.000000000000e+00 -1.362038508915e-02 6.716705796094e+00
17 16 7.619558408417e-07 -1.983910438529e-09 -1.425900019593e-02 -6.513304048093e-03 -4.959588573717e-01 7.164486182500e+00
17 17 1.788606006405e-04 -7.450715407954e-08 -2.519898593239e-01 -4.027817188235e-02 -4.486906433083e-01 7.612266568906e+00
18 1 8.442098823388e-88 -1.212607117473e-52 2.034315988045e-44 -2.548944926064e-44 1.919640928662e-02 4.477803864063e-01
18 2 1.921758782364e-74 -6.661952946868e-42 2.848197432817e-37 -1.253828346120e-37 -3.179201116729e-01 8.955607728125e-01
18 3 3.855895647017e-66 -4.167471245243e-36 5.118131355548e-33 4.186226574662e-33 -5.831155349533e-02 1.343341159219e+00
18 4 4.326058045245e-59 -8.657263480832e-32 -1.861250245535e-29 2.292567303178e-29 3.138214496353e-01 1.791121545625e+00
18 5 1.800097414184e-53 -8.813419906789e-29 -1.118905439197e-26 -2.101800909938e-26 9.965468479748e-02 2.238901932031e+00
18 6 7.251117105942e-48 -5.208218645476e-26 1.739522646760e-23 5.125516542903e-24 -3.059032429531e-01 2.686682318438e+00
18 7 3.845711158276e-43 -5.617362871636e-24 -4.822648569771e-21 6.943858933696e-22 -1.449250836778e-01 3.134462704844e+00
18 8 4.028676725209e-38 -7.381404203900e-22 1.765521073270e-18 -3.622256171074e-19 2.921655003951e-01 3.582243091250e+00
18 9 7.651097531770e-34 -2.684703021720e-20 -2.774344236763e-16 -3.326194643783e-17 1.961754598190e-01 4.030023477656e+00
18 10 0.000000000000e+00 -1.622985453258e-18 0.000000000000e+00 0.000000000000e+00 -2.688020911117e-01 4.477803864063e+00
18 11 0.000000000000e+00 -3.178547298878e-17 0.000000000000e+00 0.000000000000e+00 -2.559831740221e-01 4.925584250469e+00
18 12 0.000000000000e+00 -1.243585550295e-15 0.000000000000e+00 0.000000000000e+00 2.282356679026e-01 5.373364636875e+00
18 13 0.000000000000e+00 -1.635752341685e-14 0.000000000000e+00 0.000000000000e+00 3.274279058688e-01 5.821145023281e+00
18 14 0.000000000000e+00 -5.057979494198e-13 0.000000000000e+00 0.000000000000e+00 -1.535691457999e-01 6.268925409688e+00
18 15 0.000000000000e+00 -4.901018845155e-12 0.000000000000e+00 0.000000000000e+00 -4.124594561718e-01 6.716705796094e+00
18 16 0.000000000000e+00 -1.413864106608e-10 0.000000000000e+00 0.000000000000e+00 -1.743325561486e-03 7.164486182500e+00
18 17 5.835952978577e-07 -9.341695729009e-10 9.809255132867e-03 1.078235979679e-02 4.965443491551e-01 7.612266568906e+00
18 18 1.322203729384e-04 -3.640994495956e-08 1.980623923414e-01 1.214142068234e-01 4.611240840964e-01 8.060046955313e+00
19 1 4.372928755768e-93 -5.603289716065e-56 4.327623244678e-47 -6.030165744674e-47 -3.188176598384e-01 4.477803864063e-01
19 2 1.182963384104e-79 -5.395165048782e-45 6.682168269680e-40 -3.868031916158e-40 -3.653982886184e-02 8.955607728125e-01
19 3 1.637277169833e-70 -1.618743337637e-38 3.764474057642e-35 2.095917479772e-35 3.164824215333e-01 1.343341159219e+00
19 4 9.308865973413e-64 -2.561182184972e-34 -5.659070403684e-32 1.247459420335e-31 7.431962377308e-02 1.791121545625e+00
19 5 1.845571254674e-57 -8.642110377133e-31 -1.787877441424e-28 -1.617477459405e-28 -3.113144271699e-01 2.238901932031e+00
19 6 2.935989862402e-52 -3.088852215487e-28 1.138166703009e-25 -1.901470942506e-26 -1.146738290202e-01 2.686682318438e+00
19 7 6.609341589078e-47 -9.679234573176e-26 -4.812453663705e-23 4.200080544003e-23 3.021823373863e-01 3.134462704844e+00
19 8 2.397963246215e-42 -6.816134570486e-24 8.397663323246e-21 -1.108260131855e-20 1.591397539823e-01 3.582243091250e+00
19 9 1.925525782785e-37 -6.817056296134e-22 -3.181821701488e-18 3.086290238492e-18 -2.869677701064e-01 4.030023477656e+00
19 10 2.951194905261e-33 -2.019987591238e-20 5.911779888784e-16 -1.493563179887e-16 -2.095865369313e-01 4.477803864063e+00
19 11 0.000000000000e+00 -1.075819428127e-18 0.000000000000e+00 0.000000000000e+00 2.617553575518e-01 4.925584250469e+00
19 12 0.000000000000e+00 -1.887655864388e-17 0.000000000000e+00 0.000000000000e+00 2.683318135449e-01 5.373364636875e+00
19 13 0.000000000000e+00 -6.973779939954e-16 0.000000000000e+00 0.000000000000e+00 -2.188732415157e-01 5.821145023281e+00
19 14 0.000000000000e+00 -8.586661505361e-15 0.000000000000e+00 0.000000000000e+00 -3.380031688610e-01 6.268925409688e+00
19 15 0.000000000000e+00 -2.602419110172e-13 0.000000000000e+00 0.000000000000e+00 1.414369424723e-01 6.716705796094e+00
19 16 0.000000000000e+00 -2.404801858072e-12 0.000000000000e+00 0.000000000000e+00 4.196373651778e-01 7.164486182500e+00
19 17 0.000000000000e+00 -6.969294416802e-11 0.000000000000e+00 0.000000000000e+00 1.643985421193e-02 7.612266568906e+00
19 18 4.449239436519e-07 -4.404428301798e-10 -4.405757660015e-03 -1.273576582818e-02 -4.968325926709e-01 8.060046955313e+00
19 19 9.787874188421e-05 -1.780429537526e-08 -1.237981846981e-01 -1.708476748834e-01 -4.729793653803e-01 8.507827341719e+00
20 1 6.400760289893e-99 -1.056336387089e-59 4.876709584253e-50 -7.540294503606e-50 -1.729094722032e-02 4.477803864063e-01
20 2 2.135077990733e-84 -8.843918310762e-48 2.653843825580e-42 -1.927798233932e-42 3.179949334651e-01 8.955607728125e-01
20 3 1.963513760071e-75 -2.569380551585e-41 1.406064928994e-37 4.992951440315e-38 5.239964570068e-02 1.343341159219e+00
20 4 6.015328753110e-68 -1.553433544869e-36 -2.047274753463e-34 1.081946345940e-33 -3.147141282501e-01 1.791121545625e+00
20 5 5.306698355092e-62 -3.459049573218e-33 -1.184060166370e-30 -5.190168509406e-31 -8.912445380310e-02 2.238901932031e+00
20 6 3.702119496742e-56 -3.828566052278e-30 1.081593118181e-27 -7.135850673627e-28 3.085452630886e-01 2.686682318438e+00
20 7 3.119687521370e-51 -6.764534405246e-28 -1.397547051558e-25 4.159943284600e-25 1.286668046232e-01 3.134462704844e+00
20 8 4.651623048841e-46 -1.351671145598e-25 -1.761098839517e-24 -1.936552556088e-22 -2.982503533723e-01 3.582243091250e+00
20 9 1.263880784033e-41 -6.916064898999e-24 2.997996727951e-22 3.591165606666e-20 -1.724302324065e-01 4.030023477656e+00
20 10 8.172346980202e-37 -5.615319154860e-22 3.375893062543e-18 -9.568728460068e-18 2.816182440664e-01 4.477803864063e+00
20 11 0.000000000000e+00 -1.412022508237e-20 0.000000000000e+00 0.000000000000e+00 2.221228293897e-01 4.925584250469e+00
20 12 0.000000000000e+00 -6.798567536618e-19 0.000000000000e+00 0.000000000000e+00 -2.546458563258e-01 5.373364636875e+00
20 13 0.000000000000e+00 -1.087383224289e-17 0.000000000000e+00 0.000000000000e+00 -2.798250164684e-01 5.821145023281e+00
20 14 0.000000000000e+00 -3.835237569441e-16 0.000000000000e+00 0.000000000000e+00 2.095908857618e-01 6.268925409688e+00
20 15 0.000000000000e+00 -4.455264385606e-15 0.000000000000e+00 0.000000000000e+00 3.477476072662e-01 6.716705796094e+00
20 16 0.000000000000e+00 -1.329690242275e-13 0.000000000000e+00 0.000000000000e+00 -1.296114627697e-01 7.164486182500e+00
20 17 0.000000000000e+00 -1.176397231076e-12 0.000000000000e+00 0.000000000000e+00 -4.261007398454e-01 7.612266568906e+00
20 18 0.000000000000e+00 -3.431060047973e-11 0.000000000000e+00 0.000000000000e+00 -3.051597888586e-02 8.060046955313e+00
20 19 3.379055701484e-07 -2.079109676121e-10 -9.034117653188e-04 1.236374336404e-02 4.968715726377e-01 8.507827341719e+00
20 20 7.254415129135e-05 -8.710427894829e-09 4.381076390603e-02 1.861122581978e-01 4.843072769988e-01 8.955607728125e+00
21 1 2.715125695377e-104 -4.068502503673e-63 9.321866799194e-53 -1.597375814989e-52 3.187271031600e-01 4.477803864063e-01
21 2 1.104160774623e-89 -5.893839878792e-51 5.577420707168e-45 -4.953213507538e-45 3.306206326297e-02 8.955607728125e-01
21 3 6.927426541658e-80 -8.403550749905e-44 8.712527406207e-40 1.624171415574e-40 -3.168200391366e-01 1.343341159219e+00
21 4 1.110589852255e-72 -3.831512803858e-39 1.766333380438e-37 4.728125539837e-36 -6.704157742702e-02 1.791121545625e+00
21 5 4.611204802160e-66 -2.894164958538e-35 -1.197527950859e-32 -1.351067926702e-33 3.126745123767e-01 2.238901932031e+00
21 6 1.319303777215e-60 -1.923302366329e-32 4.359651421545e-30 -6.389735281261e-30 1.029126569584e-01 2.686682318438e+00
21 7 4.618854235705e-55 -1.008759145287e-29 8.775307359030e-28 5.267140664712e-27 -3.055548581955e-01 3.134462704844e+00
21 8 2.482339177088e-50 -1.076397702768e-27 -8.162468275410e-25 -1.155517371339e-24 -1.417696788062e-01 3.582243091250e+00
21 9 2.717901559160e-45 -1.540875187212e-25 3.582523066721e-22 3.860125017067e-22 2.941411284261e-01 4.030023477656e+00
21 10 5.852212006560e-41 -6.153288467087e-24 -4.542191755744e-20 -7.286706163024e-20 1.849022431373e-01 4.477803864063e+00
21 11 0.000000000000e+00 -4.242555339461e-22 0.000000000000e+00 0.000000000000e+00 -2.761475713656e-01 4.925584250469e+00
21 12 0.000000000000e+00 -9.325046820833e-21 0.000000000000e+00 0.000000000000e+00 -2.338741464250e-01 5.373364636875e+00
21 13 0.000000000000e+00 -4.137679070328e-19 0.000000000000e+00 0.000000000000e+00 2.475001083197e-01 5.821145023281e+00
21 14 0.000000000000e+00 -6.113141473443e-18 0.000000000000e+00 0.000000000000e+00 2.905469709650e-01 6.268925409688e+00
21 15 0.000000000000e+00 -2.076093322892e-16 0.000000000000e+00 0.000000000000e+00 -2.004057580095e-01 6.716705796094e+00
21 16 0.000000000000e+00 -2.289752418497e-15 0.000000000000e+00 0.000000000000e+00 -3.567460320024e-01 7.164486182500e+00
21 17 0.000000000000e+00 -6.754940469772e-14 0.000000000000e+00 0.000000000000e+00 1.180892604419e-01 7.612266568906e+00
21 18 0.000000000000e+00 -5.740610340786e-13 0.000000000000e+00 0.000000000000e+00 4.319319433810e-01 8.060046955313e+00
21 19 0.000000000000e+00 -1.687406492394e-11 0.000000000000e+00 0.000000000000e+00 4.401437112588e-02 8.507827341719e+00
21 20 2.558072710445e-07 -9.825507610962e-11 5.239840297236e-03 -1.007238634141e-02 -4.967008372301e-01 8.955607728125e+00
21 21 5.382339637961e-05 -4.262923103931e-09 2.865101061353e-02 -1.705358000256e-01 -4.951523999026e-01 9.403388114531e+00
22 1 3.341082800238e-110 -6.341045262171e-67 9.557884312677e-56 -1.815391414073e-55 1.573186925115e-02 4.477803864063e-01
22 2 1.656224335129e-94 -8.147060550579e-54 1.973124578582e-47 -2.110210053886e-47 -3.180499573810e-01 8.955607728125e-01
22 3 7.085415992541e-85 -1.113255641477e-46 2.832561792321e-42 1.016632442147e-43 -4.759177933603e-02 1.343341159219e+00
22 4 6.060011761958e-77 -1.980789284662e-41 8.592668522794e-39 3.387763452810e-38 3.153612092062e-01 1.791121545625e+00
22 5 1.155188009626e-70 -9.794350937078e-38 -5.944808534684e-35 1.021078574217e-35 8.066224132665e-02 2.238901932031e+00
22 6 1.430168609359e-64 -2.057169549838e-34 1.880889607095e-32 -7.831070141714e-32 -3.104069352931e-01 2.686682318438e+00
22 7 1.942384439730e-59 -6.050685862832e-32 2.013778290573e-29 2.816967673404e-29 -1.158263223375e-01 3.134462704844e+00
22 8 4.183274107459e-54 -1.865412689695e-29 -1.694987692736e-26 -7.070634557577e-27 3.023758539723e-01 3.582243091250e+00
22 9 1.606015826966e-49 -1.364445112554e-27 4.008416100629e-24 5.668448504675e-25 1.540895441282e-01 4.030023477656e+00
22 10 1.378777808374e-44 -1.512665448128e-25 -1.293657746541e-21 -2.519275876498e-22 -2.898830594666e-01 4.477803864063e+00
22 11 2.439785029409e-40 -4.956367637717e-24 1.634095018223e-19 1.024163670137e-19 -1.966419847573e-01 4.925584250469e+00
22 12 0.000000000000e+00 -2.998004155521e-22 0.000000000000e+00 0.000000000000e+00 2.705816805896e-01 5.373364636875e+00
22 13 0.000000000000e+00 -5.888398733042e-21 0.000000000000e+00 0.000000000000e+00 2.449160661656e-01 5.821145023281e+00
22 14 0.000000000000e+00 -2.443422363345e-19 0.000000000000e+00 0.000000000000e+00 -2.403400540339e-01 6.268925409688e+00
22 15 0.000000000000e+00 0.000000000000e+00 0.000000000000e+00 0.000000000000e+00 -3.005700436384e-01 6.716705796094e+00
22 16 0.000000000000e+00 -1.109311587784e-16 0.000000000000e+00 0.000000000000e+00 1.913309871203e-01 7.164486182500e+00
22 17 0.000000000000e+00 -1.167576469656e-15 0.000000000000e+00 0.000000000000e+00 3.650718169289e-01 7.612266568906e+00
22 18 0.000000000000e+00 -3.415089614403e-14 0.000000000000e+00 0.000000000000e+00 -1.068649778767e-01 8.060046955313e+00
22 19 0.000000000000e+00 -2.795670041021e-13 0.000000000000e+00 0.000000000000e+00 -4.372015358163e-01 8.507827341719e+00
22 20 0.000000000000e+00 -8.291556368780e-12 0.000000000000e+00 0.000000000000e+00 -5.697397820393e-02 8.955607728125e+00
22 21 1.931260716968e-07 -4.648257703114e-11 -8.030452106400e-03 6.542882639691e-03 4.963531936254e-01 9.403388114531e+00
22 22 3.997013832891e-05 -2.086818608820e-09 -8.367193282085e-02 1.317990858429e-01 5.055540599030e-01 9.851168500938e+00
23 1 1.181525243716e-115 -2.066016439652e-70 1.653993342418e-58 -3.485605959145e-58 -3.186588059223e-01 4.477803864063e-01
23 2 7.289535942740e-100 -4.543572559814e-57 3.733091967342e-50 -4.774742325552e-50 -3.019411301650e-02 8.955607728125e-01
23 3 2.107603400016e-89 -3.104671783811e-49 1.537400194377e-44 -1.615231956846e-45 3.170712525316e-01 1.343341159219e+00
23 4 9.678523472385e-82 -4.130644765691e-44 6.050158479275e-41 1.258917857211e-40 6.108642321034e-02 1.791121545625e+00
23 5 8.598540129633e-75 -7.061292995514e-40 -4.717471645698e-37 2.197063297435e-37 -3.136666810338e-01 2.238901932031e+00
23 6 4.499966981887e-69 -8.847726391769e-37 -4.743525608083e-35 -4.492660078915e-34 -9.341082249004e-02 2.686682318438e+00
23 7 2.501143650148e-63 -7.863512126948e-34 3.400786854071e-31 1.968389477644e-31 3.079447002588e-01 3.134462704844e+00
23 8 2.007701980885e-58 -1.289899380662e-31 -1.262066746513e-28 1.611605535785e-29 1.279762745750e-01 3.582243091250e+00
23 9 3.015461099610e-53 -2.679113281827e-29 4.891351634953e-26 -2.616521583873e-26 -2.990351327839e-01 4.030023477656e+00
23 10 8.893277597719e-49 -1.462288320646e-27 -8.937157007106e-24 5.671587300283e-24 -1.657125708124e-01 4.477803864063e+00
23 11 6.250226416721e-44 -1.325786424945e-25 2.908675812535e-21 -1.033136928026e-21 2.855003056383e-01 4.925584250469e+00
23 12 0.000000000000e+00 -3.695979133901e-24 0.000000000000e+00 0.000000000000e+00 2.077210527226e-01 5.373364636875e+00
23 13 0.000000000000e+00 -2.009482795843e-22 0.000000000000e+00 0.000000000000e+00 -2.649426148347e-01 5.821145023281e+00
23 14 0.000000000000e+00 -3.586946491914e-21 0.000000000000e+00 0.000000000000e+00 -2.553130812605e-01 6.268925409688e+00
23 15 0.000000000000e+00 -1.407926065429e-19 0.000000000000e+00 0.000000000000e+00 2.331838624058e-01 6.716705796094e+00
23 16 0.000000000000e+00 -1.827189802280e-18 0.000000000000e+00 0.000000000000e+00 3.099570369043e-01 7.164486182500e+00
23 17 0.000000000000e+00 -5.863568649931e-17 0.000000000000e+00 0.000000000000e+00 -1.823764839907e-01 7.612266568906e+00
23 18 0.000000000000e+00 -5.914623816337e-16 0.000000000000e+00 0.000000000000e+00 -3.727888751305e-01 8.060046955313e+00
23 19 0.000000000000e+00 -1.719568931232e-14 0.000000000000e+00 0.000000000000e+00 9.593192482636e-02 8.507827341719e+00
23 20 0.000000000000e+00 -1.359226634958e-13 0.000000000000e+00 0.000000000000e+00 4.419703281999e-01 8.955607728125e+00
23 21 0.000000000000e+00 -4.071318152531e-12 0.000000000000e+00 0.000000000000e+00 6.943037944011e-02 9.403388114531e+00
23 22 0.000000000000e+00 -2.201167574533e-11 0.000000000000e+00 0.000000000000e+00 -4.958560168730e-01 9.851168500938e+00
23 23 2.970615311379e-05 -1.021729943512e-09 1.157622008548e-01 -7.997932293775e-02 -5.155471062728e-01 1.029894888734e+01
24 1 1.238847929413e-121 -2.705854479168e-74 1.550504743576e-61 -3.633626711630e-61 -1.443213337478e-02 4.477803864063e-01
24 2 9.225866995883e-105 -5.364521158199e-60 1.180791058304e-52 -1.804140039554e-52 3.180916381243e-01 8.955607728125e-01
24 3 1.857462346141e-94 -3.482123372152e-52 4.459431894019e-47 -1.083583887521e-47 4.360192003523e-02 1.343341159219e+00
24 4 4.512584963762e-86 -1.839561995035e-46 5.672720066506e-43 7.666894984932e-43 -3.158460669723e-01 1.791121545625e+00
24 5 1.887687226988e-79 -2.044248446173e-42 -1.884970982570e-39 1.546696574032e-39 -7.370247744495e-02 2.238901932031e+00
24 6 4.230940025472e-73 -8.233777707664e-39 -1.810292882336e-36 -3.988948288219e-36 3.117722202842e-01 2.686682318438e+00
24 7 9.392323162150e-68 -4.083525340707e-36 2.389091213680e-33 3.004249843140e-34 1.054030878754e-01 3.134462704844e+00
24 8 2.969420168904e-62 -1.965035426508e-33 -1.263845245519e-30 8.926935838087e-31 -3.053144154906e-01 3.582243091250e+00
24 9 1.613309579339e-57 -2.081425938432e-31 1.912820940462e-28 -3.578303848224e-28 -1.394508193526e-01 4.030023477656e+00
24 10 1.832922418884e-52 -3.191338324890e-29 -4.534477786538e-26 1.450360448797e-25 2.955553393365e-01 4.477803864063e+00
24 11 4.357799035373e-48 -1.379436800178e-27 9.964009920189e-24 -2.377006384374e-23 1.767094403012e-01 4.925584250469e+00
24 12 0.000000000000e+00 -1.064004253446e-25 0.000000000000e+00 0.000000000000e+00 -2.810136155393e-01 5.373364636875e+00
24 13 0.000000000000e+00 -2.592964574968e-24 0.000000000000e+00 0.000000000000e+00 -2.181998606270e-01 5.821145023281e+00
24 14 0.000000000000e+00 -1.290869640472e-22 0.000000000000e+00 0.000000000000e+00 2.592491804353e-01 6.268925409688e+00
24 15 0.000000000000e+00 -2.121921920939e-21 0.000000000000e+00 0.000000000000e+00 2.651208722429e-01 6.716705796094e+00
24 16 0.000000000000e+00 -7.950058951602e-20 0.000000000000e+00 0.000000000000e+00 -2.260465808192e-01 7.164486182500e+00
24 17 0.000000000000e+00 -9.775331461192e-19 0.000000000000e+00 0.000000000000e+00 -3.187628970951e-01 7.612266568906e+00
24 18 0.000000000000e+00 -3.071296346631e-17 0.000000000000e+00 0.000000000000e+00 1.735495811479e-01 8.060046955313e+00
24 19 0.000000000000e+00 -2.979633951634e-16 0.000000000000e+00 0.000000000000e+00 3.799532122490e-01 8.507827341719e+00
24 20 0.000000000000e+00 -8.628540942128e-15 0.000000000000e+00 0.000000000000e+00 -8.528250930507e-02 8.955607728125e+00
24 21 0.000000000000e+00 -6.599328562979e-14 0.000000000000e+00 0.000000000000e+00 -4.462910137193e-01 9.403388114531e+00
24 22 0.000000000000e+00 -1.997849525004e-12 0.000000000000e+00 0.000000000000e+00 -8.141611330618e-02 9.851168500938e+00
24 23 0.000000000000e+00 -1.043316434077e-11 0.000000000000e+00 0.000000000000e+00 4.952322707694e-01 1.029894888734e+01
24 24 2.209331694242e-05 -5.003050138445e-10 -1.240229875070e-01 2.550508116975e-02 5.251625525879e-01 1.074672927375e+01
25 1 3.707442145572e-127 -7.552842934877e-78 2.441432574797e-64 -6.383311553489e-64 3.186060206463e-01 4.477803864063e-01
25 2 3.495184046155e-110 -2.539435953452e-63 2.009099368657e-55 -3.684669834531e-55 2.778745646054e-02 8.955607728125e-01
25 3 4.717573820233e-99 -8.372296476675e-55 2.159895318349e-49 -8.269432899824e-50 -3.172634167247e-01 1.343341159219e+00
25 4 6.284146749473e-91 -3.283120255759e-49 2.594271283359e-45 2.436561181805e-45 -5.611874846985e-02 1.791121545625e+00
25 5 1.215262563382e-83 -1.281449343482e-44 -1.177253390830e-41 1.562567731892e-41 3.144141888864e-01 2.238901932031e+00
25 6 1.180190572038e-77 -3.061681875979e-41 -1.541786804034e-38 -1.724961350462e-38 8.556112165892e-02 2.686682318438e+00
25 7 1.060115558718e-71 -4.657200009173e-38 2.477963809908e-35 -6.355599578165e-36 -3.097054797592e-01 3.134462704844e+00
25 8 1.284512489777e-66 -1.188221114384e-35 -4.856394281405e-33 8.943382071630e-33 -1.167307028133e-01 3.582243091250e+00
25 9 2.676365805216e-61 -3.619966584355e-33 -3.104303462964e-31 -5.216782040440e-30 3.025380047804e-01 4.030023477656e+00
25 10 1.074971160910e-56 -2.731956408324e-31 4.010332500459e-28 1.092450086158e-27 1.503216657004e-01 4.477803864063e+00
25 11 9.756823222892e-52 -3.296772252867e-29 -1.413886136108e-25 -3.588050327967e-25 -2.919558580921e-01 4.925584250469e+00
25 12 1.932271899367e-47 -1.178284401341e-27 7.305290923063e-24 5.875421818644e-23 -1.871391079058e-01 5.373364636875e+00
25 13 0.000000000000e+00 -7.963147387337e-26 0.000000000000e+00 0.000000000000e+00 2.764409280833e-01 5.821145023281e+00
25 14 0.000000000000e+00 -1.731942615817e-24 0.000000000000e+00 0.000000000000e+00 2.281300794610e-01 6.268925409688e+00
25 15 0.000000000000e+00 -8.009777861907e-23 0.000000000000e+00 0.000000000000e+00 -2.535174638987e-01 6.716705796094e+00
25 16 0.000000000000e+00 -1.225274069247e-21 0.000000000000e+00 0.000000000000e+00 -2.743879904176e-01 7.164486182500e+00
25 17 0.000000000000e+00 0.000000000000e+00 0.000000000000e+00 0.000000000000e+00 2.189406617481e-01 7.612266568906e+00
25 18 0.000000000000e+00 -5.170549861261e-19 0.000000000000e+00 0.000000000000e+00 3.270360333296e-01 8.060046955313e+00
25 19 0.000000000000e+00 -1.596364096260e-17 0.000000000000e+00 0.000000000000e+00 -1.648555403787e-01 8.507827341719e+00
25 20 0.000000000000e+00 -1.494014758838e-16 0.000000000000e+00 0.000000000000e+00 -3.866141651082e-01 8.955607728125e+00
25 21 0.000000000000e+00 -4.316876199773e-15 0.000000000000e+00 0.000000000000e+00 7.490855899873e-02 9.403388114531e+00
25 22 0.000000000000e+00 -3.200440221245e-14 0.000000000000e+00 0.000000000000e+00 4.502094765701e-01 9.851168500938e+00
25 23 0.000000000000e+00 -9.798428127916e-13 0.000000000000e+00 0.000000000000e+00 9.296097470254e-02 1.029894888734e+01
25 24 0.000000000000e+00 -4.949409820419e-12 0.000000000000e+00 0.000000000000e+00 -4.945013116094e-01 1.074672927375e+01
25 25 1.644149867715e-05 -2.449961568842e-10 1.115115081946e-01 2.260661224275e-02 -5.344281080820e-01 1.119450966016e+01
26 1 3.350853916099e-133 -8.427525993923e-82 2.098158121374e-67 -6.149195598795e-67 1.333172332260e-02 4.477803864063e-01
26 2 3.781033187859e-115 -2.589586050505e-66 5.658403654664e-58 -1.259047168399e-57 -3.181239872611e-01 8.955607728125e-01
26 3 3.615938921631e-104 -8.048456898240e-58 5.657868824884e-52 -2.997924600181e-52 -4.023578459743e-02 1.343341159219e+00
26 4 2.529952065872e-95 -1.271567684527e-51 1.885276069226e-47 1.243143814617e-47 3.162192157857e-01 1.791121545625e+00
26 5 2.352056936042e-88 -3.206676546909e-47 -3.505007456101e-44 7.860940689996e-44 6.787119226215e-02 2.238901932031e+00
26 6 9.701526566919e-82 -2.498162493900e-43 -1.783768901851e-40 -1.103706272411e-40 -3.128055294159e-01 2.686682318438e+00
26 7 3.565230450766e-76 -2.111055654660e-40 1.218729829606e-37 -8.459101914370e-38 -9.675798373879e-02 3.134462704844e+00
26 8 1.679951299305e-70 -1.600690511019e-37 -7.657785772107e-36 1.161318096126e-34 3.074886111773e-01 3.582243091250e+00
26 9 1.300237407654e-65 -2.481568142103e-35 -1.985697945729e-32 -3.053748001872e-32 1.274675782218e-01 4.030023477656e+00
26 10 1.966283384427e-60 -5.316541069736e-33 1.293247615993e-29 8.970408667595e-30 -2.996339599834e-01 4.477803864063e+00
26 11 6.197143399001e-56 -3.063055404312e-31 -2.733472944366e-27 -1.405337493027e-27 -1.606480330439e-01 4.925584250469e+00
26 12 4.665957951944e-51 -3.047689367466e-29 7.564469890172e-25 5.236996789077e-25 2.882534749112e-01 5.373364636875e+00
26 13 0.000000000000e+00 -9.301851398276e-28 0.000000000000e+00 0.000000000000e+00 1.970514703569e-01 5.821145023281e+00
26 14 0.000000000000e+00 -5.633439016032e-26 0.000000000000e+00 0.000000000000e+00 -2.717978285772e-01 6.268925409688e+00
26 15 0.000000000000e+00 -1.111336967409e-24 0.000000000000e+00 0.000000000000e+00 -2.375564171547e-01 6.716705796094e+00
26 16 0.000000000000e+00 -4.829565818321e-23 0.000000000000e+00 0.000000000000e+00 2.477612511619e-01 7.164486182500e+00
26 17 0.000000000000e+00 -6.933794837245e-22 0.000000000000e+00 0.000000000000e+00 2.831571306055e-01 7.612266568906e+00
26 18 0.000000000000e+00 -2.416193694163e-20 0.000000000000e+00 0.000000000000e+00 -2.118763923441e-01 8.060046955313e+00
26 19 0.000000000000e+00 -2.708628813388e-19 0.000000000000e+00 0.000000000000e+00 -3.348193539283e-01 8.507827341719e+00
26 20 0.000000000000e+00 -8.242853060271e-18 0.000000000000e+00 0.000000000000e+00 1.562979577545e-01 8.955607728125e+00
26 21 0.000000000000e+00 -7.461021124721e-17 0.000000000000e+00 0.000000000000e+00 3.928154018331e-01 9.403388114531e+00
26 22 0.000000000000e+00 -2.154230109960e-15 0.000000000000e+00 0.000000000000e+00 -6.480156104874e-02 9.851168500938e+00
26 23 0.000000000000e+00 -1.550613382045e-14 0.000000000000e+00 0.000000000000e+00 -4.537658521292e-01 1.029894888734e+01
26 24 0.000000000000e+00 -4.803371462292e-13 0.000000000000e+00 0.000000000000e+00 -1.040922833458e-01 1.074672927375e+01
26 25 0.000000000000e+00 -2.349859221125e-12 0.000000000000e+00 0.000000000000e+00 4.936795264295e-01 1.119450966016e+01
26 26 1.224214605980e-05 -1.199755037380e-10 -8.405244422424e-02 -5.797502421769e-02 5.433686211748e-01 1.164229004656e+01
27 1 8.594829509536e-139 -2.037407037532e-85 3.013355134895e-70 -9.959891916009e-70 -3.185643778389e-01 4.477803864063e-01
27 2 1.245314594058e-120 -1.053228945163e-69 8.558590012019e-61 -2.354361066716e-60 -2.573844063852e-02 8.955607728125e-01
27 3 7.928179910729e-109 -1.684667288667e-60 2.468517280234e-54 -1.701683056484e-54 3.174138001329e-01 1.343341159219e+00
27 4 3.094974909660e-100 -1.963032514694e-54 7.213611230399e-50 3.217112018238e-50 5.190883988302e-02 1.791121545625e+00
27 5 1.321100982446e-92 -1.762171018898e-49 -1.306880970242e-46 6.316719261781e-46 -3.149922404700e-01 2.238901932031e+00
27 6 2.409862277111e-86 -8.102605137791e-46 -1.004462624122e-42 -2.898551223813e-43 -7.895903566958e-02 2.686682318438e+00
27 7 3.551695956175e-80 -2.126920735980e-42 8.688977936289e-40 -1.198969574935e-39 3.110433982412e-01 3.134462704844e+00
27 8 6.565304786587e-75 -8.522190372914e-40 2.442168269114e-37 6.853543029071e-37 1.073698308855e-01 3.582243091250e+00
27 9 1.920879526786e-69 -3.842553844493e-37 -3.870132743088e-34 -2.150310733002e-34 -3.051398819341e-01 4.030023477656e+00
27 10 1.053078680622e-64 -4.048632585879e-35 1.151279000853e-31 3.536722412478e-33 -1.376742913607e-01 4.477803864063e+00
27 11 1.234368512202e-59 -6.566441645623e-33 -4.251754245222e-29 8.597353608473e-30 2.966181541314e-01 4.925584250469e+00
27 12 3.181710096516e-55 -3.036667767054e-31 7.474499925432e-27 -1.361158248064e-27 1.704795617371e-01 5.373364636875e+00
27 13 2.040481865936e-50 -2.579296896065e-29 -2.074731636599e-24 -1.997124267481e-25 -2.844628472982e-01 5.821145023281e+00
27 14 0.000000000000e+00 -6.890602113563e-28 0.000000000000e+00 0.000000000000e+00 -2.064892978461e-01 6.268925409688e+00
27 15 0.000000000000e+00 -3.805898973774e-26 0.000000000000e+00 0.000000000000e+00 2.670979067743e-01 6.716705796094e+00
27 16 0.000000000000e+00 -6.898271835375e-25 0.000000000000e+00 0.000000000000e+00 2.465179441769e-01 7.164486182500e+00
27 17 0.000000000000e+00 -2.843053828102e-23 0.000000000000e+00 0.000000000000e+00 -2.419923720222e-01 7.612266568906e+00
27 18 0.000000000000e+00 0.000000000000e+00 0.000000000000e+00 0.000000000000e+00 -2.914661122455e-01 8.060046955313e+00
27 19 0.000000000000e+00 -1.306475128874e-20 0.000000000000e+00 0.000000000000e+00 2.048622468811e-01 8.507827341719e+00
27 20 0.000000000000e+00 -1.407269295889e-19 0.000000000000e+00 0.000000000000e+00 3.421510935110e-01 8.955607728125e+00
27 21 0.000000000000e+00 -4.232090754114e-18 0.000000000000e+00 0.000000000000e+00 -1.478790883523e-01 9.403388114531e+00
27 22 0.000000000000e+00 -3.713094193286e-17 0.000000000000e+00 0.000000000000e+00 -3.985957382822e-01 9.851168500938e+00
27 23 0.000000000000e+00 -1.072631181138e-15 0.000000000000e+00 0.000000000000e+00 5.495284063294e-02 1.029894888734e+01
27 24 0.000000000000e+00 -7.506686685972e-15 0.000000000000e+00 0.000000000000e+00 4.569953929519e-01 1.074672927375e+01
27 25 0.000000000000e+00 -2.353731570155e-13 0.000000000000e+00 0.000000000000e+00 1.148351250322e-01 1.119450966016e+01
27 26 0.000000000000e+00 -1.116500259606e-12 0.000000000000e+00 0.000000000000e+00 -4.927808438152e-01 1.164229004656e+01
27 27 9.119648305892e-06 -5.875186183109e-11 4.879409426854e-02 7.742564463750e-02 -5.520064519653e-01 1.209007043297e+01
28 1 6.763834726867e-145 -1.959722985992e-89 2.373762588977e-73 -8.920632766538e-73 -1.238788066954e-02 4.477803864063e-01
28 2 1.164373563629e-125 -9.366842767027e-73 2.101586222805e-63 -7.366110417789e-63 3.181496084861e-01 8.955607728125e-01
28 3 5.329423135385e-114 -1.402993576475e-63 5.869330609078e-57 -5.096880632043e-57 3.735654937139e-02 1.343341159219e+00
28 4 1.085959585201e-104 -6.668461265527e-57 4.517520539455e-52 1.217333834245e-52 -3.165127971704e-01 1.791121545625e+00
28 5 2.267477541744e-97 -3.846862805106e-52 4.592217154695e-51 2.672365532166e-48 -6.291049175692e-02 2.238901932031e+00
28 6 1.744653039478e-90 -5.838138658460e-48 -8.893366931057e-45 -1.856211150345e-46 3.136077913494e-01 2.686682318438e+00
28 7 1.073306003167e-84 -8.479355251085e-45 2.458238562472e-42 -7.759751202367e-42 8.946220417639e-02 3.134462704844e+00
28 8 7.640390553447e-79 -1.021087987647e-41 5.228430069233e-39 5.853805605278e-39 -3.091465414765e-01 3.582243091250e+00
28 9 8.493002502566e-74 -2.337600949446e-39 -2.940758589739e-36 -1.367077466931e-37 -1.174592568355e-01 4.030023477656e+00
28 10 1.724716748202e-68 -7.057507571837e-37 1.285173490725e-33 -7.219205482342e-34 3.026747086921e-01 4.477803864063e+00
28 11 7.187871988904e-64 -5.467292165494e-35 -2.225037342962e-31 2.450777608732e-31 1.474012272542e-01 4.925584250469e+00
28 12 6.838413417429e-59 -7.082559272928e-33 6.783356962274e-29 -8.834305058759e-29 -2.935043915430e-01 5.373364636875e+00
28 13 1.484482171839e-54 -2.729551374587e-31 -1.295734192268e-26 1.217246321346e-26 -1.798584168597e-01 5.821145023281e+00
28 14 0.000000000000e+00 -2.032484937243e-29 0.000000000000e+00 0.000000000000e+00 2.805968532916e-01 6.268925409688e+00
28 15 0.000000000000e+00 -4.845233537169e-28 0.000000000000e+00 0.000000000000e+00 2.154896610192e-01 6.716705796094e+00
28 16 0.000000000000e+00 -2.474942260792e-26 0.000000000000e+00 0.000000000000e+00 -2.623530452356e-01 7.164486182500e+00
28 17 0.000000000000e+00 -4.164572563628e-25 0.000000000000e+00 0.000000000000e+00 -2.550490998249e-01 7.612266568906e+00
28 18 0.000000000000e+00 -1.640096282526e-23 0.000000000000e+00 0.000000000000e+00 2.362209858197e-01 8.060046955313e+00
28 19 0.000000000000e+00 0.000000000000e+00 0.000000000000e+00 0.000000000000e+00 2.993486486777e-01 8.507827341719e+00
28 20 0.000000000000e+00 -6.992128538431e-21 0.000000000000e+00 0.000000000000e+00 -1.979051773955e-01 8.955607728125e+00
28 21 0.000000000000e+00 -7.259671669598e-20 0.000000000000e+00 0.000000000000e+00 -3.490654820362e-01 9.403388114531e+00
28 22 0.000000000000e+00 -2.162177979230e-18 0.000000000000e+00 0.000000000000e+00 1.396001077331e-01 9.851168500938e+00
28 23 0.000000000000e+00 -1.842339571162e-17 0.000000000000e+00 0.000000000000e+00 4.039898109982e-01 1.029894888734e+01
28 24 0.000000000000e+00 -5.330478030814e-16 0.000000000000e+00 0.000000000000e+00 -4.535369343065e-02 1.074672927375e+01
28 25 0.000000000000e+00 -3.631613952577e-15 0.000000000000e+00 0.000000000000e+00 -4.599291815679e-01 1.119450966016e+01
28 26 0.000000000000e+00 -1.152946899575e-13 0.000000000000e+00 0.000000000000e+00 -1.252125679307e-01 1.164229004656e+01
28 27 0.000000000000e+00 -5.308665706919e-13 0.000000000000e+00 0.000000000000e+00 4.918171456808e-01 1.209007043297e+01
28 28 6.796500654423e-06 -2.876972480415e-11 -1.280363772657e-02 -8.092580673098e-02 5.603617868393e-01 1.253785081938e+01
29 1 1.503314134068e-150 -4.142572011932e-93 3.105157222736e-76 -1.340705694048e-75 3.185309460557e-01 4.477803864063e-01
29 2 3.363441149112e-131 -3.307756747497e-76 2.711818078248e-66 -1.273341458059e-65 2.397245253126e-02 8.955607728125e-01
29 3 1.018528973769e-118 -2.578649596983e-66 2.313127581936e-59 -2.489568101674e-59 -3.175337592260e-01 1.343341159219e+00
29 4 1.175122031219e-109 -8.988598971978e-60 1.529185118245e-54 1.740938190667e-55 -4.829376695542e-02 1.791121545625e+00
29 5 1.119932168567e-101 -1.867051940484e-54 3.702368144112e-51 1.841254811085e-50 3.154489753198e-01 2.238901932031e+00
29 6 3.876967425297e-95 -1.664894091073e-50 -4.085219980059e-47 9.457539744047e-48 7.332388888020e-02 2.686682318438e+00
29 7 9.496213710338e-89 -7.594170532358e-47 1.371401087836e-46 -7.656452360263e-44 -3.120857538625e-01 3.134462704844e+00
29 8 2.704521113820e-83 -4.817531161398e-44 4.154669846103e-41 2.131885702366e-41 -9.944566497723e-02 3.582243091250e+00
29 9 1.124143964237e-77 -3.239011969709e-41 -3.132436453211e-38 1.288121071276e-38 3.071304437260e-01 4.030023477656e+00
29 10 8.457306365413e-73 -4.803570688727e-39 5.358115456503e-36 -8.822573594337e-36 1.270780275957e-01 4.477803864063e+00
29 11 1.286925337915e-67 -1.055590862950e-36 -6.153394306797e-34 4.386238263976e-33 -3.001063399438e-01 4.925584250469e+00
29 12 4.285115021650e-63 -6.366573203475e-35 -3.294723386774e-32 -8.810773924844e-31 -1.566908523568e-01 5.373364636875e+00
29 13 3.419978880657e-58 -6.856942214593e-33 -5.358601970104e-30 2.697891107586e-28 2.903047951905e-01 5.821145023281e+00
29 14 6.385513253642e-54 -2.266444101142e-31 1.236088648825e-26 -3.773532851858e-26 1.888208367971e-01 6.268925409688e+00
29 15 0.000000000000e+00 -1.510520198084e-29 0.000000000000e+00 0.000000000000e+00 -2.766668599744e-01 6.716705796094e+00
29 16 0.000000000000e+00 -3.262899796334e-28 0.000000000000e+00 0.000000000000e+00 -2.240850040148e-01 7.164486182500e+00
29 17 0.000000000000e+00 -1.558779237951e-26 0.000000000000e+00 0.000000000000e+00 2.575736560142e-01 7.612266568906e+00
29 18 0.000000000000e+00 -2.455865926527e-25 0.000000000000e+00 0.000000000000e+00 2.631804693532e-01 8.060046955313e+00
29 19 0.000000000000e+00 -9.301537379844e-24 0.000000000000e+00 0.000000000000e+00 -2.304558201676e-01 8.507827341719e+00
29 20 0.000000000000e+00 0.000000000000e+00 0.000000000000e+00 0.000000000000e+00 -3.068349595973e-01 8.955607728125e+00
29 21 0.000000000000e+00 -3.708665396962e-21 0.000000000000e+00 0.000000000000e+00 1.910108544663e-01 9.403388114531e+00
29 22 0.000000000000e+00 -3.722026956750e-20 0.000000000000e+00 0.000000000000e+00 3.555932924784e-01 9.851168500938e+00
29 23 0.000000000000e+00 -1.099915670550e-18 0.000000000000e+00 0.000000000000e+00 -1.314613233241e-01 1.029894888734e+01
29 24 0.000000000000e+00 -9.117333444797e-18 0.000000000000e+00 0.000000000000e+00 -4.090286366682e-01 1.074672927375e+01
29 25 0.000000000000e+00 -2.644485755233e-16 0.000000000000e+00 0.000000000000e+00 3.599548319996e-02 1.119450966016e+01
29 26 0.000000000000e+00 -1.755916765676e-15 0.000000000000e+00 0.000000000000e+00 4.625947212660e-01 1.164229004656e+01
29 27 0.000000000000e+00 -5.645722802509e-14 0.000000000000e+00 0.000000000000e+00 1.352458561851e-01 1.209007043297e+01
29 28 0.000000000000e+00 0.000000000000e+00 0.000000000000e+00 0.000000000000e+00 -4.907986014421e-01 1.253785081938e+01
29 29 5.067005691201e-06 0.000000000000e+00 -1.807067899993e-02 7.100707965809e-02 -5.684529055837e-01 1.298563120578e+01
30 1 1.039217719009e-156 -3.470005365112e-97 2.231049914444e-79 -1.122254856974e-78 1.156929930567e-02 4.477803864063e-01
30 2 2.744618155186e-136 -2.587567591481e-79 5.346854850669e-69 -3.680361220287e-68 -3.181702534813e-01 8.955607728125e-01
30 3 6.049987600347e-124 -1.877842868309e-69 4.983870441012e-62 -6.615008043677e-62 -3.486494592780e-02 1.343341159219e+00
30 4 3.623497414173e-114 -2.698601786915e-62 8.542352394597e-57 -2.602704973408e-58 3.167480961439e-01 1.791121545625e+00
30 5 1.714241050073e-106 -3.584937391374e-57 2.773354974434e-53 6.804378603018e-53 5.863637363684e-02 2.238901932031e+00
30 6 2.488472024273e-99 -1.066269075405e-52 -3.002806460311e-49 1.506415952854e-49 -3.142439420262e-01 2.686682318438e+00
30 7 2.587857582427e-93 -2.681220567508e-49 -1.140931195981e-46 -3.830598068022e-46 -8.321652009049e-02 3.134462704844e+00
30 8 2.816114443653e-87 -5.161970789042e-46 4.728511466309e-43 5.892034144357e-44 3.104421985794e-01 3.582243091250e+00
30 9 4.533309832309e-82 -1.758249805942e-43 -1.490337506319e-40 1.550788572822e-40 1.089629437217e-01 4.030023477656e+00
30 10 1.248025378484e-76 -7.534285670829e-41 7.430798242944e-39 -1.251707274730e-37 -3.050081820789e-01 4.477803864063e+00
30 11 6.894018488856e-72 -7.906905750967e-39 1.340347772075e-35 2.951715318017e-35 -1.362695109476e-01 4.925584250469e+00
30 12 8.298933937010e-67 -1.343894683093e-36 -7.812161413573e-33 -9.461765268836e-33 2.974463216408e-01 5.373364636875e+00
30 13 2.288307882103e-62 -6.586781490807e-35 1.471994505732e-30 1.644772248679e-30 1.655793882209e-01 5.821145023281e+00
30 14 1.569337851298e-57 -6.081921409921e-33 -3.203174947759e-28 -5.337661980441e-28 -2.870300900021e-01 6.268925409688e+00
30 15 0.000000000000e+00 -1.763289681614e-31 0.000000000000e+00 0.000000000000e+00 -1.973982923978e-01 6.716705796094e+00
30 16 0.000000000000e+00 -1.069330686067e-29 0.000000000000e+00 0.000000000000e+00 2.726829364140e-01 7.164486182500e+00
30 17 0.000000000000e+00 -2.119114180210e-28 0.000000000000e+00 0.000000000000e+00 2.323039647508e-01 7.612266568906e+00
30 18 0.000000000000e+00 -9.555477162458e-27 0.000000000000e+00 0.000000000000e+00 -2.527688777091e-01 8.060046955313e+00
30 19 0.000000000000e+00 -1.419433187266e-25 0.000000000000e+00 0.000000000000e+00 -2.709393935747e-01 8.507827341719e+00
30 20 0.000000000000e+00 0.000000000000e+00 0.000000000000e+00 0.000000000000e+00 2.247043716604e-01 8.955607728125e+00
30 21 0.000000000000e+00 0.000000000000e+00 0.000000000000e+00 0.000000000000e+00 3.139522653449e-01 9.403388114531e+00
30 22 0.000000000000e+00 -1.951819054967e-21 0.000000000000e+00 0.000000000000e+00 -1.841838675312e-01 9.851168500938e+00
30 23 0.000000000000e+00 -1.898047535212e-20 0.000000000000e+00 0.000000000000e+00 -3.617622939135e-01 1.029894888734e+01
30 24 0.000000000000e+00 -5.574261183332e-19 0.000000000000e+00 0.000000000000e+00 1.234623459015e-01 1.074672927375e+01
30 25 0.000000000000e+00 -4.501658912195e-18 0.000000000000e+00 0.000000000000e+00 4.137400808117e-01 1.119450966016e+01
30 26 0.000000000000e+00 -1.309972806722e-16 0.000000000000e+00 0.000000000000e+00 -2.686971287743e-02 1.164229004656e+01
30 27 0.000000000000e+00 -8.485938108883e-16 0.000000000000e+00 0.000000000000e+00 -4.650164288702e-01 1.209007043297e+01
30 28 0.000000000000e+00 0.000000000000e+00 0.000000000000e+00 0.000000000000e+00 -1.449545830723e-01 1.253785081938e+01
30 29 0.000000000000e+00 -1.202526515093e-13 0.000000000000e+00 0.000000000000e+00 4.897339408922e-01 1.298563120578e+01
30 30 3.778906695058e-06 0.000000000000e+00 3.992314804799e-02 -5.187316357227e-02 5.762964092886e-01 1.343341159219e+01
