2 1 6.062908847394e-16 -1.800321783720e-06 -2.194059124537e-08 2.164952034431e-08 2.768707765361e-01 4.994042235485e-01
2 2 3.096871118615e-04 -9.081542891456e-05 4.402338531462e-02 -1.768820094709e-03 9.267614767346e-02 9.988084470970e-01
3 1 3.830624737952e-25 -7.429955381663e-09 1.795781369519e-13 7.536787969455e-13 -3.421722371532e-01 4.994042235485e-01
3 2 1.310531458936e-14 -1.528243865815e-06 2.858364188934e-07 2.108426938234e-08 -3.414671389788e-01 9.988084470970e-01
3 3 2.998662406639e-04 -5.672379927545e-05 6.116439287768e-02 2.209252300109e-02 -1.368708925692e-01 1.498212670645e+00
4 1 2.024667185650e-34 -2.775148748142e-11 1.277754531129e-17 1.241011108724e-17 -8.696544056369e-02 4.994042235485e-01
4 2 8.266495489482e-25 -1.665210001280e-08 -1.114294008362e-12 -1.984935947240e-12 3.139678825614e-01 9.988084470970e-01
4 3 2.356139475992e-12 -9.358665606240e-07 3.646002423111e-06 -4.465027614706e-06 3.815866628013e-01 1.498212670645e+00
4 4 2.339012784095e-04 -2.954007332490e-05 3.528711023954e-02 6.796616241595e-02 1.726234507390e-01 1.997616894194e+00
5 1 9.808487468600e-43 -1.004345835696e-13 1.116742629132e-21 5.384514982968e-22 3.266011151386e-01 4.994042235485e-01
5 2 2.317344006569e-34 -1.349467740336e-10 -3.808763717445e-17 1.376325556685e-18 1.433381088259e-01 9.988084470970e-01
5 3 7.194520603349e-24 -1.604288029935e-08 7.132598228625e-14 1.007287496318e-11 -2.881258822174e-01 1.498212670645e+00
5 4 8.107848064962e-10 -5.237410675903e-07 1.273593528932e-04 6.409608261412e-05 -4.100587544354e-01 1.997616894194e+00
5 5 1.750091965100e-04 -1.505498735050e-05 -3.858157782895e-02 7.326451104213e-02 -2.035912173553e-01 2.497021117742e+00
6 1 9.147471561408e-52 -2.326697125826e-16 3.712473865451e-26 7.430548769442e-27 5.391882517333e-02 4.994042235485e-01
6 2 9.829050227766e-43 -1.275898900180e-12 -1.878976155251e-21 1.621886020136e-21 -3.179554245360e-01 9.988084470970e-01
6 3 5.394787408557e-34 -1.823762222223e-10 8.637021969595e-17 -1.219515389261e-17 -1.863842121299e-01 1.498212670645e+00
6 4 2.652481695683e-22 -1.187739352469e-08 7.557491580520e-11 -3.064259155947e-11 2.633989230203e-01 1.997616894194e+00
6 5 8.077167276352e-09 -2.832543089618e-07 -5.359364515532e-04 1.708984835257e-04 4.314448099340e-01 2.497021117742e+00
6 6 1.302965892381e-04 -7.733229391975e-06 -8.572058379981e-02 -1.591089634583e-03 2.312079626006e-01 2.996425341291e+00
7 1 3.451488798700e-60 -6.255227724652e-19 2.325624310632e-30 1.204110636322e-32 -3.225735535263e-01 4.994042235485e-01
7 2 1.264205451183e-51 -7.343747787781e-15 -2.982100723073e-26 8.387506401206e-26 -9.465114370528e-02 9.988084470970e-01
7 3 1.070122019441e-42 -2.740228054238e-12 1.379389313399e-21 -3.631769192404e-21 3.083132930582e-01 1.498212670645e+00
7 4 3.729138505579e-33 -1.633383573047e-10 -2.926840516853e-16 -8.852287421040e-17 2.213862648159e-01 1.997616894194e+00
7 5 0.000000000000e+00 -7.826064369597e-09 0.000000000000e+00 0.000000000000e+00 -2.396352788919e-01 2.497021117742e+00
7 6 1.985438375767e-08 -1.509502699318e-07 1.620197688588e-04 -1.045855886761e-03 -4.480167371240e-01 2.996425341291e+00
7 7 9.740884605750e-05 -4.022780378534e-06 -2.976811262380e-02 -8.120016196837e-02 -2.562394489713e-01 3.495829564839e+00
8 1 2.742275137391e-69 -9.147195317777e-22 6.473112103796e-35 -1.035270232689e-35 -3.960885240776e-02 4.994042235485e-01
8 2 7.795396892886e-60 -5.475812818502e-17 4.219344546363e-31 6.977480909106e-30 3.183268442557e-01 9.988084470970e-01
8 3 9.639336794309e-52 -2.405897289160e-14 -4.965864879263e-26 -1.054933838896e-25 1.280772636694e-01 1.498212670645e+00
8 4 2.663099526609e-42 -3.258519976145e-12 -2.829629152364e-21 7.665819046706e-21 -2.978411020223e-01 1.997616894194e+00
8 5 0.000000000000e+00 -1.213982009505e-10 0.000000000000e+00 0.000000000000e+00 -2.507821046770e-01 2.497021117742e+00
8 6 0.000000000000e+00 -4.849359215465e-09 0.000000000000e+00 0.000000000000e+00 2.168281896531e-01 2.996425341291e+00
8 7 3.063795169760e-08 -7.991589967660e-08 1.393441458050e-03 6.409973456593e-04 4.611092608602e-01 3.495829564839e+00
8 8 7.326572010712e-05 -2.117401062945e-06 6.809414055153e-02 -5.206841009222e-02 2.791695442160e-01 3.995233788388e+00
9 1 7.194355376619e-78 -1.816662310746e-24 3.211270038942e-39 -9.806613288916e-40 3.209176933497e-01 4.994042235485e-01
9 2 1.240400582396e-68 -2.158360524267e-19 1.083378830768e-34 2.569317997438e-34 7.163344080790e-02 9.988084470970e-01
9 3 5.059359011338e-60 -2.992327132161e-16 -7.399481490311e-30 -4.074595277696e-30 -3.132087237318e-01 1.498212670645e+00
9 4 1.271982779766e-51 -3.650989828647e-14 1.232674456837e-25 1.292184670440e-25 -1.566681236024e-01 1.997616894194e+00
9 5 1.607395253484e-41 -2.947151963043e-12 1.719340392953e-20 -1.827857019617e-20 2.867709372945e-01 2.497021117742e+00
9 6 0.000000000000e+00 -8.158575561293e-11 0.000000000000e+00 0.000000000000e+00 2.759626688437e-01 2.996425341291e+00
9 7 0.000000000000e+00 -2.898486294145e-09 0.000000000000e+00 0.000000000000e+00 -1.949754736663e-01 3.495829564839e+00
9 8 3.781195752594e-08 -4.219296476384e-08 -1.112415121826e-03 1.598359077934e-03 -4.715855402222e-01 3.995233788388e+00
9 9 5.543725857908e-05 -1.125456949818e-06 6.590174768263e-02 5.190079365075e-02 -3.003371353155e-01 4.494638011936e+00
10 1 4.445838799783e-87 -1.834092079476e-27 7.626634312622e-44 -3.391636264095e-44 3.145660299965e-02 4.994042235485e-01
10 2 7.048567095486e-77 -1.229549616719e-21 1.330313533651e-38 1.627410013291e-38 -3.183800875146e-01 9.988084470970e-01
10 3 8.278619204433e-69 -1.930789028646e-18 -3.416204876669e-34 7.274671354671e-36 -9.889865209154e-02 1.498212670645e+00
10 4 4.360585683483e-60 -6.225150402505e-16 1.043656497400e-29 -6.407543311305e-31 3.073780071334e-01 1.997616894194e+00
10 5 3.461790662621e-51 -3.865889382510e-14 -2.394562125803e-25 -2.797876829849e-25 1.817115539300e-01 2.497021117742e+00
10 6 2.277150108104e-40 -2.293814549496e-12 -1.132649771591e-19 4.166118327412e-21 -2.753069219525e-01 2.996425341291e+00
10 7 0.000000000000e+00 -5.161027343461e-11 0.000000000000e+00 0.000000000000e+00 -2.978261478344e-01 3.495829564839e+00
10 8 0.000000000000e+00 -1.693478289436e-09 0.000000000000e+00 0.000000000000e+00 1.740600138352e-01 3.995233788388e+00
10 9 4.108116318977e-08 -2.225842674400e-08 -1.708898441145e-03 -1.514647996908e-03 4.800394056274e-01 4.494638011936e+00
10 10 4.217217737881e-05 -6.029170486142e-07 -3.569523120193e-02 7.303741094350e-02 3.199957671777e-01 4.994042235485e+00
11 1 8.312964086297e-96 -2.805675251051e-30 3.121422305613e-48 -1.812069610956e-48 -3.200723244547e-01 4.994042235485e-01
11 2 1.057013274805e-85 -3.471289367780e-24 6.560597051209e-43 4.818141934642e-43 -5.792428790333e-02 9.988084470970e-01
11 3 5.330763324909e-77 -1.911896216367e-20 -2.450345908010e-38 1.230465446403e-38 3.151721830341e-01 1.498212670645e+00
11 4 5.561140759088e-69 -5.403615889793e-18 2.644357594967e-34 -2.636428656184e-34 1.228250235070e-01 1.997616894194e+00
11 5 6.696841499894e-60 -8.191211014337e-16 -1.560816142437e-29 4.329353537894e-30 -3.009722355580e-01 2.497021117742e+00
11 6 1.959100294251e-50 -3.355920594764e-14 3.324861075171e-25 9.973262093604e-25 -2.039828269316e-01 2.996425341291e+00
11 7 0.000000000000e+00 -1.628987348577e-12 0.000000000000e+00 0.000000000000e+00 2.636102705794e-01 3.495829564839e+00
11 8 0.000000000000e+00 -3.139520206822e-11 0.000000000000e+00 0.000000000000e+00 3.169997132080e-01 3.995233788388e+00
11 9 0.000000000000e+00 -9.745732161238e-10 0.000000000000e+00 0.000000000000e+00 -1.540516496435e-01 4.494638011936e+00
11 10 4.118054680349e-08 -1.174457728063e-08 1.830439247757e-03 -1.761451419871e-03 -4.868973353116e-01 4.994042235485e+00
11 11 3.223013387937e-05 -3.249949173919e-07 -7.530285088442e-02 -2.099416255087e-02 -3.383436436026e-01 5.493446459033e+00
12 1 3.989064156315e-105 -2.103503776420e-33 6.418647988823e-53 -4.616469943778e-53 -2.614462367537e-02 4.994042235485e-01
12 2 5.006060083653e-94 -1.537992351507e-26 5.134885990189e-47 2.238757587539e-47 3.183807565677e-01 9.988084470970e-01
12 3 1.010515815489e-85 -9.262297869139e-23 -7.836369634367e-43 9.006074361688e-43 8.100331802215e-02 1.498212670645e+00
12 4 3.100473502080e-77 -7.578680665113e-20 4.873918409297e-39 -2.745219503728e-38 -3.114184402880e-01 1.997616894194e+00
12 5 5.715705041274e-69 -8.663071605629e-18 -1.694398126189e-34 4.418266408971e-34 -1.442259769626e-01 2.497021117742e+00
12 6 1.936632688355e-59 -8.349654056009e-16 3.256202284205e-29 -5.678589243774e-30 2.941114218935e-01 2.996425341291e+00
12 7 0.000000000000e+00 -2.579449222134e-14 0.000000000000e+00 0.000000000000e+00 2.239976123586e-01 3.495829564839e+00
12 8 0.000000000000e+00 -1.089341591875e-12 0.000000000000e+00 0.000000000000e+00 -2.518036761133e-01 3.995233788388e+00
12 9 0.000000000000e+00 -1.859527739914e-11 0.000000000000e+00 0.000000000000e+00 -3.339449524602e-01 4.494638011936e+00
12 10 1.647727697048e-11 -5.550013179925e-10 3.358639357194e-05 3.813180300082e-05 1.349118735262e-01 4.994042235485e+00
12 11 3.909368344858e-08 -6.201590636192e-09 1.778688512891e-03 2.061301594006e-03 4.924754585785e-01 5.493446459033e+00
12 12 2.472991769955e-05 -1.760414233305e-07 8.411664917787e-03 -7.422733247766e-02 3.555404678869e-01 5.992850682582e+00
13 1 5.520581410748e-114 -2.584839263906e-36 2.227166312778e-57 -1.921141833991e-57 3.195815920152e-01 4.994042235485e-01
13 2 6.538369714432e-103 -3.256474013865e-29 1.979863809985e-51 4.225325576577e-52 4.873759091982e-02 9.988084470970e-01
13 3 6.401448600287e-94 -7.341478527083e-25 -3.459391563532e-47 8.849599938426e-47 -3.161680208204e-01 1.498212670645e+00
13 4 5.641303252014e-86 -5.138224708905e-22 -4.168877891965e-43 -1.113841072229e-42 -1.015982230268e-01 1.997616894194e+00
13 5 2.382491227624e-77 -1.547855203406e-19 1.251255143902e-38 2.787130899553e-38 3.072086918286e-01 2.497021117742e+00
13 6 1.001849220614e-68 -1.015993364953e-17 1.764486531140e-34 -7.307865344630e-34 1.636153159373e-01 2.996425341291e+00
13 7 1.048296991125e-58 -7.270883110440e-16 -8.785460134263e-29 -1.819316582841e-29 -2.868974604182e-01 3.495829564839e+00
13 8 0.000000000000e+00 -1.830035759487e-14 0.000000000000e+00 0.000000000000e+00 -2.421239731027e-01 3.995233788388e+00
13 9 0.000000000000e+00 -6.987795705899e-13 0.000000000000e+00 0.000000000000e+00 2.399791094849e-01 4.494638011936e+00
13 10 0.000000000000e+00 -1.080731340552e-11 0.000000000000e+00 0.000000000000e+00 3.490145054655e-01 4.994042235485e+00
13 11 3.524414863265e-11 -3.136994242470e-10 -8.013285324298e-05 1.617091417358e-05 -1.165977552540e-01 5.493446459033e+00
13 12 3.570641902155e-08 -3.278033608563e-09 -2.216064183635e-03 1.773816598781e-03 -4.970138854362e-01 5.992850682582e+00
13 13 1.903966378797e-05 -9.572446689916e-08 7.098313528080e-02 -1.926904810652e-03 -3.717177472595e-01 6.492254906130e+00
14 1 2.091112988302e-123 -1.521569540866e-39 4.016536475550e-62 -4.078765655819e-62 2.239248786593e-02 4.994042235485e-01
14 2 2.527636016612e-111 -1.151200669076e-31 1.258208641026e-55 3.590358211746e-57 -3.183718369355e-01 9.988084470970e-01
14 3 1.200372473964e-102 -2.751214575217e-27 -2.598918438202e-52 4.106325051287e-51 -6.878058567130e-02 1.498212670645e+00
14 4 3.653097904630e-94 -5.920384227748e-24 -7.053749587538e-47 -6.468254249510e-47 3.135304768708e-01 1.997616894194e+00
14 5 3.575067542988e-86 -1.320240949766e-21 1.058870393968e-42 5.285598569956e-43 1.202665259853e-01 2.497021117742e+00
14 6 2.844152750077e-77 -2.172360434380e-19 -2.698702679867e-38 -2.960068139273e-38 -3.026170225145e-01 2.996425341291e+00
14 7 3.053876484302e-68 -9.816915146259e-18 -5.506375028300e-34 1.428894293558e-33 -1.813430202955e-01 3.495829564839e+00
14 8 0.000000000000e+00 -5.704613971017e-16 0.000000000000e+00 0.000000000000e+00 2.794151990793e-01 3.995233788388e+00
14 9 0.000000000000e+00 -1.228169713804e-14 0.000000000000e+00 0.000000000000e+00 2.586383384542e-01 4.494638011936e+00
14 10 0.000000000000e+00 -4.350041352791e-13 0.000000000000e+00 0.000000000000e+00 -2.282049683596e-01 4.994042235485e+00
14 11 0.000000000000e+00 -6.194549441535e-12 0.000000000000e+00 0.000000000000e+00 -3.624853399795e-01 5.493446459033e+00
14 12 0.000000000000e+00 -1.763350240242e-10 0.000000000000e+00 0.000000000000e+00 9.906468471323e-02 5.992850682582e+00
14 13 3.169810467709e-08 -1.734709606784e-09 -1.754331905995e-03 -2.305862608739e-03 5.006985685221e-01 6.492254906130e+00
14 14 1.470151306907e-05 -5.220941085239e-08 1.014229785631e-02 6.642738836689e-02 3.869855430257e-01 6.991659129679e+00
15 1 2.216305743272e-132 -1.556717312784e-42 1.204630243826e-66 -1.421949149961e-66 -3.192711309501e-01 4.994042235485e-01
15 2 2.809699651481e-120 -1.900193468309e-34 4.156449566044e-60 -5.794347660301e-61 -4.211965813937e-02 9.988084470970e-01
15 3 6.907545184018e-111 -1.773304099698e-29 6.708562139181e-56 3.048279185856e-55 3.167473356017e-01 1.498212670645e+00
15 4 7.492012168947e-103 -3.196406756666e-26 -4.115219718035e-51 -1.360000409019e-51 8.688841838185e-02 1.997616894194e+00
15 5 2.041079694402e-94 -1.980054828789e-23 8.853769734931e-47 -1.254142934343e-47 -3.105329485442e-01 2.497021117742e+00
15 6 3.196702712096e-86 -2.188287891647e-21 -1.342763196104e-42 1.935051014659e-44 -1.373767001867e-01 2.996425341291e+00
15 7 5.524461212349e-77 -2.412932095041e-19 4.712374550715e-38 4.495941559436e-38 2.977069041693e-01 3.495829564839e+00
15 8 0.000000000000e+00 -8.340461229810e-18 0.000000000000e+00 0.000000000000e+00 1.976618278740e-01 3.995233788388e+00
15 9 0.000000000000e+00 -4.161905184564e-16 0.000000000000e+00 0.000000000000e+00 -2.717345278374e-01 4.494638011936e+00
15 10 0.000000000000e+00 -7.918108731407e-15 0.000000000000e+00 0.000000000000e+00 -2.737562642377e-01 4.994042235485e+00
15 11 0.000000000000e+00 -2.648228334866e-13 0.000000000000e+00 0.000000000000e+00 2.165317887325e-01 5.493446459033e+00
15 12 0.000000000000e+00 -3.513809874480e-12 0.000000000000e+00 0.000000000000e+00 3.745796734119e-01 5.992850682582e+00
15 13 8.330846747818e-11 -9.871086620124e-11 1.274752124492e-04 7.624201905177e-05 -8.226815504303e-02 6.492254906130e+00
15 14 2.753957842359e-08 -9.191052615617e-10 2.341947249793e-03 -1.724490290440e-03 -5.036758384988e-01 6.991659129679e+00
15 15 1.138033074232e-05 -2.854411550036e-08 -6.116751661480e-02 1.646500322712e-02 -4.014371365910e-01 7.491063353227e+00
16 1 6.755063571498e-142 -7.510479077535e-46 1.924855945012e-71 -2.623068240521e-71 -1.959444447859e-02 4.994042235485e-01
16 2 8.887956699343e-129 -5.493059831248e-37 2.260276980183e-64 -6.799378128676e-65 3.183623076668e-01 9.988084470970e-01
16 3 1.200698475408e-119 -5.284922659983e-32 5.931806514197e-60 1.158249286873e-59 5.985268011521e-02 1.498212670645e+00
16 4 4.914703974148e-111 -3.054990690922e-28 -3.503380815906e-55 2.211393714928e-56 -3.147832430728e-01 1.997616894194e+00
16 5 3.935961923159e-103 -1.378898913953e-25 3.048174048376e-51 -2.475542129048e-51 -1.034625418010e-01 2.497021117742e+00
16 6 1.465670452471e-94 -3.996821715041e-23 -6.605736254390e-47 6.248884857277e-47 3.072260267423e-01 2.996425341291e+00
16 7 4.347351951034e-86 -2.755960165290e-21 1.768786817883e-42 -4.577532079967e-43 1.531865538500e-01 3.495829564839e+00
16 8 1.755682741527e-76 -2.292871253650e-19 -8.058928072619e-38 -1.054200123500e-37 -2.925330682758e-01 3.995233788388e+00
16 9 0.000000000000e+00 -6.476782421540e-18 0.000000000000e+00 0.000000000000e+00 -2.127627532016e-01 4.494638011936e+00
16 10 0.000000000000e+00 -2.880340790743e-16 0.000000000000e+00 0.000000000000e+00 2.639126995967e-01 4.994042235485e+00
16 11 0.000000000000e+00 -4.954262450759e-15 0.000000000000e+00 0.000000000000e+00 2.876506714154e-01 5.493446459033e+00
16 12 0.000000000000e+00 -1.584951482311e-13 0.000000000000e+00 0.000000000000e+00 -2.049966060219e-01 5.992850682582e+00
16 13 0.000000000000e+00 -1.977329184883e-12 0.000000000000e+00 0.000000000000e+00 -3.854788365318e-01 6.492254906130e+00
16 14 1.055216916543e-10 -5.508268582176e-11 -1.300865134804e-04 1.244497030473e-04 6.616486595552e-02 6.991659129679e+00
16 15 2.352973877438e-08 -4.875617775655e-10 1.686785320525e-03 2.334747330579e-03 5.060624041482e-01 7.491063353227e+00
16 16 8.828565750991e-06 -1.563542423075e-08 -2.116127688290e-02 -5.562303386263e-02 4.151523938285e-01 7.990467576776e+00
17 1 5.642199853758e-151 -6.589268659657e-49 5.058629283557e-76 -7.926326715514e-76 3.190621530754e-01 4.994042235485e-01
17 2 8.379570290712e-138 -7.296174811181e-40 6.571848247685e-69 -3.055455275632e-69 3.711136251449e-02 9.988084470970e-01
17 3 6.087532123872e-128 -2.818475085890e-34 6.035250534308e-64 7.030735385881e-64 -3.171161110009e-01 1.498212670645e+00
17 4 1.021324824900e-119 -1.340105348872e-30 -1.465667363391e-59 6.423199840384e-60 -7.602953497610e-02 1.997616894194e+00
17 5 2.538270935543e-111 -1.745794615704e-27 1.227698504217e-55 -2.904614082312e-55 3.125292048166e-01 2.497021117742e+00
17 6 2.414554055837e-103 -3.357520097810e-25 -5.450366196759e-52 3.650259870758e-51 1.187790455024e-01 2.996425341291e+00
17 7 1.500538358483e-94 -5.869614893161e-23 4.454195509141e-47 -9.766270362546e-47 -3.036522255777e-01 3.495829564839e+00
17 8 9.188525902053e-86 -2.887821843039e-21 -2.920422139172e-42 8.285215249733e-43 -1.678851043064e-01 3.995233788388e+00
17 9 0.000000000000e+00 -1.952830052115e-19 0.000000000000e+00 0.000000000000e+00 2.871426332507e-01 4.494638011936e+00
17 10 0.000000000000e+00 -4.711318494592e-18 0.000000000000e+00 0.000000000000e+00 2.267954052663e-01 4.994042235485e+00
17 11 0.000000000000e+00 -1.916148422562e-16 0.000000000000e+00 0.000000000000e+00 -2.559964964459e-01 5.493446459033e+00
17 12 0.000000000000e+00 -3.029572015374e-15 0.000000000000e+00 0.000000000000e+00 -3.004633480907e-01 5.992850682582e+00
17 13 0.000000000000e+00 -9.360541025641e-14 0.000000000000e+00 0.000000000000e+00 1.936262349617e-01 6.492254906130e+00
17 14 0.000000000000e+00 -1.105796703916e-12 0.000000000000e+00 0.000000000000e+00 3.953328495416e-01 6.991659129679e+00
17 15 1.231510401120e-10 -3.066159557610e-11 -1.071848542171e-04 -1.786978291702e-04 -5.071336929093e-02 7.491063353227e+00
17 16 1.983955198737e-08 -2.589456481522e-10 -2.293512035691e-03 1.642789940332e-03 -5.079524257167e-01 7.990467576776e+00
17 17 6.861888124477e-06 -8.577428745219e-09 5.007603288508e-02 -2.449480784496e-02 -4.282002725519e-01 8.489871800324e+00
18 1 1.409022024029e-160 -2.694657021942e-52 7.213812084049e-81 -1.299085995045e-80 1.742458667301e-02 4.994042235485e-01
18 2 2.190232842065e-146 -1.762814071242e-42 3.122725229754e-73 -1.994354551446e-73 -3.183540605204e-01 9.988084470970e-01
18 3 9.536831962950e-137 -6.842123225797e-37 2.936893850863e-68 2.196570576672e-68 -5.302346204636e-02 1.498212670645e+00
18 4 6.372545968946e-128 -1.075687564774e-32 -9.379650228026e-64 8.473503464842e-64 3.155918629329e-01 1.997616894194e+00
18 5 5.427184443451e-120 -1.007230998829e-29 -6.847255018611e-61 -1.456532145936e-59 9.094964146071e-02 2.497021117742e+00
18 6 1.393757843593e-111 -5.255086860429e-27 1.223238724062e-55 2.523178683731e-55 -3.100225884323e-01 2.996425341291e+00
18 7 1.976258880658e-103 -5.692465109774e-25 -1.394176984550e-51 -3.637459759903e-51 -1.330363362319e-01 3.495829564839e+00
18 8 2.275159962820e-94 -6.959946584930e-23 -3.747086669737e-47 1.463347598934e-46 2.998484010929e-01 3.995233788388e+00
18 9 0.000000000000e+00 -2.658775019976e-21 0.000000000000e+00 0.000000000000e+00 1.816163685680e-01 4.494638011936e+00
18 10 0.000000000000e+00 -1.535573038069e-19 0.000000000000e+00 0.000000000000e+00 -2.815760550959e-01 4.994042235485e+00
18 11 0.000000000000e+00 -3.263106941672e-18 0.000000000000e+00 0.000000000000e+00 -2.398803131122e-01 5.493446459033e+00
18 12 0.000000000000e+00 -1.236567053450e-16 0.000000000000e+00 0.000000000000e+00 2.480241045264e-01 5.992850682582e+00
18 13 0.000000000000e+00 -1.819694479902e-15 0.000000000000e+00 0.000000000000e+00 3.123125792146e-01 6.492254906130e+00
18 14 0.000000000000e+00 -5.470120191197e-14 0.000000000000e+00 0.000000000000e+00 -1.824397291477e-01 6.991659129679e+00
18 15 0.000000000000e+00 -6.153638598194e-13 0.000000000000e+00 0.000000000000e+00 -4.042672612702e-01 7.491063353227e+00
18 16 1.351301892820e-10 -1.703450645026e-11 2.184973155105e-04 -8.042746970564e-05 3.587441387593e-02 7.990467576776e+00
18 17 1.655118857467e-08 -1.376841466090e-10 -1.593616837735e-03 -2.226223317241e-03 5.094226344629e-01 8.489871800324e+00
18 18 5.342079895767e-06 -4.711113254634e-09 2.670834212949e-02 4.470991700648e-02 4.406407408854e-01 8.989276023873e+00
19 1 9.497314755417e-170 -2.076987265658e-55 1.676004218868e-85 -3.474741170462e-85 -3.189147225164e-01 4.994042235485e-01
19 2 1.758507933041e-155 -1.934098380224e-45 8.074651137464e-78 -6.710228615542e-78 -3.318256177043e-02 9.988084470970e-01
19 3 4.215580783734e-145 -3.068994432531e-39 2.208054823486e-72 1.034377519980e-72 3.173663141882e-01 1.498212670645e+00
19 4 1.272611242612e-136 -3.904950017417e-35 -2.893123153955e-68 4.851584399146e-68 6.765419548155e-02 1.997616894194e+00
19 5 3.596045932727e-128 -1.086239069115e-31 -5.241200422061e-64 -1.064940744182e-63 -3.138289513031e-01 2.497021117742e+00
19 6 2.786493846742e-120 -3.720551446280e-29 1.054171234860e-59 6.787453689541e-60 -1.048260451780e-01 2.996425341291e+00
19 7 9.571858130909e-112 -1.052224582150e-26 -2.392207028165e-55 -1.275603464405e-55 3.072940030144e-01 3.495829564839e+00
19 8 2.280827610241e-103 -7.559285037750e-25 3.000283500595e-51 3.724656819680e-51 1.463824356371e-01 3.995233788388e+00
19 9 5.160155472769e-94 -7.096166137889e-23 6.693313325976e-47 -2.470193670083e-46 -2.958468756503e-01 4.494638011936e+00
19 10 0.000000000000e+00 -2.227043522737e-21 0.000000000000e+00 0.000000000000e+00 -1.944936089932e-01 4.994042235485e+00
19 11 0.000000000000e+00 -1.137076288652e-19 0.000000000000e+00 0.000000000000e+00 2.758680002645e-01 5.493446459033e+00
19 12 0.000000000000e+00 -2.176367388148e-18 0.000000000000e+00 0.000000000000e+00 2.521167864578e-01 5.992850682582e+00
19 13 0.000000000000e+00 -7.791868226238e-17 0.000000000000e+00 0.000000000000e+00 -2.400266787770e-01 6.492254906130e+00
19 14 0.000000000000e+00 -1.077500391210e-15 0.000000000000e+00 0.000000000000e+00 -3.232984235245e-01 6.991659129679e+00
19 15 0.000000000000e+00 -3.169492342452e-14 0.000000000000e+00 0.000000000000e+00 1.714502299305e-01 7.491063353227e+00
19 16 0.000000000000e+00 -3.410947780409e-13 0.000000000000e+00 0.000000000000e+00 4.123881691127e-01 7.990467576776e+00
19 17 1.413614374525e-10 -9.449065942896e-12 4.857317329370e-05 2.483148526290e-04 -2.161109613650e-02 8.489871800324e+00
19 18 1.368875926367e-08 -7.328815994407e-11 2.139637346852e-03 -1.540158878863e-03 -5.105361106046e-01 8.989276023873e+00
19 19 4.164868753713e-06 -2.590008699544e-09 -3.963816996388e-02 2.801625539156e-02 -4.525262756838e-01 9.488680247421e+00
20 1 1.974918795778e-179 -7.394781978212e-59 2.140768059898e-90 -5.134703450843e-90 -1.569118922870e-02 4.994042235485e-01
20 2 3.842365902388e-164 -3.980493772380e-48 3.380803860798e-82 -3.557381468828e-82 3.183472954535e-01 9.988084470970e-01
20 3 5.883379058935e-154 -6.194077537241e-42 8.833251604067e-77 2.224833275668e-77 4.761986709828e-02 1.498212670645e+00
20 4 7.324348208292e-145 -2.665658850993e-37 -1.102337703424e-72 4.141147684071e-72 -3.161463497307e-01 1.997616894194e+00
20 5 7.888928835971e-137 -5.266398680065e-34 -4.130820276601e-68 -3.720522941638e-68 -8.123306237703e-02 2.497021117742e+00
20 6 1.785008227785e-128 -5.023061899105e-31 1.001044165437e-63 7.003487116506e-65 3.118564888804e-01 2.996425341291e+00
20 7 1.674881989873e-120 -8.730210778950e-29 -1.119274633515e-59 1.824670491207e-60 1.178156952897e-01 3.495829564839e+00
20 8 8.840006779314e-112 -1.598336316125e-26 2.972573133615e-55 1.720092624814e-56 -3.043697334535e-01 3.995233788388e+00
20 9 3.789164873681e-103 -8.443979912484e-25 -5.001412516569e-51 -4.804404190125e-51 -1.589313607274e-01 4.494638011936e+00
20 10 0.000000000000e+00 -6.477017273199e-23 0.000000000000e+00 0.000000000000e+00 2.916760988399e-01 4.994042235485e+00
20 11 0.000000000000e+00 -1.737137381348e-21 0.000000000000e+00 0.000000000000e+00 2.066082605002e-01 5.493446459033e+00
20 12 0.000000000000e+00 -8.038639366528e-20 0.000000000000e+00 0.000000000000e+00 -2.700481411021e-01 5.992850682582e+00
20 13 0.000000000000e+00 -1.409128062909e-18 0.000000000000e+00 0.000000000000e+00 -2.635881485121e-01 6.492254906130e+00
20 14 0.000000000000e+00 -4.817004474677e-17 0.000000000000e+00 0.000000000000e+00 2.320296257198e-01 6.991659129679e+00
20 15 0.000000000000e+00 -6.307039538684e-16 0.000000000000e+00 0.000000000000e+00 3.335064923879e-01 7.491063353227e+00
20 16 0.000000000000e+00 -1.823703306599e-14 0.000000000000e+00 0.000000000000e+00 -1.606663629007e-01 7.990467576776e+00
20 17 0.000000000000e+00 -1.884652500710e-13 0.000000000000e+00 0.000000000000e+00 -4.197859881918e-01 8.489871800324e+00
20 18 1.423934237838e-10 -5.234819346507e-12 -2.684556155593e-04 1.511320359195e-05 7.888887492557e-03 8.989276023873e+00
20 19 1.124078998761e-08 -3.905124414405e-11 1.483206487302e-03 2.039385011127e-03 5.113451180987e-01 9.488680247421e+00
20 20 3.251176025009e-06 -1.424964638380e-09 -2.860295533603e-02 -3.492534676516e-02 4.639030529661e-01 9.988084470970e+00
21 1 1.095643336764e-188 -5.107888896759e-62 4.412860106999e-95 -1.233774788998e-94 3.188068073330e-01 4.994042235485e-01
21 2 2.645296206719e-173 -3.686958050731e-51 7.781532680138e-87 -1.025966640535e-86 3.001481830875e-02 9.988084470970e-01
21 3 2.263877480211e-162 -2.371618364494e-44 5.637849775571e-81 3.784685279372e-82 -3.175443329369e-01 1.498212670645e+00
21 4 1.367319976415e-153 -8.139441368121e-40 -3.143093671308e-80 1.851557527542e-76 -6.098233851026e-02 1.997616894194e+00
21 5 5.106102006257e-145 -4.885018675801e-36 -4.153991821150e-72 -1.657772911613e-72 3.147261394389e-01 2.497021117742e+00
21 6 3.911056307040e-137 -3.030424167152e-33 4.335598229764e-68 -1.807322838208e-68 9.392815786948e-02 2.996425341291e+00
21 7 9.721987739826e-129 -1.407380655038e-30 -6.269909160608e-64 5.944678841693e-64 -3.096978188176e-01 3.495829564839e+00
21 8 1.289705521530e-120 -1.504733428700e-28 8.686066929900e-60 -7.341579106234e-60 -1.300377780236e-01 3.995233788388e+00
21 9 1.132880846318e-111 -1.995371803001e-26 -3.720439346585e-55 7.335899361179e-56 3.012728987696e-01 4.494638011936e+00
21 10 9.101283344046e-103 -8.306743072122e-25 8.236834886756e-51 8.647351254039e-51 1.707733635019e-01 4.994042235485e+00
21 11 0.000000000000e+00 -5.437759332977e-23 0.000000000000e+00 0.000000000000e+00 -2.873611301765e-01 5.493446459033e+00
21 12 0.000000000000e+00 -1.282437335401e-21 0.000000000000e+00 0.000000000000e+00 -2.180357519432e-01 5.992850682582e+00
21 13 0.000000000000e+00 -5.479208160607e-20 0.000000000000e+00 0.000000000000e+00 2.641418644767e-01 6.492254906130e+00
21 14 0.000000000000e+00 -8.909608083310e-19 0.000000000000e+00 0.000000000000e+00 2.743653508339e-01 6.991659129679e+00
21 15 0.000000000000e+00 -2.932117027379e-17 0.000000000000e+00 0.000000000000e+00 -2.240536464511e-01 7.491063353227e+00
21 16 0.000000000000e+00 -3.657034728265e-16 0.000000000000e+00 0.000000000000e+00 -3.430107357727e-01 7.990467576776e+00
21 17 0.000000000000e+00 -1.043309023997e-14 0.000000000000e+00 0.000000000000e+00 1.500932986588e-01 8.489871800324e+00
21 18 0.000000000000e+00 -1.038615754347e-13 0.000000000000e+00 0.000000000000e+00 4.265383361055e-01 8.989276023873e+00
21 19 1.391238262503e-10 -2.897126836525e-12 1.744761047794e-05 -2.799980222229e-04 5.324414607919e-03 9.488680247421e+00
21 20 9.175829650201e-09 -2.082875707726e-11 -1.930094806072e-03 1.423498021194e-03 -5.118932626858e-01 9.988084470970e+00
21 21 2.540754846503e-06 -7.844460973548e-10 3.060222486424e-02 -2.862423243546e-02 -4.748119067439e-01 1.048748869452e+01
22 1 1.924149339455e-198 -1.617748355618e-65 5.039660821188e-100 -1.661705867377e-99 1.427377598926e-02 4.994042235485e-01
22 2 4.888325951099e-182 -6.571025754176e-54 2.864009416750e-91 -4.736935316919e-91 -3.183418184258e-01 9.988084470970e-01
22 3 2.804484054864e-171 -4.049729113392e-47 1.978313384167e-85 -2.039100507131e-86 -4.323189866774e-02 1.498212670645e+00
22 4 7.151258287854e-162 -4.781247571495e-42 3.233121959536e-81 1.299421350491e-80 3.165442508000e-01 1.997616894194e+00
22 5 1.100333963084e-153 -2.016364148549e-38 -2.073741183245e-76 -1.015264186662e-77 7.344983442712e-02 2.497021117742e+00
22 6 2.592284440031e-145 -3.556122503905e-35 2.590032781549e-72 -2.813510295785e-72 -3.131291837248e-01 2.996425341291e+00
22 7 1.991635538972e-137 -1.007519597145e-32 -1.005177021671e-68 3.779223845956e-68 -1.058661110416e-01 3.495829564839e+00
22 8 6.469486648377e-129 -2.801463778648e-30 1.391893055604e-64 -7.933858228747e-64 3.073726991963e-01 3.995233788388e+00
22 9 1.327576165747e-120 -2.081950559295e-28 -6.274035054722e-60 1.136431601580e-59 1.415852386257e-01 4.494638011936e+00
22 10 2.037619070590e-111 -2.155836258300e-26 5.429183831529e-55 -1.566709368744e-55 -2.980240674964e-01 4.994042235485e+00
22 11 0.000000000000e+00 -7.422572774132e-25 0.000000000000e+00 0.000000000000e+00 -1.819815667472e-01 5.493446459033e+00
22 12 0.000000000000e+00 -4.279153654972e-23 0.000000000000e+00 0.000000000000e+00 2.829240404892e-01 5.992850682582e+00
22 13 0.000000000000e+00 -9.065334957233e-22 0.000000000000e+00 0.000000000000e+00 2.288394376279e-01 6.492254906130e+00
22 14 0.000000000000e+00 -3.626889022011e-20 0.000000000000e+00 0.000000000000e+00 -2.581708910596e-01 6.991659129679e+00
22 15 0.000000000000e+00 -5.525710984987e-19 0.000000000000e+00 0.000000000000e+00 -2.845095517916e-01 7.491063353227e+00
22 16 0.000000000000e+00 -1.762161487928e-17 0.000000000000e+00 0.000000000000e+00 2.161155821608e-01 7.990467576776e+00
22 17 0.000000000000e+00 -2.103931805240e-16 0.000000000000e+00 0.000000000000e+00 3.518755474063e-01 8.489871800324e+00
22 18 0.000000000000e+00 -5.939870544288e-15 0.000000000000e+00 0.000000000000e+00 -1.397335632571e-01 8.989276023873e+00
22 19 0.000000000000e+00 -5.711449696549e-14 0.000000000000e+00 0.000000000000e+00 -4.327122770293e-01 9.488680247421e+00
22 20 0.000000000000e+00 -1.602005350180e-12 0.000000000000e+00 0.000000000000e+00 -1.805878111581e-02 9.988084470970e+00
22 21 7.452833304876e-09 -1.111977185090e-11 -1.361735895698e-03 -1.815520539122e-03 5.122171558065e-01 1.048748869452e+01
22 22 1.987522769368e-06 -4.320387647568e-10 2.820995733712e-02 2.667666232928e-02 4.852891103254e-01 1.098689291807e+01
23 1 8.933084565390e-208 -1.017930101108e-68 9.176439632084e-105 -3.627198099719e-104 -3.187254323367e-01 4.994042235485e-01
23 2 2.908193990192e-191 -5.233755720353e-57 5.798289421910e-96 -1.219310701926e-95 -2.740466070752e-02 9.988084470970e-01
23 3 9.418269589468e-180 -1.341198953655e-49 1.112819964518e-89 -2.998950901895e-90 3.176757465469e-01 1.498212670645e+00
23 4 1.229992981945e-170 -1.245614195258e-44 2.535595250916e-85 4.940670685948e-85 5.553373068292e-02 1.997616894194e+00
23 5 6.763642285055e-162 -1.624052565527e-40 -1.572505771589e-80 4.206848922650e-81 -3.153734301942e-01 2.497021117742e+00
23 6 5.866173640859e-154 -1.847490541814e-37 6.072659169297e-77 -1.714809180078e-76 -8.515739102001e-02 2.996425341291e+00
23 7 1.266899695978e-145 -1.425117545029e-34 7.792293308715e-73 3.020062941645e-72 3.113740592897e-01 3.495829564839e+00
23 8 1.180645623163e-137 -2.301080531616e-32 -1.553630359018e-68 -3.070359674053e-68 1.171447266115e-01 3.995233788388e+00
23 9 5.550014882463e-129 -4.368233002154e-30 2.421449700922e-64 8.036400696279e-64 -3.048984107334e-01 4.494638011936e+00
23 10 1.861360687497e-120 -2.449211893660e-28 5.072588748083e-60 -1.630810642852e-59 -1.525322637520e-01 4.994042235485e+00
23 11 0.000000000000e+00 -2.087386047082e-26 0.000000000000e+00 0.000000000000e+00 2.946416345567e-01 5.493446459033e+00
23 12 0.000000000000e+00 -6.156007412735e-25 0.000000000000e+00 0.000000000000e+00 1.926164044920e-01 5.992850682582e+00
23 13 0.000000000000e+00 -3.199518154583e-23 0.000000000000e+00 0.000000000000e+00 -2.783842641291e-01 6.492254906130e+00
23 14 0.000000000000e+00 -6.188648468186e-22 0.000000000000e+00 0.000000000000e+00 -2.390733361603e-01 6.991659129679e+00
23 15 0.000000000000e+00 -2.344190222602e-20 0.000000000000e+00 0.000000000000e+00 2.521538093039e-01 7.491063353227e+00
23 16 0.000000000000e+00 -3.373014072563e-19 0.000000000000e+00 0.000000000000e+00 2.940740078132e-01 7.990467576776e+00
23 17 0.000000000000e+00 -1.047845862481e-17 0.000000000000e+00 0.000000000000e+00 -2.082290996446e-01 8.489871800324e+00
23 18 0.000000000000e+00 -1.202507585442e-16 0.000000000000e+00 0.000000000000e+00 -3.601573890072e-01 8.989276023873e+00
23 19 0.000000000000e+00 -3.368011775170e-15 0.000000000000e+00 0.000000000000e+00 1.295876608210e-01 9.488680247421e+00
23 20 0.000000000000e+00 -3.135201099624e-14 0.000000000000e+00 0.000000000000e+00 4.383660921768e-01 9.988084470970e+00
23 21 1.237315560029e-10 -8.852221989379e-13 -7.399901091230e-05 2.828983531931e-04 3.034207106706e-02 1.048748869452e+01
23 22 6.027768570241e-09 -5.941688297475e-12 1.698664598810e-03 -1.298586941505e-03 -5.123477121366e-01 1.098689291807e+01
23 23 1.556109239180e-06 -2.380334778508e-10 -2.314133484619e-02 2.746725160886e-02 -4.953670192546e-01 1.148629714162e+01
24 1 1.341393116000e-217 -2.918586489743e-72 9.251093952553e-110 -4.490494738858e-109 -1.309269392185e-02 4.994042235485e-01
24 2 4.594842538024e-200 -8.194321267157e-60 1.834262501413e-100 -5.043507548682e-100 3.183373799595e-01 9.988084470970e-01
24 3 1.036037608128e-188 -1.967055362360e-52 3.496918957892e-94 -1.543797514273e-94 3.959455223527e-02 1.498212670645e+00
24 4 5.806833150688e-179 -6.364569921974e-47 2.434267113097e-89 2.938324085204e-89 -3.168400768254e-01 1.997616894194e+00
24 5 1.395802564196e-170 -5.774446741147e-43 -6.288545945821e-85 3.890588781797e-85 -6.706391352162e-02 2.497021117742e+00
24 6 3.860550812035e-162 -1.899006657887e-39 -5.632119060689e-82 -1.474692695240e-80 3.140513049751e-01 2.996425341291e+00
24 7 2.818905223155e-154 -8.877752744289e-37 9.824868380947e-77 1.095096268502e-76 9.620876946437e-02 3.495829564839e+00
24 8 6.873476257765e-146 -3.790662393363e-34 -2.295557400648e-72 -1.274335456466e-72 -3.094762741699e-01 3.995233788388e+00
24 9 8.694862034604e-138 -4.016229241730e-32 2.844167762569e-68 1.716748654052e-68 -1.278412462155e-01 4.494638011936e+00
24 10 6.300640262196e-129 -5.684987161022e-30 -5.617802997047e-64 -8.196023394610e-64 3.022903523223e-01 4.994042235485e+00
24 11 3.577273873001e-120 -2.547067166570e-28 -6.440799453501e-60 2.523521660367e-59 1.629392847718e-01 5.493446459033e+00
24 12 0.000000000000e+00 -1.856121165854e-26 0.000000000000e+00 0.000000000000e+00 -2.911420881089e-01 5.992850682582e+00
24 13 0.000000000000e+00 -4.813087365002e-25 0.000000000000e+00 0.000000000000e+00 -2.027286799352e-01 6.492254906130e+00
24 14 0.000000000000e+00 -2.295888236072e-23 0.000000000000e+00 0.000000000000e+00 2.737589125806e-01 6.991659129679e+00
24 15 0.000000000000e+00 -4.106505427187e-22 0.000000000000e+00 0.000000000000e+00 2.487840919160e-01 7.491063353227e+00
24 16 0.000000000000e+00 -1.485607581275e-20 0.000000000000e+00 0.000000000000e+00 -2.461065320106e-01 7.990467576776e+00
24 17 0.000000000000e+00 -2.031891389152e-19 0.000000000000e+00 0.000000000000e+00 -3.031054946387e-01 8.489871800324e+00
24 18 0.000000000000e+00 -6.175452615306e-18 0.000000000000e+00 0.000000000000e+00 2.004052480675e-01 8.989276023873e+00
24 19 0.000000000000e+00 -6.835030229662e-17 0.000000000000e+00 0.000000000000e+00 3.679060660598e-01 9.488680247421e+00
24 20 0.000000000000e+00 -1.903122218032e-15 0.000000000000e+00 0.000000000000e+00 -1.196545543148e-01 9.988084470970e+00
24 21 0.000000000000e+00 -1.718464991314e-14 0.000000000000e+00 0.000000000000e+00 -4.435506938065e-01 1.048748869452e+01
24 22 1.134822503225e-10 -4.888563565513e-13 -2.770248576402e-04 -9.658351581378e-05 -4.220016338904e-02 1.098689291807e+01
24 23 4.857585652156e-09 -3.177487077034e-12 1.234675876330e-03 1.581890929817e-03 5.123111717341e-01 1.148629714162e+01
24 24 1.219283264490e-06 -1.311815461338e-10 -2.648367265129e-02 -1.997921822527e-02 5.050746049079e-01 1.198570136516e+01
25 1 5.285453491121e-227 -1.695701888712e-75 1.454463269524e-114 -8.983902807216e-114 3.186625477569e-01 4.994042235485e-01
25 2 2.380661707686e-209 -5.701121590746e-63 3.116911862080e-105 -1.181143477643e-104 2.521569720936e-02 9.988084470970e-01
25 3 3.050156134028e-197 -5.701395724525e-55 1.756412425744e-98 -1.103087521755e-98 -3.177756538173e-01 1.498212670645e+00
25 4 9.135004031080e-188 -1.432506736213e-49 1.184098933649e-93 9.425065444501e-94 -5.099528000617e-02 1.997616894194e+00
25 5 8.019100049582e-179 -4.074647565375e-45 -3.780477188600e-89 4.138106213209e-89 3.158568561168e-01 2.497021117742e+00
25 6 8.701769308288e-171 -8.578591237206e-42 -2.695286805882e-85 -6.467269813628e-85 7.793257910269e-02 2.996425341291e+00
25 7 1.861539321100e-162 -1.108858973210e-38 1.105368678752e-80 4.555833177042e-81 -3.125931210067e-01 3.495829564839e+00
25 8 1.432876028999e-154 -2.735204874007e-36 -1.197325951008e-76 5.885479659726e-78 -1.066853808151e-01 3.995233788388e+00
25 9 4.467904049877e-146 -7.511863480782e-34 2.358740073049e-72 -3.279048040408e-73 3.074492682371e-01 4.494638011936e+00
25 10 8.228437576611e-138 -5.742047419186e-32 -3.556337674401e-68 -4.968683177436e-69 1.380178944353e-01 4.994042235485e+00
25 11 9.574069930118e-129 -6.447221034015e-30 9.299991778884e-64 9.749236573290e-64 -2.995623873144e-01 5.493446459033e+00
25 12 0.000000000000e+00 -2.406527349645e-28 0.000000000000e+00 0.000000000000e+00 -1.728564125554e-01 5.992850682582e+00
25 13 0.000000000000e+00 -1.542752838777e-26 0.000000000000e+00 0.000000000000e+00 2.875402210257e-01 6.492254906130e+00
25 14 0.000000000000e+00 -3.588594319827e-25 0.000000000000e+00 0.000000000000e+00 2.123617265198e-01 6.991659129679e+00
25 15 0.000000000000e+00 -1.593083012438e-23 0.000000000000e+00 0.000000000000e+00 -2.690630536951e-01 7.491063353227e+00
25 16 0.000000000000e+00 -2.661726790587e-22 0.000000000000e+00 0.000000000000e+00 -2.580124147563e-01 7.990467576776e+00
25 17 0.000000000000e+00 -9.261475666016e-21 0.000000000000e+00 0.000000000000e+00 2.400426847405e-01 8.489871800324e+00
25 18 0.000000000000e+00 -1.210447241631e-19 0.000000000000e+00 0.000000000000e+00 3.116453983071e-01 8.989276023873e+00
25 19 0.000000000000e+00 -3.611986727528e-18 0.000000000000e+00 0.000000000000e+00 -1.926529124237e-01 9.488680247421e+00
25 20 0.000000000000e+00 -3.866761052179e-17 0.000000000000e+00 0.000000000000e+00 -3.751657454226e-01 9.988084470970e+00
25 21 0.000000000000e+00 -1.072188404301e-15 0.000000000000e+00 0.000000000000e+00 1.099320384412e-01 1.048748869452e+01
25 22 0.000000000000e+00 -9.407554246073e-15 0.000000000000e+00 0.000000000000e+00 4.483107667727e-01 1.098689291807e+01
25 23 1.025501052055e-10 -2.698298729051e-13 1.151239835097e-04 -2.678761917042e-04 5.365709238860e-02 1.148629714162e+01
25 24 3.902427416249e-09 -1.700580927357e-12 -1.467027497531e-03 1.170578547400e-03 -5.121299126618e-01 1.198570136516e+01
25 25 9.560245965626e-07 -7.230982678935e-11 1.716744740660e-02 -2.533018581575e-02 -5.144379006620e-01 1.248510558871e+01
26 1 6.859879195321e-237 -4.465086503007e-79 1.236703544620e-119 -1.029410788008e-118 1.209310437451e-02 4.994042235485e-01
26 2 3.248105426360e-218 -7.940302560097e-66 7.687608773110e-110 -4.446217328199e-109 -3.183337601618e-01 9.988084470970e-01
26 3 2.986732396912e-206 -7.276548286844e-58 4.967281170756e-103 -4.177258455566e-103 -3.652845761461e-02 1.498212670645e+00
26 4 3.884209634411e-196 -6.429276384109e-52 8.772343928465e-98 4.520433124933e-98 3.170663451938e-01 1.997616894194e+00
26 5 1.561097694894e-187 -1.261137761201e-47 -1.137483398954e-93 2.195893238491e-93 6.172332618925e-02 2.497021117742e+00
26 6 5.544874877464e-179 -7.781489106028e-44 -3.736941150927e-89 -4.161264302739e-89 -3.147424343824e-01 2.996425341291e+00
26 7 4.292385548623e-171 -6.059495059403e-41 5.738177425493e-85 -1.808438767947e-86 -8.822584974135e-02 3.495829564839e+00
26 8 9.054377211388e-163 -4.008050147121e-38 -8.024294025537e-81 5.139887304756e-81 3.110114692689e-01 3.995233788388e+00
26 9 8.409972130165e-155 -6.119470033690e-36 7.393249863908e-77 -7.217261879662e-77 1.166523153027e-01 4.494638011936e+00
26 10 3.626635124956e-146 -1.196009893185e-33 -1.925417890936e-72 1.405668284708e-72 -3.053049729232e-01 4.994042235485e+00
26 11 1.017532412212e-137 -7.050327598210e-32 4.360136144330e-68 -5.319953690246e-69 -1.477256933114e-01 5.493446459033e+00
26 12 1.953745528752e-128 -6.567672296246e-30 -1.482634400501e-63 -1.486787881959e-63 2.967270652686e-01 5.992850682582e+00
26 13 0.000000000000e+00 -2.107037784449e-28 0.000000000000e+00 0.000000000000e+00 1.823258524257e-01 6.492254906130e+00
26 14 0.000000000000e+00 -1.214376441618e-26 0.000000000000e+00 0.000000000000e+00 -2.838493105490e-01 6.991659129679e+00
26 15 0.000000000000e+00 -2.573803443947e-25 0.000000000000e+00 0.000000000000e+00 -2.215529712789e-01 7.491063353227e+00
26 16 0.000000000000e+00 -1.075154749496e-23 0.000000000000e+00 0.000000000000e+00 2.643099591308e-01 7.990467576776e+00
26 17 0.000000000000e+00 -1.691793552582e-22 0.000000000000e+00 0.000000000000e+00 2.667941603211e-01 8.489871800324e+00
26 18 0.000000000000e+00 -5.694281933592e-21 0.000000000000e+00 0.000000000000e+00 -2.339739354359e-01 8.989276023873e+00
26 19 0.000000000000e+00 -7.143052044386e-20 0.000000000000e+00 0.000000000000e+00 -3.197305683460e-01 9.488680247421e+00
26 20 0.000000000000e+00 -2.098960668505e-18 0.000000000000e+00 0.000000000000e+00 1.849791840736e-01 9.988084470970e+00
26 21 0.000000000000e+00 -2.178716311172e-17 0.000000000000e+00 0.000000000000e+00 3.819757779215e-01 1.048748869452e+01
26 22 0.000000000000e+00 -6.025090159510e-16 0.000000000000e+00 0.000000000000e+00 -1.004170299849e-01 1.098689291807e+01
26 23 0.000000000000e+00 -5.144689059504e-15 0.000000000000e+00 0.000000000000e+00 -4.526856989706e-01 1.148629714162e+01
26 24 9.150081136889e-11 -1.488710605133e-13 2.564265858125e-04 1.297544411107e-04 -6.473518160735e-02 1.198570136516e+01
26 25 3.126677286533e-09 -9.108172629509e-13 -1.106814963654e-03 -1.355454922643e-03 5.118231024433e-01 1.248510558871e+01
26 26 7.500693115629e-07 -3.986463255749e-11 2.406382637556e-02 1.468000897102e-02 5.234803774435e-01 1.298450981226e+01
27 1 2.321981508968e-246 -2.422497666255e-82 1.529464533694e-124 -1.901389110233e-123 -3.186129425368e-01 4.994042235485e-01
27 2 1.476552165520e-227 -4.891323925857e-69 8.453572873494e-115 -9.583262503414e-114 -2.335293114875e-02 9.988084470970e-01
27 3 7.748988319373e-215 -1.865199049556e-60 2.227420252125e-107 -2.442822572641e-107 3.178534592570e-01 1.498212670645e+00
27 4 5.571111648851e-205 -1.264043121851e-54 3.583072262626e-102 1.063003389096e-102 4.715351783709e-02 1.997616894194e+00
27 5 8.307872288197e-196 -7.860721233422e-50 -4.089816340206e-98 1.757116277345e-97 -3.162280736796e-01 2.497021117742e+00
27 6 1.216814695560e-187 -3.083735205115e-46 -2.274140347117e-93 -1.301085119273e-93 -7.186968860206e-02 2.996425341291e+00
27 7 2.843843338952e-179 -6.725255587905e-43 4.247051846452e-89 -1.949154158810e-89 3.135096065070e-01 3.495829564839e+00
27 8 2.035301191521e-171 -2.557661087300e-40 -2.210365773677e-85 3.940384573718e-85 9.801227364525e-02 3.995233788388e+00
27 9 4.903910333456e-163 -1.024885383255e-37 1.590325415745e-81 -7.727672343827e-81 -3.093171582126e-01 4.494638011936e+00
27 10 5.986616714007e-155 -1.078696236125e-35 -2.145508791240e-77 9.445124653876e-77 -1.261625083800e-01 4.994042235485e+00
27 11 3.757943453698e-146 -1.610859759109e-33 1.482826912910e-72 -2.219639414151e-72 3.030541391210e-01 5.493446459033e+00
27 12 1.655903655557e-137 -7.686575803823e-32 -5.928221759356e-68 1.490851265802e-68 1.570071443391e-01 5.992850682582e+00
27 13 0.000000000000e+00 -6.143280718803e-30 0.000000000000e+00 0.000000000000e+00 -2.937957793441e-01 6.492254906130e+00
27 14 0.000000000000e+00 -1.734848109612e-28 0.000000000000e+00 0.000000000000e+00 -1.913836393187e-01 6.991659129679e+00
27 15 0.000000000000e+00 -9.142731584228e-27 0.000000000000e+00 0.000000000000e+00 2.800812763007e-01 7.491063353227e+00
27 16 0.000000000000e+00 -1.787649472442e-25 0.000000000000e+00 0.000000000000e+00 2.303350900333e-01 7.990467576776e+00
27 17 0.000000000000e+00 -7.089588125728e-24 0.000000000000e+00 0.000000000000e+00 -2.595113225425e-01 8.489871800324e+00
27 18 0.000000000000e+00 -1.057678574056e-22 0.000000000000e+00 0.000000000000e+00 -2.751611567711e-01 8.989276023873e+00
27 19 0.000000000000e+00 -3.460007411113e-21 0.000000000000e+00 0.000000000000e+00 2.279102739260e-01 9.488680247421e+00
27 20 0.000000000000e+00 -4.181245423888e-20 0.000000000000e+00 0.000000000000e+00 3.273939959903e-01 9.988084470970e+00
27 21 0.000000000000e+00 -1.212919334891e-18 0.000000000000e+00 0.000000000000e+00 -1.773896645884e-01 1.048748869452e+01
27 22 0.000000000000e+00 -1.223323463401e-17 0.000000000000e+00 0.000000000000e+00 -3.883713710935e-01 1.098689291807e+01
27 23 0.000000000000e+00 -3.378239994932e-16 0.000000000000e+00 0.000000000000e+00 9.110579458128e-02 1.148629714162e+01
27 24 0.000000000000e+00 -2.810984904611e-15 0.000000000000e+00 0.000000000000e+00 4.567103462212e-01 1.198570136516e+01
27 25 8.075099396587e-11 -8.210467408812e-14 -1.407512268915e-04 2.434694684381e-04 7.545517280432e-02 1.248510558871e+01
27 26 2.499301127722e-09 -4.881661962100e-13 1.248185875096e-03 -1.043846229177e-03 -5.114072243116e-01 1.298450981226e+01
27 27 5.888077165329e-07 -2.197983941768e-11 -1.248959710707e-02 2.273002476114e-02 -5.322232617296e-01 1.348391403581e+01
28 1 2.629659840881e-256 -5.928262766154e-86 8.613083001588e-130 -2.028152748678e-128 -1.123598361272e-02 4.994042235485e-01
28 2 1.755407802962e-236 -6.127179247371e-72 2.697897732747e-120 -3.317010060517e-118 3.183307831909e-01 9.988084470970e-01
28 3 6.777926396407e-224 -2.095364704280e-63 5.621490223185e-112 -7.999456861379e-112 3.390763674419e-02 1.498212670645e+00
28 4 2.134098595705e-213 -5.027343484956e-57 2.299347083634e-106 2.525933984354e-107 -3.172434863502e-01 1.997616894194e+00
28 5 1.512124296301e-204 -2.137813322195e-52 6.903092301998e-104 7.696414116505e-102 -5.718666912499e-02 2.497021117742e+00
28 6 7.391156866920e-196 -2.485777944608e-48 -1.994395319317e-97 -4.382163423020e-98 3.152747733682e-01 2.996425341291e+00
28 7 6.591279603790e-188 -3.248092090914e-45 1.554177258950e-93 -1.626558791625e-93 8.150664148749e-02 3.495829564839e+00
28 8 1.336999341649e-179 -3.351669934064e-42 -1.794351256379e-90 3.657427272153e-89 -3.121688634449e-01 3.995233788388e+00
28 9 1.035721373786e-171 -7.438923558148e-40 -1.263958286457e-85 -3.398378011335e-85 -1.073472980719e-01 4.494638011936e+00
28 10 3.130393448023e-163 -2.023880100972e-37 3.027509257372e-81 6.315788199050e-81 3.075197230870e-01 4.994042235485e+00
28 11 5.312701611846e-155 -1.584105267797e-35 -2.110084568446e-77 -9.812422338265e-77 1.352596788321e-01 5.493446459033e+00
28 12 5.025466374914e-146 -1.903454436083e-33 -1.217990911117e-72 3.139548036136e-72 -3.007065409441e-01 5.992850682582e+00
28 13 0.000000000000e+00 -7.623636039276e-32 0.000000000000e+00 0.000000000000e+00 -1.658981524462e-01 6.492254906130e+00
28 14 0.000000000000e+00 -5.363405055578e-30 0.000000000000e+00 0.000000000000e+00 2.907788885672e-01 6.991659129679e+00
28 15 0.000000000000e+00 -1.358285207082e-28 0.000000000000e+00 0.000000000000e+00 2.000609095227e-01 7.491063353227e+00
28 16 0.000000000000e+00 -6.634045158970e-27 0.000000000000e+00 0.000000000000e+00 -2.762468213591e-01 7.990467576776e+00
28 17 0.000000000000e+00 -1.208701586032e-25 0.000000000000e+00 0.000000000000e+00 -2.387368776115e-01 8.489871800324e+00
28 18 0.000000000000e+00 -4.584089254799e-24 0.000000000000e+00 0.000000000000e+00 2.546774511981e-01 8.989276023873e+00
28 19 0.000000000000e+00 -6.520031677046e-23 0.000000000000e+00 0.000000000000e+00 2.831418487788e-01 9.488680247421e+00
28 20 0.000000000000e+00 -2.081238994335e-21 0.000000000000e+00 0.000000000000e+00 -2.218602490216e-01 9.988084470970e+00
28 21 0.000000000000e+00 -2.430500772756e-20 0.000000000000e+00 0.000000000000e+00 -3.346653611359e-01 1.048748869452e+01
28 22 0.000000000000e+00 -6.975095386080e-19 0.000000000000e+00 0.000000000000e+00 1.698887157968e-01 1.098689291807e+01
28 23 0.000000000000e+00 -6.848088807976e-18 0.000000000000e+00 0.000000000000e+00 3.943841450496e-01 1.148629714162e+01
28 24 0.000000000000e+00 -1.890489896810e-16 0.000000000000e+00 0.000000000000e+00 -8.199412424661e-02 1.198570136516e+01
28 25 0.000000000000e+00 -1.534735461854e-15 0.000000000000e+00 0.000000000000e+00 -4.604156659092e-01 1.248510558871e+01
28 26 0.000000000000e+00 -4.526724479114e-14 0.000000000000e+00 0.000000000000e+00 -8.583634820219e-02 1.298450981226e+01
28 27 1.993747872054e-09 -2.618122032744e-13 9.820722400263e-04 1.145931171959e-03 5.108965053058e-01 1.348391403581e+01
28 28 4.624455670781e-07 -1.211969268441e-11 -2.136460410614e-02 -1.056887066888e-02 5.406858062868e-01 1.398331825936e+01
29 1 7.726956910358e-266 -3.031779761464e-89 2.095014699120e-135 -3.479673690450e-133 3.185731215527e-01 4.994042235485e-01
29 2 7.050265476723e-246 -3.381403534127e-75 -4.562047175235e-124 -6.632080938587e-123 2.174808821080e-02 9.988084470970e-01
29 3 1.558173674426e-232 -4.794538714260e-66 2.210331770894e-116 -4.134021129787e-116 -3.179152812130e-01 1.498212670645e+00
29 4 2.788657362194e-222 -8.718680748918e-60 8.345724760008e-111 -5.182257672752e-112 -4.385756823568e-02 1.997616894194e+00
29 5 7.419005234867e-213 -1.185940419896e-54 1.259768828411e-106 5.241942299865e-106 3.165197093670e-01 2.497021117742e+00
29 6 1.556186068138e-204 -8.711392147634e-51 -9.344833642121e-102 6.817216162902e-103 6.670396062931e-02 2.996425341291e+00
29 7 4.284886606630e-196 -3.222562231246e-47 7.128044783775e-98 -1.667959869905e-97 -3.142173610340e-01 3.495829564839e+00
29 8 3.119387324919e-188 -1.903555784527e-44 6.703820542813e-94 1.636786252407e-93 -9.069246492418e-02 3.995233788388e+00
29 9 6.505307128173e-180 -1.120701097152e-41 -2.220669330646e-89 -1.823707678217e-89 3.107291372766e-01 4.494638011936e+00
29 10 6.033735638983e-172 -1.637484800904e-39 2.707508644901e-85 1.457598594811e-85 1.162764388444e-01 4.994042235485e+00
29 11 2.434060405622e-163 -3.277759494227e-37 -5.565720032952e-81 -3.895622543536e-81 -3.056277325169e-01 5.493446459033e+00
29 12 5.965486403032e-155 -2.016239902906e-35 5.736277574701e-77 1.008513102750e-76 -1.439804399415e-01 5.992850682582e+00
29 13 8.710981865661e-146 -2.026323308786e-33 1.310343495760e-72 -4.620876091994e-72 2.982711115539e-01 6.492254906130e+00
29 14 0.000000000000e+00 -7.003787504017e-32 0.000000000000e+00 0.000000000000e+00 1.744294319074e-01 6.991659129679e+00
29 15 0.000000000000e+00 -4.425100687605e-30 0.000000000000e+00 0.000000000000e+00 -2.876858194085e-01 7.491063353227e+00
29 16 0.000000000000e+00 -1.019980180564e-28 0.000000000000e+00 0.000000000000e+00 -2.083848498906e-01 7.990467576776e+00
29 17 0.000000000000e+00 -4.667212979214e-27 0.000000000000e+00 0.000000000000e+00 2.723555588178e-01 8.489871800324e+00
29 18 0.000000000000e+00 -7.988969561307e-26 0.000000000000e+00 0.000000000000e+00 2.467839150071e-01 8.989276023873e+00
29 19 0.000000000000e+00 -2.914904096470e-24 0.000000000000e+00 0.000000000000e+00 -2.498174337727e-01 9.488680247421e+00
29 20 0.000000000000e+00 -3.971018830510e-23 0.000000000000e+00 0.000000000000e+00 -2.907618072018e-01 9.988084470970e+00
29 21 0.000000000000e+00 -1.240995996828e-21 0.000000000000e+00 0.000000000000e+00 2.158311698601e-01 1.048748869452e+01
29 22 0.000000000000e+00 -1.404283044168e-20 0.000000000000e+00 0.000000000000e+00 3.415714790874e-01 1.098689291807e+01
29 23 0.000000000000e+00 -3.994170933724e-19 0.000000000000e+00 0.000000000000e+00 -1.624796662868e-01 1.148629714162e+01
29 24 0.000000000000e+00 -3.823425384629e-18 0.000000000000e+00 0.000000000000e+00 -4.000425959437e-01 1.198570136516e+01
29 25 0.000000000000e+00 -1.056131869139e-16 0.000000000000e+00 0.000000000000e+00 7.307747657221e-02 1.248510558871e+01
29 26 0.000000000000e+00 -8.374004249774e-16 0.000000000000e+00 0.000000000000e+00 4.638292455641e-01 1.298450981226e+01
29 27 6.118928511934e-11 -2.495033481579e-14 1.533064684853e-04 -2.154036674390e-04 9.589664503789e-02 1.348391403581e+01
29 28 1.587623089848e-09 -1.405018858213e-13 -1.049158070429e-03 9.218326598514e-04 -5.103032667799e-01 1.398331825936e+01
29 29 3.633631928090e-07 -6.683069964160e-12 8.891281581457e-03 -1.999547623058e-02 -5.488855218199e-01 1.448272248291e+01
30 1 7.700223183788e-276 -6.963648525163e-93 -1.011763132087e-139 -3.472238187314e-138 1.049278657947e-02 4.994042235485e-01
30 2 7.363051075028e-255 -3.846867637542e-78 -3.053426007852e-128 -2.126520361008e-127 -3.183283129122e-01 9.988084470970e-01
30 3 1.222226621166e-241 -4.789089598779e-69 4.798105191926e-121 -1.222108331797e-120 -3.164088672898e-02 1.498212670645e+00
30 4 9.640067015090e-231 -3.097432625946e-62 4.790915264942e-115 -1.103430171662e-115 3.173848898992e-01 1.997616894194e+00
30 5 1.256106048083e-221 -2.857959213816e-57 9.709957012409e-111 1.994526533075e-110 5.328245281531e-02 2.497021117742e+00
30 6 8.923145188095e-213 -6.281046254539e-53 -6.667933727029e-106 2.424392545411e-106 -3.156941247513e-01 2.996425341291e+00
30 7 9.781540050495e-205 -1.385084599987e-49 5.379748724022e-103 -8.649787688754e-102 -7.576663404188e-02 3.495829564839e+00
30 8 2.069824259345e-196 -2.242357694509e-46 1.037749338959e-97 9.994672417345e-98 3.130647523038e-01 3.995233788388e+00
30 9 1.472632549503e-188 -7.286809477650e-44 -1.342968025427e-93 -2.562635884953e-94 9.947481420260e-02 4.494638011936e+00
30 10 3.521229044258e-180 -2.778434725128e-41 2.337337224369e-89 -2.341258967299e-90 -3.091982538089e-01 4.994042235485e+00
30 11 4.181769799211e-172 -2.909656266072e-39 -2.803983294716e-85 2.586217035956e-86 -1.248375658225e-01 5.493446459033e+00
30 12 2.349101584048e-163 -4.543528286849e-37 7.096791783508e-81 1.626167456192e-81 3.036489800252e-01 5.992850682582e+00
30 13 8.537315861972e-155 -2.289270283043e-35 -9.686827264767e-77 -1.150048258588e-76 1.523558427505e-01 6.492254906130e+00
30 14 0.000000000000e+00 -1.982203543350e-33 0.000000000000e+00 0.000000000000e+00 -2.957560408646e-01 6.991659129679e+00
30 15 0.000000000000e+00 -6.042308449499e-32 0.000000000000e+00 0.000000000000e+00 -1.826275513100e-01 7.491063353227e+00
30 16 0.000000000000e+00 -3.483500655171e-30 0.000000000000e+00 0.000000000000e+00 2.845251538638e-01 7.990467576776e+00
30 17 0.000000000000e+00 -7.395893140295e-29 0.000000000000e+00 0.000000000000e+00 2.163794182828e-01 8.489871800324e+00
30 18 0.000000000000e+00 -3.198731309733e-27 0.000000000000e+00 0.000000000000e+00 -2.684161253557e-01 8.989276023873e+00
30 19 0.000000000000e+00 -5.179037619054e-26 0.000000000000e+00 0.000000000000e+00 -2.544990891177e-01 9.488680247421e+00
30 20 0.000000000000e+00 -1.827075126786e-24 0.000000000000e+00 0.000000000000e+00 2.449392870182e-01 9.988084470970e+00
30 21 0.000000000000e+00 -2.393434136872e-23 0.000000000000e+00 0.000000000000e+00 2.980441382586e-01 1.048748869452e+01
30 22 0.000000000000e+00 -7.343721842350e-22 0.000000000000e+00 0.000000000000e+00 -2.098292771707e-01 1.098689291807e+01
30 23 0.000000000000e+00 -8.070796186692e-21 0.000000000000e+00 0.000000000000e+00 -3.481366696031e-01 1.148629714162e+01
30 24 0.000000000000e+00 -2.278695087477e-19 0.000000000000e+00 0.000000000000e+00 1.551649825232e-01 1.198570136516e+01
30 25 0.000000000000e+00 -2.129768950107e-18 0.000000000000e+00 0.000000000000e+00 4.053724855402e-01 1.248510558871e+01
30 26 0.000000000000e+00 -5.891272597983e-17 0.000000000000e+00 0.000000000000e+00 -6.435108392668e-02 1.298450981226e+01
30 27 0.000000000000e+00 -4.566659416506e-16 0.000000000000e+00 0.000000000000e+00 -4.669757466081e-01 1.348391403581e+01
30 28 0.000000000000e+00 -1.374863025181e-14 0.000000000000e+00 0.000000000000e+00 -1.056527620494e-01 1.398331825936e+01
30 29 1.262242253555e-09 -7.544490484593e-14 -8.634080796826e-04 -9.581373794173e-04 5.096382131116e-01 1.448272248291e+01
30 30 2.856242542199e-07 -3.685250962304e-12 1.864407129380e-02 7.431599935968e-03 5.568383760896e-01 1.498212670645e+01
