2 1 3.418424485920e-13 -6.661419100831e-06 -5.119003700347e-07 5.197263430635e-07 2.770079034940e-01 4.977567379234e-01
2 2 1.158840801253e-03 -3.381934643594e-04 -8.045678662552e-02 -2.725305297413e-02 9.286383187937e-02 9.955134758468e-01
3 1 6.199007473308e-21 -2.711565683195e-08 2.328702205988e-11 9.543539610514e-11 -3.420379395943e-01 4.977567379234e-01
3 2 5.704051174906e-12 -5.636437848671e-06 5.959604620480e-06 4.306074153781e-08 -3.416394200873e-01 9.955134758468e-01
3 3 1.117108281441e-03 -2.098881494107e-04 -1.196130976382e-01 3.666145095633e-02 -1.371687148929e-01 1.493270213770e+00
4 1 5.966149726664e-29 -9.880523725351e-11 6.929305637369e-15 6.697891607666e-15 -8.718322451129e-02 4.977567379234e-01
4 2 2.784369355174e-20 -6.109084192988e-08 -2.123545261797e-10 -3.581708455698e-10 3.136648292319e-01 9.955134758468e-01
4 3 2.272330093713e-10 -3.437635711075e-06 2.192371452383e-05 -5.199058664922e-05 3.817511709940e-01 1.493270213770e+00
4 4 8.684517881405e-04 -1.087485708256e-04 -1.214292867030e-01 8.298247330911e-02 1.730079457999e-01 1.991026951694e+00
5 1 4.694193797099e-36 -3.457607274324e-13 2.435990403821e-18 1.171988777250e-18 3.265585188584e-01 4.977567379234e-01
5 2 2.184480328650e-28 -4.894897393920e-10 -3.683493995109e-14 1.856972592100e-15 1.436845723360e-01 9.955134758468e-01
5 3 2.575800898851e-19 -5.876793044599e-08 1.241223083471e-10 1.895638351158e-09 -2.876720508761e-01 1.493270213770e+00
5 4 6.651797598653e-09 -1.916117617360e-06 2.013196335105e-04 -3.537676962535e-04 -4.101940651216e-01 1.991026951694e+00
5 5 6.480876698006e-04 -5.518723818641e-05 -1.202864704458e-01 1.036998239389e-01 -2.040446288011e-01 2.488783689617e+00
6 1 6.738932434457e-44 -7.613974186437e-16 3.175788628969e-22 6.364635716069e-23 5.407635364160e-02 4.977567379234e-01
6 2 1.949288464215e-35 -4.571544002644e-12 -8.269630504277e-18 7.279703812316e-18 -3.178329865426e-01 9.955134758468e-01
6 3 9.275881369543e-28 -6.627027781538e-10 1.122610708228e-13 -1.983725089860e-14 -1.868080263736e-01 1.493270213770e+00
6 4 5.397536003447e-18 -4.339143376705e-08 1.012010181823e-08 -5.658967037892e-09 2.628145790164e-01 1.991026951694e+00
6 5 3.736474813295e-08 -1.032255260608e-06 1.120462204932e-03 -4.458003678589e-04 4.315398611396e-01 2.488783689617e+00
6 6 4.814432061983e-04 -2.823969445885e-05 -1.253435556542e-01 1.061613020142e-01 2.317162254766e-01 2.986540427540e+00
7 1 3.828463561171e-51 -1.920729056917e-18 7.719886209490e-26 4.813565347104e-28 -3.225521694027e-01 4.977567379234e-01
7 2 4.605186391316e-43 -2.578808918729e-14 -5.564652698620e-22 1.599363895286e-21 -9.492177665992e-02 9.955134758468e-01
7 3 5.343999100134e-35 -9.887117822002e-12 9.081057385413e-18 -2.581202492315e-17 3.081021076885e-01 1.493270213770e+00
7 4 7.353218941688e-27 -5.927146903436e-10 -4.169494083130e-13 -9.646337126287e-14 2.218550471849e-01 1.991026951694e+00
7 5 0.000000000000e+00 -2.850260078938e-08 0.000000000000e+00 0.000000000000e+00 -2.389387837708e-01 2.488783689617e+00
7 6 8.226267673255e-08 -5.480041633160e-07 2.082188410794e-03 5.241074467867e-04 -4.480661603872e-01 2.986540427540e+00
7 7 3.592130634298e-04 -1.463759847502e-05 -1.354371679477e-01 9.517099485253e-02 -2.567913227169e-01 3.484297165464e+00
8 1 4.491790230743e-59 -2.579704552973e-21 8.259447934791e-30 -1.306409537675e-30 -3.973069848900e-02 4.977567379234e-01
8 2 4.867901107035e-50 -1.881348016788e-16 3.579747147423e-26 5.493991768997e-25 3.182596179609e-01 9.955134758468e-01
8 3 1.105979933514e-42 -8.567263931895e-14 -1.742970112108e-21 -3.529517742034e-21 1.284305673061e-01 1.493270213770e+00
8 4 2.242025318768e-34 -1.176850359279e-11 -2.258769558607e-17 7.123322334893e-17 -2.975411831621e-01 1.991026951694e+00
8 5 0.000000000000e+00 -4.394547170324e-10 0.000000000000e+00 0.000000000000e+00 -2.512740390374e-01 2.488783689617e+00
8 6 0.000000000000e+00 -1.760419326633e-08 0.000000000000e+00 0.000000000000e+00 2.160354973407e-01 2.986540427540e+00
8 7 1.217110249032e-07 -2.890330510678e-07 2.137671494176e-03 2.171282606731e-03 4.611109899759e-01 3.484297165464e+00
8 8 2.696850514875e-04 -7.677952574421e-06 -1.465298066734e-01 7.347098344197e-02 2.797560192007e-01 3.982053903387e+00
9 1 1.729304634519e-66 -4.626798714647e-24 1.570292130318e-33 -4.756557782465e-34 3.209047413799e-01 4.977567379234e-01
9 2 1.263866068604e-57 -7.191172534141e-19 3.471413293253e-29 8.163906927741e-29 7.185056403152e-02 9.955134758468e-01
9 3 1.176686202703e-49 -1.052458421920e-15 -1.133693437803e-24 -6.027826566265e-25 -3.130853748365e-01 1.493270213770e+00
9 4 3.197432122687e-42 -1.305086313089e-13 6.386991673944e-21 6.232745217989e-21 -1.570822365233e-01 1.991026951694e+00
9 5 1.599437346428e-33 -1.063235574290e-11 1.564204643202e-16 -1.943709481512e-16 2.863857132606e-01 2.488783689617e+00
9 6 0.000000000000e+00 -2.944802738217e-10 0.000000000000e+00 0.000000000000e+00 2.764624799801e-01 2.986540427540e+00
9 7 0.000000000000e+00 -1.048726169746e-08 0.000000000000e+00 0.000000000000e+00 -1.941002809944e-01 3.484297165464e+00
9 8 1.469422742168e-07 -1.520328240740e-07 1.068647016014e-03 3.673960730185e-03 -4.715394627319e-01 3.982053903387e+00
9 9 2.037029419216e-04 -4.067218645448e-06 -1.542555596938e-01 4.348819008259e-02 -3.009509750721e-01 4.479810641311e+00
10 1 1.551418536034e-74 -4.113419319901e-27 1.421711977389e-37 -6.275983322986e-38 3.155571048665e-02 4.977567379234e-01
10 2 1.141119131727e-64 -3.961587365069e-21 1.690535596983e-32 2.061009744395e-32 -3.183373117744e-01 9.955134758468e-01
10 3 3.582539763033e-57 -6.664882554086e-18 -2.239180550418e-28 7.364051513765e-30 -9.919127484900e-02 1.493270213770e+00
10 4 2.702286961968e-49 -2.206569522684e-15 2.583850545092e-24 -2.334517704181e-25 3.071944543676e-01 1.991026951694e+00
10 5 1.392197330042e-41 -1.382483241167e-13 -1.614656044707e-20 -1.676629082398e-20 1.821701105047e-01 2.488783689617e+00
10 6 0.000000000000e+00 -8.258679758910e-12 0.000000000000e+00 0.000000000000e+00 -2.748411977080e-01 2.986540427540e+00
10 7 0.000000000000e+00 -1.857005351465e-10 0.000000000000e+00 0.000000000000e+00 -2.983228975115e-01 3.484297165464e+00
10 8 0.000000000000e+00 -6.106792825609e-09 0.000000000000e+00 0.000000000000e+00 1.731140425363e-01 3.982053903387e+00
10 9 1.574702770527e-07 -7.990779252616e-08 -7.890079172218e-04 4.385628953769e-03 4.799465621193e-01 4.479810641311e+00
10 10 1.546979783239e-04 -2.171526761185e-06 -1.549677618447e-01 8.206057984656e-03 3.206311464962e-01 4.977567379234e+00
11 1 4.206200878351e-82 -5.429699081640e-30 2.217043511129e-41 -1.277752039246e-41 -3.200636144057e-01 4.977567379234e-01
11 2 2.650858463759e-72 -1.070783549536e-23 3.275941308181e-36 2.403107401115e-36 -5.810481855701e-02 9.955134758468e-01
11 3 4.076583919660e-64 -6.479229101127e-20 -6.722454508593e-32 3.453112234952e-32 3.150907580738e-01 1.493270213770e+00
11 4 7.479343698553e-57 -1.888841251679e-17 2.983526568908e-28 -3.118960797899e-28 1.231779681900e-01 1.991026951694e+00
11 5 8.290594894477e-49 -2.910891887837e-15 -5.395600475486e-24 1.775698338223e-24 -3.007274627531e-01 2.488783689617e+00
11 6 9.451864791258e-41 -1.198782789895e-13 2.905168676674e-20 6.673118186901e-20 -2.044732085229e-01 2.986540427540e+00
11 7 0.000000000000e+00 -5.850382112092e-12 0.000000000000e+00 0.000000000000e+00 2.630693422676e-01 3.484297165464e+00
11 8 0.000000000000e+00 -1.125942409977e-10 0.000000000000e+00 0.000000000000e+00 3.174854733420e-01 3.982053903387e+00
11 9 0.000000000000e+00 -3.502526944557e-09 0.000000000000e+00 0.000000000000e+00 -1.530449328307e-01 4.479810641311e+00
11 10 1.563425198477e-07 -4.200884067489e-08 -2.854372652047e-03 4.023793556744e-03 -4.867594297255e-01 4.977567379234e+00
11 11 1.180318135165e-04 -1.166614838320e-06 -1.463190941455e-01 -2.870105706308e-02 -3.389958617297e-01 5.475324117157e+00
12 1 2.904747916858e-90 -3.414236517073e-33 1.730690822024e-45 -1.235567301785e-45 -2.622807931710e-02 4.977567379234e-01
12 2 1.921556208899e-79 -4.524465994006e-26 1.002523576649e-39 4.375917650984e-40 3.183510577962e-01 9.955134758468e-01
12 3 1.307310037072e-71 -3.060648910504e-22 -8.810743841737e-36 1.027291329442e-35 8.125140627801e-02 1.493270213770e+00
12 4 8.353387683476e-64 -2.616549890097e-19 2.240399980085e-32 -1.424936952514e-31 -3.112937094755e-01 1.991026951694e+00
12 5 1.826612679923e-56 -3.043498036740e-17 -2.706237707784e-28 7.985298287332e-28 -1.446272586460e-01 2.488783689617e+00
12 6 3.695815667339e-48 -2.967916519153e-15 1.396646420369e-23 -3.472784015444e-24 2.938060495646e-01 2.986540427540e+00
12 7 0.000000000000e+00 -9.196533922027e-14 0.000000000000e+00 0.000000000000e+00 2.245098860318e-01 3.484297165464e+00
12 8 0.000000000000e+00 -3.901408248987e-12 0.000000000000e+00 0.000000000000e+00 -2.511929083989e-01 3.982053903387e+00
12 9 0.000000000000e+00 -6.646541101988e-11 0.000000000000e+00 0.000000000000e+00 -3.344139512740e-01 4.479810641311e+00
12 10 0.000000000000e+00 -1.987873917966e-09 0.000000000000e+00 0.000000000000e+00 1.338530128090e-01 4.977567379234e+00
12 11 1.473441037953e-07 -2.210161907654e-08 -4.545955560316e-03 2.662464461012e-03 4.922945536465e-01 5.475324117157e+00
12 12 9.041658198556e-05 -6.298088604501e-07 -1.275798818689e-01 -6.318243381332e-02 3.562057216039e-01 5.973080855081e+00
13 1 5.790336648478e-98 -3.438316396380e-36 2.280915970868e-49 -1.952288696130e-49 3.195753251780e-01 4.977567379234e-01
13 2 3.781100519438e-87 -9.034764420044e-29 1.500224335295e-43 3.221687487931e-44 4.889188295476e-02 9.955134758468e-01
13 3 1.365437701859e-78 -2.364999040964e-24 -1.570307141279e-39 4.082246230824e-39 -3.161100593549e-01 1.493270213770e+00
13 4 2.854707324359e-71 -1.742220744218e-21 -9.759618657396e-36 -2.481516940593e-35 -1.019027659356e-01 1.991026951694e+00
13 5 1.756505987931e-63 -5.388045142075e-19 1.150122762014e-31 2.348030075680e-31 3.070383439704e-01 2.488783689617e+00
13 6 5.986052678277e-56 -3.575563596205e-17 3.238007716957e-28 -1.802742405393e-27 1.640552535309e-01 2.986540427540e+00
13 7 0.000000000000e+00 -2.581946843314e-15 0.000000000000e+00 0.000000000000e+00 -2.865330202221e-01 3.484297165464e+00
13 8 0.000000000000e+00 -6.509082248680e-14 0.000000000000e+00 0.000000000000e+00 -2.426502051210e-01 3.982053903387e+00
13 9 0.000000000000e+00 -2.495230627140e-12 0.000000000000e+00 0.000000000000e+00 2.393037247107e-01 4.479810641311e+00
13 10 0.000000000000e+00 -3.849712043346e-11 0.000000000000e+00 0.000000000000e+00 3.494625511532e-01 4.977567379234e+00
13 11 0.000000000000e+00 -1.119779695589e-09 0.000000000000e+00 0.000000000000e+00 -1.154941416855e-01 5.475324117157e+00
13 12 1.337944711520e-07 -1.164017332357e-08 -5.439559262646e-03 6.354871677210e-04 -4.967922118224e-01 5.973080855081e+00
13 13 6.949920078997e-05 -3.413162353789e-07 -9.970157706340e-02 -9.134546564652e-02 -3.723929515410e-01 6.470837593004e+00
14 1 3.140401370151e-106 -1.608024992209e-39 1.557893064017e-53 -1.568992037787e-53 2.246453679447e-02 4.977567379234e-01
14 2 2.189906987967e-94 -2.997292991598e-31 3.691026028032e-47 1.128263513819e-48 -3.183499816696e-01 9.955134758468e-01
14 3 4.111158075603e-86 -8.577155231372e-27 -4.494948478605e-44 7.576129467674e-43 -6.899545519021e-02 1.493270213770e+00
14 4 3.331440195189e-78 -1.973969671819e-23 -6.798855969088e-39 -6.062521750684e-39 3.134398678285e-01 1.991026951694e+00
14 5 5.569838455749e-71 -4.530045014482e-21 4.223812115099e-35 1.958645237710e-35 1.206184472702e-01 2.488783689617e+00
14 6 4.581867752455e-63 -7.589742902645e-19 -3.598871016387e-31 -3.567353412811e-31 -3.024001471874e-01 2.986540427540e+00
14 7 2.735466265272e-55 -3.454855618833e-17 -1.281343913590e-27 4.384549385094e-27 -1.818136564870e-01 3.484297165464e+00
14 8 0.000000000000e+00 -2.022336360632e-15 0.000000000000e+00 0.000000000000e+00 2.789937342555e-01 3.982053903387e+00
14 9 0.000000000000e+00 -4.356640165168e-14 0.000000000000e+00 0.000000000000e+00 2.591721260833e-01 4.479810641311e+00
14 10 0.000000000000e+00 -1.548550919023e-12 0.000000000000e+00 0.000000000000e+00 -2.274699417991e-01 4.977567379234e+00
14 11 0.000000000000e+00 -2.198987577103e-11 0.000000000000e+00 0.000000000000e+00 -3.629094177491e-01 5.475324117157e+00
14 12 0.000000000000e+00 -6.273050207193e-10 0.000000000000e+00 0.000000000000e+00 9.792268528944e-02 5.973080855081e+00
14 13 1.181958350925e-07 -6.137675769209e-09 -5.343901988615e-03 -1.593300096556e-03 5.004384053100e-01 6.470837593004e+00
14 14 5.357745352087e-05 -1.855319503909e-07 -6.512222491592e-02 -1.100301407847e-01 3.876681892774e-01 6.968594330928e+00
15 1 4.774808840307e-114 -1.274305815507e-42 1.771467009618e-57 -2.072440031179e-57 -3.192664025932e-01 4.977567379234e-01
15 2 3.606485868542e-102 -4.586430219805e-34 4.695288549225e-51 -6.415679150034e-52 -4.225429841830e-02 9.955134758468e-01
15 3 3.745744564749e-93 -5.346485861732e-29 4.982972578905e-47 2.236003576324e-46 3.167038965261e-01 1.493270213770e+00
15 4 1.184470483651e-85 -1.041787491061e-25 -1.637039888631e-42 -5.199495050688e-43 8.715539689716e-02 1.991026951694e+00
15 5 6.336681356255e-78 -6.710423316861e-23 1.548899825634e-38 -2.589203737109e-39 -3.104070767678e-01 2.488783689617e+00
15 6 1.239076650910e-70 -7.552554721355e-21 -8.318977266477e-35 4.852183945184e-36 -1.377684487872e-01 2.986540427540e+00
15 7 1.583018273509e-62 -8.441328813417e-19 8.470403126504e-31 7.000341596083e-31 2.974434639096e-01 3.484297165464e+00
15 8 0.000000000000e+00 -2.932291359120e-17 0.000000000000e+00 0.000000000000e+00 1.981565348912e-01 3.982053903387e+00
15 9 0.000000000000e+00 -1.472278190091e-15 0.000000000000e+00 0.000000000000e+00 -2.712583596004e-01 4.479810641311e+00
15 10 0.000000000000e+00 -2.800664662211e-14 0.000000000000e+00 0.000000000000e+00 -2.742924027056e-01 4.977567379234e+00
15 11 0.000000000000e+00 -9.397522375094e-13 0.000000000000e+00 0.000000000000e+00 2.157418002898e-01 5.475324117157e+00
15 12 0.000000000000e+00 -1.243036176314e-11 0.000000000000e+00 0.000000000000e+00 3.749776561196e-01 5.973080855081e+00
15 13 3.456083266194e-10 -3.499647555103e-10 -1.529692380331e-04 2.598572299792e-04 -8.109326896393e-02 6.470837593004e+00
15 14 1.022558155789e-07 -3.240250359418e-09 -4.306523183848e-03 -3.557263121022e-03 -5.033794391307e-01 6.968594330928e+00
15 15 4.140732794235e-05 -1.010922122469e-07 -2.734831585962e-02 -1.172842927496e-01 -4.021251804380e-01 7.466351068851e+00
16 1 2.076993170671e-122 -4.607325719205e-46 1.070564964754e-61 -1.444719595210e-61 -1.965781905085e-02 4.977567379234e-01
16 2 1.686352969538e-109 -1.221813336338e-36 9.822741607029e-55 -2.919213576638e-55 3.183455375841e-01 9.955134758468e-01
16 3 1.012471339129e-100 -1.528938265039e-31 1.721794883916e-50 3.349738997346e-50 6.004201415202e-02 1.493270213770e+00
16 4 1.315447177811e-92 -9.742402541052e-28 -5.708933600331e-46 4.157885431002e-47 -3.147142968597e-01 1.991026951694e+00
16 5 2.310800369281e-85 -4.591262422709e-25 2.286406007439e-42 -1.940514422305e-42 -1.037745299538e-01 2.488783689617e+00
16 6 1.264458071485e-77 -1.366091757314e-22 -1.862094652160e-38 1.902348292012e-38 3.070634120181e-01 2.986540427540e+00
16 7 3.452540203295e-70 -9.537842836708e-21 1.542885752505e-34 -5.030890121005e-35 1.536117569463e-01 3.484297165464e+00
16 8 0.000000000000e+00 -8.020848438467e-19 0.000000000000e+00 0.000000000000e+00 -2.922235851949e-01 3.982053903387e+00
16 9 0.000000000000e+00 -2.273322088061e-17 0.000000000000e+00 0.000000000000e+00 -2.132759543077e-01 4.479810641311e+00
16 10 0.000000000000e+00 -1.016436646215e-15 0.000000000000e+00 0.000000000000e+00 2.633842845596e-01 4.977567379234e+00
16 11 0.000000000000e+00 -1.747046602324e-14 0.000000000000e+00 0.000000000000e+00 2.881849090128e-01 5.475324117157e+00
16 12 0.000000000000e+00 -5.606270414406e-13 0.000000000000e+00 0.000000000000e+00 -2.041560230871e-01 5.973080855081e+00
16 13 0.000000000000e+00 -6.970596645095e-12 0.000000000000e+00 0.000000000000e+00 -3.858492725201e-01 6.470837593004e+00
16 14 0.000000000000e+00 -1.946219417543e-10 0.000000000000e+00 0.000000000000e+00 6.496185523207e-02 6.968594330928e+00
16 15 8.703921507488e-08 -1.712708104022e-09 -2.568005240860e-03 -4.887958215275e-03 5.057319516194e-01 7.466351068851e+00
16 16 3.207129065661e-05 -5.518704006942e-08 9.613353918670e-03 -1.126443613124e-01 4.158441660868e-01 7.964107806774e+00
17 1 2.482057885565e-130 -2.948330394703e-49 1.065602757271e-65 -1.651784632583e-65 3.190584571734e-01 4.977567379234e-01
17 2 2.329916828122e-117 -1.475887161624e-39 1.094197387064e-58 -5.035429997625e-59 3.723076013834e-02 9.955134758468e-01
17 3 7.919634874075e-108 -7.814641462496e-34 6.864564226813e-54 7.989779654181e-54 -3.170823096350e-01 1.493270213770e+00
17 4 4.509181118913e-100 -4.155701754149e-30 -9.672632781928e-50 4.330547346352e-50 -7.626689165656e-02 1.991026951694e+00
17 5 2.722655095788e-92 -5.721363029514e-27 3.828280148467e-46 -9.555388791077e-46 3.124321782242e-01 2.488783689617e+00
17 6 4.334848773734e-85 -1.130848341928e-24 -5.620261109607e-43 4.896698496554e-42 1.191300091258e-01 2.986540427540e+00
17 7 2.990697803658e-77 -2.015238694113e-22 1.741804809711e-38 -4.447374027759e-38 -3.034521419928e-01 3.484297165464e+00
17 8 1.248228102793e-69 -1.000350846005e-20 -3.300633944315e-34 1.241783768115e-34 -1.683383210760e-01 3.982053903387e+00
17 9 0.000000000000e+00 -6.825029946613e-19 0.000000000000e+00 0.000000000000e+00 2.867879935471e-01 4.479810641311e+00
17 10 0.000000000000e+00 -1.650223304583e-17 0.000000000000e+00 0.000000000000e+00 2.273223712007e-01 4.977567379234e+00
17 11 0.000000000000e+00 -6.743911501533e-16 0.000000000000e+00 0.000000000000e+00 -2.554183370536e-01 5.475324117157e+00
17 12 0.000000000000e+00 -1.064998367646e-14 0.000000000000e+00 0.000000000000e+00 -3.009922012880e-01 5.973080855081e+00
17 13 0.000000000000e+00 -3.300198991780e-13 0.000000000000e+00 0.000000000000e+00 1.927391127341e-01 6.470837593004e+00
17 14 0.000000000000e+00 -3.884604492094e-12 0.000000000000e+00 0.000000000000e+00 3.956748044888e-01 6.968594330928e+00
17 15 4.913962090257e-10 -1.079660395345e-10 -4.138663547483e-04 -2.887056705095e-05 -4.948636792628e-02 7.466351068851e+00
17 16 7.313910998947e-08 -9.063715752298e-10 -4.856007704017e-04 -5.376974893629e-03 -5.075900067069e-01 7.964107806774e+00
17 17 2.488712633910e-05 -3.017213984082e-08 4.187586485329e-02 -9.717524025735e-02 -4.288944083813e-01 8.461864544698e+00
18 1 8.826871575920e-139 -8.496070971560e-53 5.743192811587e-70 -1.021893190825e-69 1.748114568629e-02 4.977567379234e-01
18 2 8.920901170303e-125 -3.220594783794e-42 1.991955090642e-62 -1.259801504580e-62 -3.183407793713e-01 9.955134758468e-01
18 3 1.888829741273e-115 -1.803070001305e-36 1.302205822835e-57 9.749991920553e-58 -5.319261538056e-02 1.493270213770e+00
18 4 4.574620346905e-107 -3.245808900451e-32 -2.490377911511e-53 2.278674756200e-53 3.155375731417e-01 1.991026951694e+00
18 5 1.027185757704e-99 -3.231350583372e-29 -1.265751778636e-50 -1.995398190874e-49 9.122931832500e-02 2.488783689617e+00
18 6 4.972143947183e-92 -1.748192693523e-26 7.730963785139e-46 1.479469635286e-45 -3.098958202237e-01 2.986540427540e+00
18 7 9.092389266692e-85 -1.929640699926e-24 -3.354678801661e-42 -7.622519610297e-42 -1.334210858409e-01 3.484297165464e+00
18 8 8.829087367702e-77 -2.394810994469e-22 -1.652074102122e-38 9.232316092340e-38 2.996106379291e-01 3.982053903387e+00
18 9 0.000000000000e+00 -9.208236184279e-21 0.000000000000e+00 0.000000000000e+00 1.820929106377e-01 4.479810641311e+00
18 10 0.000000000000e+00 -5.358692997991e-19 0.000000000000e+00 0.000000000000e+00 -2.811773821416e-01 4.977567379234e+00
18 11 0.000000000000e+00 -1.140249158754e-17 0.000000000000e+00 0.000000000000e+00 -2.404170089225e-01 5.475324117157e+00
18 12 0.000000000000e+00 -4.339897595117e-16 0.000000000000e+00 0.000000000000e+00 2.473986918644e-01 5.973080855081e+00
18 13 0.000000000000e+00 -6.376405909689e-15 0.000000000000e+00 0.000000000000e+00 3.128331901237e-01 6.470837593004e+00
18 14 0.000000000000e+00 -1.922218338960e-13 0.000000000000e+00 0.000000000000e+00 -1.815098206846e-01 6.968594330928e+00
18 15 0.000000000000e+00 -2.154172721055e-12 0.000000000000e+00 0.000000000000e+00 -4.045801987127e-01 7.466351068851e+00
18 16 0.000000000000e+00 -5.977728736972e-11 0.000000000000e+00 0.000000000000e+00 3.462701927720e-02 7.964107806774e+00
18 17 6.082522576388e-08 -4.802071213314e-10 1.552726631349e-03 -4.995403679439e-03 5.090302257449e-01 8.461864544698e+00
18 18 1.934401604484e-05 -1.651541854364e-08 6.624210290503e-02 -7.327174223337e-02 4.413361232167e-01 8.959621282621e+00
19 1 8.496530640102e-147 -4.485904573622e-56 5.051515172010e-74 -1.033201339220e-73 -3.189117534869e-01 4.977567379234e-01
19 2 1.041758969431e-132 -3.146504503398e-45 1.966818760202e-66 -1.618204781557e-66 -3.328980160904e-02 9.955134758468e-01
19 3 1.265604948875e-122 -7.673798349207e-39 3.810763371785e-61 1.791637451249e-61 3.173392463892e-01 1.493270213770e+00
19 4 1.457675666536e-114 -1.139130590800e-34 -3.060553115595e-57 5.190414855233e-57 6.786771378479e-02 1.991026951694e+00
19 5 1.175259672445e-106 -3.416787198042e-31 -3.072190887558e-53 -6.025013234785e-53 -3.137517627972e-01 2.488783689617e+00
19 6 1.889495024683e-99 -1.216346051238e-28 2.782215389377e-49 1.687738028437e-49 -1.051431139781e-01 2.986540427540e+00
19 7 9.584297849837e-92 -3.531019326294e-26 -2.438932579012e-45 -1.167262982082e-45 3.071364663815e-01 3.484297165464e+00
19 8 2.284102777737e-84 -2.571501029328e-24 1.021385522584e-41 1.110155040411e-41 1.467964639395e-01 3.982053903387e+00
19 9 3.319550126672e-76 -2.443485388019e-22 3.439531861947e-38 -2.016803320708e-37 -2.955715811641e-01 4.479810641311e+00
19 10 0.000000000000e+00 -7.705634342048e-21 0.000000000000e+00 0.000000000000e+00 -1.949894060964e-01 4.977567379234e+00
19 11 0.000000000000e+00 -3.960503083421e-19 0.000000000000e+00 0.000000000000e+00 2.754265695398e-01 5.475324117157e+00
19 12 0.000000000000e+00 -7.585324557097e-18 0.000000000000e+00 0.000000000000e+00 2.526597533967e-01 5.973080855081e+00
19 13 0.000000000000e+00 -2.726668041846e-16 0.000000000000e+00 0.000000000000e+00 -2.393564559069e-01 6.470837593004e+00
19 14 0.000000000000e+00 -3.763398222806e-15 0.000000000000e+00 0.000000000000e+00 -3.238084481222e-01 6.968594330928e+00
19 15 0.000000000000e+00 -1.110071687471e-13 0.000000000000e+00 0.000000000000e+00 1.704810014049e-01 7.466351068851e+00
19 16 0.000000000000e+00 -1.189866064486e-12 0.000000000000e+00 0.000000000000e+00 4.126718591911e-01 7.964107806774e+00
19 17 0.000000000000e+00 -3.304519650783e-11 0.000000000000e+00 0.000000000000e+00 -2.034644582833e-02 8.461864544698e+00
19 18 5.015875591960e-08 -2.546994897505e-10 3.205908711288e-03 -3.875732109385e-03 -5.101155733847e-01 8.959621282621e+00
19 19 1.505714481720e-05 -9.048573334582e-09 8.063682060820e-02 -4.426654800763e-02 -4.532219898751e-01 9.457378020545e+00
20 1 2.512115620623e-155 -1.055927710043e-59 2.438276287660e-78 -5.758623494232e-78 -1.574225327873e-02 4.977567379234e-01
20 2 3.313255324215e-140 -5.721775863897e-48 3.146675984184e-70 -3.275644578330e-70 3.183365137389e-01 9.955134758468e-01
20 3 2.649492340531e-130 -1.456651826682e-41 5.904894905273e-65 1.501062418790e-65 4.777269323735e-02 1.493270213770e+00
20 4 1.326722511503e-121 -7.520355008096e-37 -4.612016974211e-61 1.758367876024e-60 -3.161024574541e-01 1.991026951694e+00
20 5 4.342239406975e-114 -1.615161739787e-33 -9.764981450694e-57 -8.581249002092e-57 -8.148626531499e-02 2.488783689617e+00
20 6 2.233935223682e-106 -1.617298951536e-30 1.117722612664e-52 5.144804125761e-54 3.117547276409e-01 2.986540427540e+00
20 7 3.455317251765e-99 -2.886333062217e-28 -5.030832205575e-49 1.023650632503e-49 1.181658553731e-01 3.484297165464e+00
20 8 2.124144649164e-91 -5.391211216406e-26 4.600327532588e-45 -5.919876496506e-48 -3.041808535720e-01 3.982053903387e+00
20 9 7.087686325134e-84 -2.877379855760e-24 -2.324782801858e-41 -1.879529224187e-41 -1.593707206268e-01 4.479810641311e+00
20 10 0.000000000000e+00 -2.229790502888e-22 0.000000000000e+00 0.000000000000e+00 2.913636747277e-01 4.977567379234e+00
20 11 0.000000000000e+00 -6.001632666057e-21 0.000000000000e+00 0.000000000000e+00 2.071197575620e-01 5.475324117157e+00
20 12 0.000000000000e+00 -2.793752026048e-19 0.000000000000e+00 0.000000000000e+00 -2.695653217359e-01 5.973080855081e+00
20 13 0.000000000000e+00 -4.897733333887e-18 0.000000000000e+00 0.000000000000e+00 -2.641344110919e-01 6.470837593004e+00
20 14 0.000000000000e+00 -1.680575777906e-16 0.000000000000e+00 0.000000000000e+00 2.313169644126e-01 6.968594330928e+00
20 15 0.000000000000e+00 -2.195606751811e-15 0.000000000000e+00 0.000000000000e+00 3.340040116320e-01 7.466351068851e+00
20 16 0.000000000000e+00 -6.365933761060e-14 0.000000000000e+00 0.000000000000e+00 -1.596610113841e-01 7.964107806774e+00
20 17 0.000000000000e+00 -6.551291283366e-13 0.000000000000e+00 0.000000000000e+00 -4.200404373213e-01 8.461864544698e+00
20 18 0.000000000000e+00 -1.824452695085e-11 0.000000000000e+00 0.000000000000e+00 6.609723674704e-03 8.959621282621e+00
20 19 4.107526207821e-08 -1.352324648309e-10 4.236314758787e-03 -2.266525967437e-03 5.108981974255e-01 9.457378020545e+00
20 20 1.173509035212e-05 -4.961259772340e-09 8.434224034838e-02 -1.391933927382e-02 4.645983503199e-01 9.955134758468e+00
21 1 1.987597113059e-163 -4.684322838843e-63 1.903156063886e-82 -5.226813511864e-82 3.188043695661e-01 4.977567379234e-01
21 2 3.299774464399e-148 -4.612983240317e-51 2.760140820260e-74 -3.595705132743e-74 3.011213918589e-02 9.955134758468e-01
21 3 1.526064142859e-137 -5.234193376187e-44 1.458648595179e-68 1.022321213479e-69 -3.175221598284e-01 1.493270213770e+00
21 4 3.860425901733e-129 -2.205832562768e-39 7.113355656782e-67 3.100869870734e-64 -6.117630443237e-02 1.991026951694e+00
21 5 4.667274529615e-121 -1.462781751101e-35 -3.974662126756e-60 -1.538282498100e-60 3.146632101847e-01 2.488783689617e+00
21 6 8.752495560912e-114 -9.560376510983e-33 2.025687111805e-56 -8.953768009143e-57 9.421694567032e-02 2.986540427540e+00
21 7 3.978747795821e-106 -4.595762294807e-30 -1.221100275168e-52 1.242537670397e-52 -3.095703414138e-01 3.484297165464e+00
21 8 6.961005662015e-99 -5.009099529899e-28 6.063882675225e-49 -5.708105322030e-49 -1.304172447632e-01 3.982053903387e+00
21 9 5.642390048502e-91 -6.749970073487e-26 -8.125557568266e-45 2.263459151237e-45 3.010524290230e-01 4.479810641311e+00
21 10 2.750108859688e-83 -2.832067733167e-24 4.997419978050e-41 4.223464091832e-41 1.712345747309e-01 4.977567379234e+00
21 11 0.000000000000e+00 -1.870341149602e-22 0.000000000000e+00 0.000000000000e+00 -2.870121582279e-01 5.475324117157e+00
21 12 0.000000000000e+00 -4.422427270569e-21 0.000000000000e+00 0.000000000000e+00 -2.185598285729e-01 5.973080855081e+00
21 13 0.000000000000e+00 -1.899643251274e-19 0.000000000000e+00 0.000000000000e+00 2.636190783051e-01 6.470837593004e+00
21 14 0.000000000000e+00 -3.087818625212e-18 0.000000000000e+00 0.000000000000e+00 2.749123424145e-01 6.968594330928e+00
21 15 0.000000000000e+00 -1.019817957822e-16 0.000000000000e+00 0.000000000000e+00 -2.233008328567e-01 7.466351068851e+00
21 16 0.000000000000e+00 -1.268847449194e-15 0.000000000000e+00 0.000000000000e+00 -3.434941840991e-01 7.964107806774e+00
21 17 0.000000000000e+00 -3.629613386864e-14 0.000000000000e+00 0.000000000000e+00 1.490547708175e-01 8.461864544698e+00
21 18 0.000000000000e+00 -3.597673823132e-13 0.000000000000e+00 0.000000000000e+00 4.267637323671e-01 8.959621282621e+00
21 19 5.336088531085e-10 -1.006256157075e-11 2.537400993983e-04 -4.852770495968e-04 6.615690569206e-03 9.457378020545e+00
21 20 3.344172028524e-08 -7.187257511944e-11 4.538747586967e-03 -4.729732811179e-04 -5.114215900372e-01 9.955134758468e+00
21 21 9.156147102104e-06 -2.721801626674e-09 7.801522510227e-02 1.412431922334e-02 -4.755061750364e-01 1.045289149639e+01
22 1 4.957362384479e-172 -9.190889831745e-67 8.218545271082e-87 -2.653647552541e-86 1.432031647923e-02 4.977567379234e-01
22 2 8.834396106649e-156 -7.094825575006e-54 3.876712299409e-78 -6.323155043085e-78 -3.183328894402e-01 9.955134758468e-01
22 3 2.805382854748e-145 -8.310457528159e-47 1.972830032427e-72 -1.960888048583e-73 -4.337125375156e-02 1.493270213770e+00
22 4 3.129776785567e-136 -1.244781494575e-41 2.143580365122e-68 8.565085986275e-68 3.165080111858e-01 1.991026951694e+00
22 5 1.638872244622e-128 -5.861270197214e-38 -7.979953729615e-64 -3.201654512106e-65 7.368102992423e-02 2.488783689617e+00
22 6 1.017179970016e-120 -1.101444247148e-34 5.007798319795e-60 -5.650411915755e-60 -3.130456046131e-01 2.986540427540e+00
22 7 1.555437765496e-113 -3.233852832761e-32 -7.786077166578e-57 3.355389288932e-56 -1.061868634345e-01 3.484297165464e+00
22 8 7.483619996701e-106 -9.229544803588e-30 3.405740344645e-53 -2.709245049953e-52 3.072187524542e-01 3.982053903387e+00
22 9 1.628234040984e-98 -6.959466245244e-28 -6.032421849712e-49 1.299702584385e-48 1.419906574216e-01 4.479810641311e+00
22 10 1.831413965211e-90 -7.303220463358e-26 1.569097484757e-44 -6.236632535985e-45 -2.977720031507e-01 4.977567379234e+00
22 11 0.000000000000e+00 -2.529808614293e-24 0.000000000000e+00 0.000000000000e+00 -1.824615430812e-01 5.475324117157e+00
22 12 0.000000000000e+00 -1.469805143626e-22 0.000000000000e+00 0.000000000000e+00 2.825392303795e-01 5.973080855081e+00
22 13 0.000000000000e+00 -3.119417402433e-21 0.000000000000e+00 0.000000000000e+00 2.293733439706e-01 6.470837593004e+00
22 14 0.000000000000e+00 -1.254192315159e-19 0.000000000000e+00 0.000000000000e+00 -2.576095835639e-01 6.968594330928e+00
22 15 0.000000000000e+00 -1.909358644549e-18 0.000000000000e+00 0.000000000000e+00 -2.850550541467e-01 7.466351068851e+00
22 16 0.000000000000e+00 -6.109749990403e-17 0.000000000000e+00 0.000000000000e+00 2.153248085317e-01 7.964107806774e+00
22 17 0.000000000000e+00 -7.275307953717e-16 0.000000000000e+00 0.000000000000e+00 3.523436546445e-01 8.461864544698e+00
22 18 0.000000000000e+00 -2.059482083860e-14 0.000000000000e+00 0.000000000000e+00 -1.386645740021e-01 8.959621282621e+00
22 19 0.000000000000e+00 -1.971439669210e-13 0.000000000000e+00 0.000000000000e+00 -4.329089475071e-01 9.457378020545e+00
22 20 0.000000000000e+00 -5.545157153136e-12 0.000000000000e+00 0.000000000000e+00 -1.936006254974e-02 9.955134758468e+00
22 21 2.709397895812e-08 -3.823412553750e-11 4.141464860126e-03 1.203664573422e-03 5.117222535973e-01 1.045289149639e+01
22 22 7.150977334676e-06 -1.493889185848e-09 6.350100383875e-02 3.681833127075e-02 4.859818499082e-01 1.095064823431e+01
23 1 3.279038674591e-180 -3.478980319568e-70 5.673445860846e-91 -2.186940378077e-90 -3.187233947361e-01 4.977567379234e-01
23 2 7.572595435158e-164 -4.800128748081e-57 2.989670935069e-82 -6.181901655792e-82 -2.749373732454e-02 9.955134758468e-01
23 3 1.397170285250e-152 -2.552408222885e-49 4.276881116019e-76 -1.132907409074e-76 3.176572454318e-01 1.493270213770e+00
23 4 8.247705174024e-144 -3.093549152799e-44 6.548806243527e-72 1.274930387597e-71 5.571138972071e-02 1.991026951694e+00
23 5 1.626318021788e-135 -4.588264068707e-40 -2.425525334266e-67 6.679705540053e-68 -3.153211098380e-01 2.488783689617e+00
23 6 3.941025051447e-128 -5.588756211206e-37 4.725703568877e-64 -1.409014540124e-63 -8.542235238362e-02 2.986540427540e+00
23 7 1.840396797845e-120 -4.506881829871e-34 3.290700218301e-60 1.138229403986e-59 3.112686620724e-01 3.484297165464e+00
23 8 2.794270106708e-113 -7.467744948270e-32 -2.588610860928e-56 -4.597680264373e-56 1.174942237869e-01 3.982053903387e+00
23 9 1.583804447713e-105 -1.447255676071e-29 1.559433923635e-52 4.187983834495e-52 -3.047175334658e-01 4.479810641311e+00
23 10 4.541711502522e-98 -8.206610591926e-28 5.622589801967e-49 -2.598864664228e-48 -1.529606427992e-01 4.977567379234e+00
23 11 0.000000000000e+00 -7.074219330425e-26 0.000000000000e+00 0.000000000000e+00 2.943581510812e-01 5.475324117157e+00
23 12 0.000000000000e+00 -2.096190773205e-24 0.000000000000e+00 0.000000000000e+00 1.931123960267e-01 5.973080855081e+00
23 13 0.000000000000e+00 -1.097059462808e-22 0.000000000000e+00 0.000000000000e+00 -2.779644155083e-01 6.470837593004e+00
23 14 0.000000000000e+00 -2.124493495838e-21 0.000000000000e+00 0.000000000000e+00 -2.396146409590e-01 6.968594330928e+00
23 15 0.000000000000e+00 -8.084272448617e-20 0.000000000000e+00 0.000000000000e+00 2.515554288074e-01 7.466351068851e+00
23 16 0.000000000000e+00 -1.161956861236e-18 0.000000000000e+00 0.000000000000e+00 2.946161014487e-01 7.964107806774e+00
23 17 0.000000000000e+00 -3.621530831990e-17 0.000000000000e+00 0.000000000000e+00 -2.074024602006e-01 8.461864544698e+00
23 18 0.000000000000e+00 -4.144167503277e-16 0.000000000000e+00 0.000000000000e+00 -3.606091328046e-01 8.959621282621e+00
23 19 0.000000000000e+00 -1.163813586255e-14 0.000000000000e+00 0.000000000000e+00 1.284907113480e-01 9.457378020545e+00
23 20 0.000000000000e+00 -1.078380572459e-13 0.000000000000e+00 0.000000000000e+00 4.385344694624e-01 9.955134758468e+00
23 21 0.000000000000e+00 -3.053583536535e-12 0.000000000000e+00 0.000000000000e+00 3.165150681023e-02 1.045289149639e+01
23 22 2.186030891935e-08 -2.035738736715e-11 3.183749235206e-03 2.516859860824e-03 -5.118309993148e-01 1.095064823431e+01
23 23 5.589794205999e-06 -8.202252799448e-10 4.348935092955e-02 5.207627050312e-02 -4.960578235997e-01 1.144840497224e+01
24 1 6.986793429894e-189 -5.786875422542e-74 2.167588132062e-95 -1.020133759997e-94 -1.313544598103e-02 4.977567379234e-01
24 2 1.727303872073e-171 -6.324728881876e-60 3.612072792174e-86 -9.721675564139e-86 3.183298628708e-01 9.955134758468e-01
24 3 2.262360012522e-160 -3.437981346859e-52 5.161528497613e-80 -2.248475117660e-80 3.972260818235e-02 1.493270213770e+00
24 4 5.946571694943e-151 -1.507551535596e-46 2.453510309439e-75 2.965104940063e-75 -3.168096380246e-01 1.991026951694e+00
24 5 5.337317822847e-143 -1.576184040254e-42 -3.861502672268e-71 2.420897692773e-71 -6.727656092540e-02 2.488783689617e+00
24 6 4.381290404454e-135 -5.620913999541e-39 -2.623397760593e-68 -4.948229720398e-67 3.139813828185e-01 2.986540427540e+00
24 7 7.399145089010e-128 -2.752695547064e-36 1.632275606853e-63 1.726191907070e-63 9.650440771477e-02 3.484297165464e+00
24 8 3.223593585479e-120 -1.215059903629e-33 -1.600847518488e-59 -8.055949058281e-60 -3.093482261330e-01 3.982053903387e+00
24 9 5.466605477843e-113 -1.312807682346e-31 7.346591102747e-56 3.867682772217e-56 -1.282166064690e-01 4.479810641311e+00
24 10 3.902033963842e-105 -1.890118415181e-29 -4.911739427995e-52 -6.051369327910e-52 3.020823049092e-01 4.977567379234e+00
24 11 1.529958407179e-97 -8.544259163467e-28 -7.515036694345e-49 5.315473541247e-48 1.633879417465e-01 5.475324117157e+00
24 12 0.000000000000e+00 -6.288389379049e-26 0.000000000000e+00 0.000000000000e+00 -2.908274961651e-01 5.973080855081e+00
24 13 0.000000000000e+00 -1.636661210709e-24 0.000000000000e+00 0.000000000000e+00 -2.032382265861e-01 6.470837593004e+00
24 14 0.000000000000e+00 -7.856328326478e-23 0.000000000000e+00 0.000000000000e+00 2.733048870891e-01 6.968594330928e+00
24 15 0.000000000000e+00 -1.406136739122e-21 0.000000000000e+00 0.000000000000e+00 2.493306398701e-01 7.466351068851e+00
24 16 0.000000000000e+00 -5.108868059143e-20 0.000000000000e+00 0.000000000000e+00 -2.454725147389e-01 7.964107806774e+00
24 17 0.000000000000e+00 -6.977786754276e-19 0.000000000000e+00 0.000000000000e+00 -3.036425175283e-01 8.461864544698e+00
24 18 0.000000000000e+00 -2.127476643172e-17 0.000000000000e+00 0.000000000000e+00 1.995447377055e-01 8.959621282621e+00
24 19 0.000000000000e+00 -2.347533433287e-16 0.000000000000e+00 0.000000000000e+00 3.683406326338e-01 9.457378020545e+00
24 20 0.000000000000e+00 -6.553920973920e-15 0.000000000000e+00 0.000000000000e+00 -1.185319492214e-01 9.955134758468e+00
24 21 0.000000000000e+00 -5.890013860625e-14 0.000000000000e+00 0.000000000000e+00 -4.436912895957e-01 1.045289149639e+01
24 22 0.000000000000e+00 -1.680525784086e-12 0.000000000000e+00 0.000000000000e+00 -4.351612439656e-02 1.095064823431e+01
24 23 1.757528454631e-08 -1.084811127476e-11 1.877774831957e-03 3.308687991435e-03 5.117739699155e-01 1.144840497224e+01
24 24 4.372822826782e-06 -4.504688017114e-10 2.107941261341e-02 5.896332414951e-02 5.057631447106e-01 1.194616171016e+01
25 1 3.919251585799e-197 -1.894016340157e-77 1.297217181384e-99 -7.702565479019e-99 3.186608191364e-01 4.977567379234e-01
25 2 1.285473152672e-179 -3.642574339979e-63 2.345596911267e-90 -8.633870524882e-90 2.529781429477e-02 9.955134758468e-01
25 3 9.807709080088e-168 -9.123749922480e-55 9.960970632944e-84 -6.179881373500e-84 -3.177599792494e-01 1.493270213770e+00
25 4 1.414810435167e-158 -3.212609573242e-49 4.639132460234e-79 3.703804281465e-79 -5.115914124506e-02 1.991026951694e+00
25 5 4.846533469520e-150 -1.075642141429e-44 -9.215880041703e-75 1.018265848990e-74 3.158126507948e-01 2.488783689617e+00
25 6 1.637322705885e-142 -2.471316437659e-41 -3.799538636119e-71 -8.793349044182e-71 7.817724997319e-02 2.986540427540e+00
25 7 8.672408629312e-135 -3.378677538315e-38 7.591146653952e-67 2.920198365355e-67 -3.125044504804e-01 3.484297165464e+00
25 8 1.286447826286e-127 -8.618924639957e-36 -3.566776788403e-63 3.083850227199e-64 -1.070089242412e-01 3.982053903387e+00
25 9 5.953433727559e-120 -2.429581811439e-33 2.689594952926e-59 -5.225744142444e-60 3.072979937104e-01 4.479810641311e+00
25 10 1.214044272302e-112 -1.885737540883e-31 -1.371900121826e-55 -8.850412373498e-57 1.384165244612e-01 4.977567379234e+00
25 11 1.139211749143e-104 -2.147899470084e-29 1.112038004341e-51 9.535430520213e-52 -2.993271001952e-01 5.475324117157e+00
25 12 0.000000000000e+00 -8.074881961076e-28 0.000000000000e+00 0.000000000000e+00 -1.733229317509e-01 5.973080855081e+00
25 13 0.000000000000e+00 -5.222145919384e-26 0.000000000000e+00 0.000000000000e+00 2.871949330098e-01 6.470837593004e+00
25 14 0.000000000000e+00 -1.218186246124e-24 0.000000000000e+00 0.000000000000e+00 2.128826200277e-01 6.968594330928e+00
25 15 0.000000000000e+00 -5.439217728010e-23 0.000000000000e+00 0.000000000000e+00 -2.685757540314e-01 7.466351068851e+00
25 16 0.000000000000e+00 -9.089813541641e-22 0.000000000000e+00 0.000000000000e+00 -2.585622910890e-01 7.964107806774e+00
25 17 0.000000000000e+00 -3.175676497648e-20 0.000000000000e+00 0.000000000000e+00 2.393744441150e-01 8.461864544698e+00
25 18 0.000000000000e+00 -4.143680152471e-19 0.000000000000e+00 0.000000000000e+00 3.121759113163e-01 8.959621282621e+00
25 19 0.000000000000e+00 -1.240310036998e-17 0.000000000000e+00 0.000000000000e+00 -1.917604273770e-01 9.457378020545e+00
25 20 0.000000000000e+00 -1.323530761650e-16 0.000000000000e+00 0.000000000000e+00 -3.755824969838e-01 9.955134758468e+00
25 21 0.000000000000e+00 -3.679822281693e-15 0.000000000000e+00 0.000000000000e+00 1.087859017612e-01 1.045289149639e+01
25 22 0.000000000000e+00 -3.213075551302e-14 0.000000000000e+00 0.000000000000e+00 4.484241509923e-01 1.095064823431e+01
25 23 0.000000000000e+00 -9.243983741645e-13 0.000000000000e+00 0.000000000000e+00 5.497814319906e-02 1.144840497224e+01
25 24 1.408729383864e-08 -5.785313788644e-12 4.638476999211e-04 3.523721847048e-03 -5.115734524422e-01 1.194616171016e+01
25 25 3.423157787246e-06 -2.474479415556e-10 -6.730832835670e-04 5.770733394852e-02 -5.151239108041e-01 1.244391844808e+01
26 1 7.213111036818e-206 -2.709613032614e-81 4.212736778654e-104 -3.324367205330e-103 1.213263762609e-02 4.977567379234e-01
26 2 2.525154877393e-187 -4.157946571178e-66 2.230084558070e-94 -1.233962770064e-93 -3.183273439781e-01 9.955134758468e-01
26 3 1.404893546640e-175 -1.055376486006e-57 1.079190145934e-87 -8.964867583119e-88 -3.664690286648e-02 1.493270213770e+00
26 4 9.083039452926e-166 -1.364492083309e-51 1.335446858251e-82 6.920698085272e-83 3.170404109810e-01 1.991026951694e+00
26 5 1.472895491385e-157 -3.200130379989e-47 -1.093862179182e-78 2.129724983704e-78 6.192014579926e-02 2.488783689617e+00
26 6 1.713742452823e-149 -2.185473612529e-43 -2.096641148056e-74 -2.282174087434e-74 -3.146830433582e-01 2.986540427540e+00
26 7 3.469768658575e-142 -1.805355668297e-40 1.624600938559e-70 -8.607346971105e-72 -8.849987759295e-02 3.484297165464e+00
26 8 1.521430509322e-134 -1.244783255778e-37 -1.013538638544e-66 6.989668332457e-67 3.109031925055e-01 3.982053903387e+00
26 9 2.280992796841e-127 -1.949429433200e-35 3.647309288559e-63 -3.931844461303e-63 1.170012631976e-01 4.479810641311e+00
26 10 1.217448355264e-119 -3.891701073041e-33 -3.331765275739e-59 2.802099547842e-59 -3.051300956990e-01 4.977567379234e+00
26 11 3.132124068337e-112 -2.322214695494e-31 2.373755796202e-55 -5.148783827965e-56 -1.481452481422e-01 5.475324117157e+00
26 12 3.974784674530e-104 -2.190163438358e-29 -2.348586770359e-51 -1.842389168869e-51 2.964646005695e-01 5.973080855081e+00
26 13 0.000000000000e+00 -7.067130508840e-28 0.000000000000e+00 0.000000000000e+00 1.828080498392e-01 6.470837593004e+00
26 14 0.000000000000e+00 -4.105291814129e-26 0.000000000000e+00 0.000000000000e+00 -2.834738153234e-01 6.968594330928e+00
26 15 0.000000000000e+00 -8.719720862070e-25 0.000000000000e+00 0.000000000000e+00 -2.220832237696e-01 7.466351068851e+00
26 16 0.000000000000e+00 -3.662041233632e-23 0.000000000000e+00 0.000000000000e+00 2.637903132315e-01 7.964107806774e+00
26 17 0.000000000000e+00 -5.761390898910e-22 0.000000000000e+00 0.000000000000e+00 2.673456610272e-01 8.461864544698e+00
26 18 0.000000000000e+00 -1.946705124607e-20 0.000000000000e+00 0.000000000000e+00 -2.332728544678e-01 8.959621282621e+00
26 19 0.000000000000e+00 -2.437412201938e-19 0.000000000000e+00 0.000000000000e+00 -3.202533260383e-01 9.457378020545e+00
26 20 0.000000000000e+00 -7.183986820871e-18 0.000000000000e+00 0.000000000000e+00 1.840565238954e-01 9.955134758468e+00
26 21 0.000000000000e+00 -7.431856530349e-17 0.000000000000e+00 0.000000000000e+00 3.823742254865e-01 1.045289149639e+01
26 22 0.000000000000e+00 -2.060807869327e-15 0.000000000000e+00 0.000000000000e+00 -9.924932007901e-02 1.095064823431e+01
26 23 0.000000000000e+00 -1.750941469809e-14 0.000000000000e+00 0.000000000000e+00 -4.527724832431e-01 1.144840497224e+01
26 24 0.000000000000e+00 -5.082571743413e-13 0.000000000000e+00 0.000000000000e+00 -6.606005588299e-02 1.194616171016e+01
26 25 1.126189765146e-08 -3.087600663017e-12 -8.323659065743e-04 3.203829371850e-03 5.112485296575e-01 1.244391844808e+01
26 26 2.681383055355e-06 -1.359461036185e-10 -1.915752152282e-02 4.954540425698e-02 5.241636462644e-01 1.294167518601e+01
27 1 3.473776959270e-214 -7.757096768437e-85 2.018061516299e-108 -2.316682522637e-107 -3.186114574901e-01 4.977567379234e-01
27 2 1.644855882525e-195 -2.063566415798e-69 9.688430076089e-99 -1.007399663622e-97 -2.342909547898e-02 9.955134758468e-01
27 3 5.337655237690e-183 -2.443387309522e-60 1.855759254330e-91 -2.008614397537e-91 3.178400075690e-01 1.493270213770e+00
27 4 1.950564996935e-173 -2.519592421869e-54 2.111196411512e-86 6.334542731141e-87 4.730555775315e-02 1.991026951694e+00
27 5 1.218858939752e-164 -1.918875150273e-49 -1.545625258907e-82 6.711705779478e-82 -3.161902191218e-01 2.488783689617e+00
27 6 6.084063278960e-157 -8.397775580922e-46 -5.096458160471e-78 -2.850028117501e-78 -7.209690004886e-02 2.986540427540e+00
27 7 3.938382242404e-149 -1.963482730825e-42 4.936376882413e-74 -2.382043784006e-74 3.134339279871e-01 3.484297165464e+00
27 8 6.231430288701e-142 -7.791829707063e-40 -1.150609772920e-70 2.210096930975e-70 9.831324770485e-02 3.982053903387e+00
27 9 2.633684677294e-134 -3.224738867625e-37 2.852659161728e-67 -1.799882808440e-66 -3.091886428747e-01 4.479810641311e+00
27 10 4.364267232117e-127 -3.462065927010e-35 -1.311798608890e-63 8.137516680534e-63 -1.265345935086e-01 4.977567379234e+00
27 11 2.835857281252e-119 -5.262629566449e-33 3.527915349880e-59 -6.400887119448e-59 3.028554394647e-01 5.475324117157e+00
27 12 9.503254712927e-112 -2.536090845732e-31 -4.322403971003e-55 1.618712151003e-55 1.574454947030e-01 5.973080855081e+00
27 13 0.000000000000e+00 -2.049035559260e-29 0.000000000000e+00 0.000000000000e+00 -2.935063018213e-01 6.470837593004e+00
27 14 0.000000000000e+00 -5.813527872263e-28 0.000000000000e+00 0.000000000000e+00 -1.918795338664e-01 6.968594330928e+00
27 15 0.000000000000e+00 -3.085767252953e-26 0.000000000000e+00 0.000000000000e+00 2.796761198469e-01 7.466351068851e+00
27 16 0.000000000000e+00 -6.043031989458e-25 0.000000000000e+00 0.000000000000e+00 2.308729077048e-01 7.964107806774e+00
27 17 0.000000000000e+00 -2.408612174608e-23 0.000000000000e+00 0.000000000000e+00 -2.589602715347e-01 8.461864544698e+00
27 18 0.000000000000e+00 -3.591558544716e-22 0.000000000000e+00 0.000000000000e+00 -2.757127634057e-01 8.959621282621e+00
27 19 0.000000000000e+00 -1.179283430987e-20 0.000000000000e+00 0.000000000000e+00 2.271776999056e-01 9.457378020545e+00
27 20 0.000000000000e+00 -1.422133294767e-19 0.000000000000e+00 0.000000000000e+00 3.279079218166e-01 9.955134758468e+00
27 21 0.000000000000e+00 -4.137718666645e-18 0.000000000000e+00 0.000000000000e+00 -1.764385350175e-01 1.045289149639e+01
27 22 0.000000000000e+00 -4.158563156072e-17 0.000000000000e+00 0.000000000000e+00 -3.887511516892e-01 1.095064823431e+01
27 23 0.000000000000e+00 -1.151542712474e-15 0.000000000000e+00 0.000000000000e+00 8.991831788167e-02 1.144840497224e+01
27 24 0.000000000000e+00 -9.533208599919e-15 0.000000000000e+00 0.000000000000e+00 4.567711707519e-01 1.194616171016e+01
27 25 0.000000000000e+00 -2.793470592319e-13 0.000000000000e+00 0.000000000000e+00 7.678275230349e-02 1.244391844808e+01
27 26 8.982642335333e-09 -1.648992554725e-12 -1.833809937166e-03 2.467800444151e-03 -5.108156060932e-01 1.294167518601e+01
27 27 2.101501033005e-06 -7.469544626954e-11 -3.250551071780e-02 3.644582228118e-02 -5.329036221673e-01 1.343943192393e+01
28 1 5.575675065732e-223 -9.663474355707e-89 4.581705422686e-113 -9.305292042604e-112 -1.127274832877e-02 4.977567379234e-01
28 2 2.809403106288e-203 -2.060749821468e-72 2.158592588609e-103 -1.322471319014e-101 3.183252421586e-01 9.955134758468e-01
28 3 6.796300433998e-191 -2.453116044745e-63 1.791962503177e-95 -2.512149229237e-95 3.401780905444e-02 1.493270213770e+00
28 4 1.118110076080e-180 -9.404606948550e-57 5.243461273312e-90 5.964039044448e-91 -3.172211214860e-01 1.991026951694e+00
28 5 3.413682552800e-172 -4.988879423808e-52 1.182161361666e-87 1.152566015315e-85 -5.736983272203e-02 2.488783689617e+00
28 6 5.940158079140e-164 -6.574039426004e-48 -1.785245047631e-81 -3.767052011973e-82 3.152236812609e-01 2.986540427540e+00
28 7 1.535499266709e-156 -9.245829381737e-45 7.339556068505e-78 -7.953532682876e-78 8.176191970945e-02 3.484297165464e+00
28 8 7.337795033454e-149 -1.004078941265e-41 -1.744859850883e-75 8.548489998839e-74 -3.120760448015e-01 3.982053903387e+00
28 9 1.067571613536e-141 -2.301210391919e-39 -1.423395566277e-70 -3.381646071789e-70 -1.076730282782e-01 4.479810641311e+00
28 10 4.795671991448e-134 -6.426089503195e-37 1.324184056684e-66 2.390003763873e-66 3.073705150634e-01 4.977567379234e+00
28 11 9.319105580006e-127 -5.110240323610e-35 -3.799958042531e-63 -1.269249298712e-62 1.356528367249e-01 5.475324117157e+00
28 12 7.646536375212e-119 -6.234450002820e-33 -3.447753563564e-59 1.263032349566e-58 -3.004839229847e-01 5.973080855081e+00
28 13 0.000000000000e+00 -2.517291609405e-31 0.000000000000e+00 0.000000000000e+00 -1.663533578831e-01 6.470837593004e+00
28 14 0.000000000000e+00 -1.788197397869e-29 0.000000000000e+00 0.000000000000e+00 2.904626432807e-01 6.968594330928e+00
28 15 0.000000000000e+00 -4.545766063393e-28 0.000000000000e+00 0.000000000000e+00 2.005686990432e-01 7.466351068851e+00
28 16 0.000000000000e+00 -2.234856541700e-26 0.000000000000e+00 0.000000000000e+00 -2.758125917913e-01 7.964107806774e+00
28 17 0.000000000000e+00 -4.076262886082e-25 0.000000000000e+00 0.000000000000e+00 -2.392806384896e-01 8.461864544698e+00
28 18 0.000000000000e+00 -1.553255454439e-23 0.000000000000e+00 0.000000000000e+00 2.540959401778e-01 8.959621282621e+00
28 19 0.000000000000e+00 -2.207474599839e-22 0.000000000000e+00 0.000000000000e+00 2.836922069245e-01 9.457378020545e+00
28 20 0.000000000000e+00 -7.071669698048e-21 0.000000000000e+00 0.000000000000e+00 -2.210974899224e-01 9.955134758468e+00
28 21 0.000000000000e+00 -8.239615837159e-20 0.000000000000e+00 0.000000000000e+00 -3.351695262256e-01 1.045289149639e+01
28 22 0.000000000000e+00 -2.371587006536e-18 0.000000000000e+00 0.000000000000e+00 1.689107321910e-01 1.095064823431e+01
28 23 0.000000000000e+00 -2.319919290396e-17 0.000000000000e+00 0.000000000000e+00 3.947450025182e-01 1.144840497224e+01
28 24 0.000000000000e+00 -6.422102117367e-16 0.000000000000e+00 0.000000000000e+00 -8.078854789129e-02 1.194616171016e+01
28 25 0.000000000000e+00 -5.186591603199e-15 0.000000000000e+00 0.000000000000e+00 -4.604511890866e-01 1.244391844808e+01
28 26 0.000000000000e+00 -1.534836791486e-13 0.000000000000e+00 0.000000000000e+00 -8.716564465170e-02 1.294167518601e+01
28 27 7.150404284204e-09 -8.812573658532e-13 -2.433016854668e-03 1.481595644088e-03 5.102888358615e-01 1.343943192393e+01
28 28 1.647837561608e-06 -4.104404524747e-11 -3.975171828718e-02 2.075937482727e-02 5.413631285397e-01 1.393718866186e+01
29 1 2.329882713117e-231 -2.444374171940e-92 7.770537047321e-118 -6.021961279972e-116 3.185718319355e-01 4.977567379234e-01
29 2 1.613722370114e-211 -8.907376572595e-76 -6.031962101515e-107 -1.000607598109e-105 2.181910322010e-02 9.955134758468e-01
29 3 2.277933196747e-198 -4.997136017080e-66 2.701096390235e-99 -4.961782411759e-99 -3.179036096451e-01 1.493270213770e+00
29 4 2.170165572255e-188 -1.518743892020e-59 7.339998142478e-94 -4.222855897026e-95 -4.399936987132e-02 1.991026951694e+00
29 5 2.571118912288e-179 -2.647386907637e-54 7.400641295123e-90 3.075495078910e-89 3.164869209362e-01 2.488783689617e+00
29 6 1.984838763038e-171 -2.224961381299e-50 -3.324581689678e-85 2.658342193050e-86 6.691600456122e-02 2.986540427540e+00
29 7 1.663888672727e-163 -8.962033247094e-47 1.348866654894e-81 -3.297376030485e-81 -3.141519849452e-01 3.484297165464e+00
29 8 3.003478797584e-156 -5.580843758303e-44 6.973700721800e-78 1.583056703049e-77 -9.097369398828e-02 3.982053903387e+00
29 9 1.261281895321e-148 -3.417750547179e-41 -1.005188326733e-73 -7.615869338481e-74 3.106185237857e-01 4.479810641311e+00
29 10 1.874042359086e-141 -5.120438661639e-39 4.888986196197e-70 2.296007840512e-70 1.166249270032e-01 4.977567379234e+00
29 11 9.550584703128e-134 -1.047384551606e-36 -3.644258697862e-66 -2.170094341442e-66 -3.054575199612e-01 5.475324117157e+00
29 12 2.265727507114e-126 -6.526665396554e-35 1.297343465688e-62 1.842816191585e-62 -1.443927835526e-01 5.973080855081e+00
29 13 2.407426427269e-118 -6.646757845410e-33 3.822176591423e-59 -2.487480093359e-58 2.980245781915e-01 6.470837593004e+00
29 14 0.000000000000e+00 -2.312812663188e-31 0.000000000000e+00 0.000000000000e+00 1.748997184014e-01 6.968594330928e+00
29 15 0.000000000000e+00 -1.474085872280e-29 0.000000000000e+00 0.000000000000e+00 -2.873431143460e-01 7.466351068851e+00
29 16 0.000000000000e+00 -3.408089498776e-28 0.000000000000e+00 0.000000000000e+00 -2.089028909334e-01 7.964107806774e+00
29 17 0.000000000000e+00 -1.568996902650e-26 0.000000000000e+00 0.000000000000e+00 2.718928746602e-01 8.461864544698e+00
29 18 0.000000000000e+00 -2.687467412351e-25 0.000000000000e+00 0.000000000000e+00 2.473321499716e-01 8.959621282621e+00
29 19 0.000000000000e+00 -9.849560206001e-24 0.000000000000e+00 0.000000000000e+00 -2.492064047292e-01 9.457378020545e+00
29 20 0.000000000000e+00 -1.340409511406e-22 0.000000000000e+00 0.000000000000e+00 -2.913097079490e-01 9.955134758468e+00
29 21 0.000000000000e+00 -4.203503007887e-21 0.000000000000e+00 0.000000000000e+00 2.150394920308e-01 1.045289149639e+01
29 22 0.000000000000e+00 -4.744947634841e-20 0.000000000000e+00 0.000000000000e+00 3.420650840272e-01 1.095064823431e+01
29 23 0.000000000000e+00 -1.353532202336e-18 0.000000000000e+00 0.000000000000e+00 -1.614763573989e-01 1.144840497224e+01
29 24 0.000000000000e+00 -1.290786185388e-17 0.000000000000e+00 0.000000000000e+00 -4.003843647208e-01 1.194616171016e+01
29 25 0.000000000000e+00 -3.575462618526e-16 0.000000000000e+00 0.000000000000e+00 7.185533998368e-02 1.244391844808e+01
29 26 0.000000000000e+00 -2.820002844710e-15 0.000000000000e+00 0.000000000000e+00 4.638401357204e-01 1.294167518601e+01
29 27 0.000000000000e+00 -8.430540118994e-14 0.000000000000e+00 0.000000000000e+00 9.722678446273e-02 1.343943192393e+01
29 28 5.681962147039e-09 -4.712567521323e-13 -2.598770741972e-03 4.255640579161e-04 -5.096804728305e-01 1.393718866186e+01
29 29 1.292681208572e-06 -2.255391779095e-11 -4.085082311978e-02 4.858468240277e-03 -5.495597072502e-01 1.443494539978e+01
30 1 3.289258952902e-240 -2.680359820708e-96 -5.006424990743e-122 -2.262297927599e-120 1.052714481367e-02 4.977567379234e-01
30 2 2.417051157113e-219 -7.849641316587e-79 -1.637485743401e-110 -1.215840383066e-109 -3.183234791439e-01 9.955134758468e-01
30 3 2.590822905816e-206 -4.395218853596e-69 2.246441677399e-103 -5.590391591801e-103 -3.174386357743e-02 1.493270213770e+00
30 4 1.114608096968e-195 -5.019144684477e-62 1.625624427512e-97 -3.654872910217e-98 3.173654022156e-01 1.991026951694e+00
30 5 6.622043922264e-187 -6.063532932086e-57 2.219128197665e-93 4.565890683337e-93 5.345371894664e-02 2.488783689617e+00
30 6 1.798283070344e-178 -1.551499677730e-52 -9.414994628082e-89 3.483957704805e-89 -3.156496929306e-01 2.986540427540e+00
30 7 6.235870466527e-171 -3.744046678854e-49 3.326966335060e-86 -6.888866719983e-85 -7.600551307703e-02 3.484297165464e+00
30 8 3.454724352912e-163 -6.449128862521e-46 4.322073533256e-81 3.967293379460e-81 3.129842617336e-01 3.982053903387e+00
30 9 5.238254619450e-156 -2.180630339028e-43 -2.540316258044e-77 -3.898595985554e-78 9.978006037347e-02 4.479810641311e+00
30 10 2.164454767448e-148 -8.581361492308e-41 1.814767456243e-73 -2.758577468070e-74 -3.090693495671e-01 4.977567379234e+00
30 11 3.523641265347e-141 -9.168754906453e-39 -8.042102256863e-70 1.302903218599e-70 -1.252069816822e-01 5.475324117157e+00
30 12 2.130513259392e-133 -1.458315129267e-36 6.847472292263e-66 9.336739712832e-67 3.034575656355e-01 5.973080855081e+00
30 13 6.345222721898e-126 -7.426775631855e-35 -2.973741061981e-62 -2.801852440935e-62 1.527856413604e-01 6.470837593004e+00
30 14 0.000000000000e+00 -6.506418634517e-33 0.000000000000e+00 0.000000000000e+00 -2.954856742081e-01 6.968594330928e+00
30 15 0.000000000000e+00 -1.994393573671e-31 0.000000000000e+00 0.000000000000e+00 -1.831112924998e-01 7.466351068851e+00
30 16 0.000000000000e+00 -1.158993486713e-29 0.000000000000e+00 0.000000000000e+00 2.841563462611e-01 7.964107806774e+00
30 17 0.000000000000e+00 -2.466632470940e-28 0.000000000000e+00 0.000000000000e+00 2.169062089274e-01 8.461864544698e+00
30 18 0.000000000000e+00 -1.072904701746e-26 0.000000000000e+00 0.000000000000e+00 -2.679256262999e-01 8.959621282621e+00
30 19 0.000000000000e+00 -1.737641254093e-25 0.000000000000e+00 0.000000000000e+00 -2.550504655891e-01 9.457378020545e+00
30 20 0.000000000000e+00 -6.156263108989e-24 0.000000000000e+00 0.000000000000e+00 2.442996734066e-01 9.955134758468e+00
30 21 0.000000000000e+00 -8.054221482252e-23 0.000000000000e+00 0.000000000000e+00 2.985885021792e-01 1.045289149639e+01
30 22 0.000000000000e+00 -2.479607291672e-21 0.000000000000e+00 0.000000000000e+00 -2.090099039991e-01 1.095064823431e+01
30 23 0.000000000000e+00 -2.717999149114e-20 0.000000000000e+00 0.000000000000e+00 -3.486190287117e-01 1.144840497224e+01
30 24 0.000000000000e+00 -7.696180859667e-19 0.000000000000e+00 0.000000000000e+00 1.541377944583e-01 1.194616171016e+01
30 25 0.000000000000e+00 -7.165220248601e-18 0.000000000000e+00 0.000000000000e+00 4.056950768996e-01 1.244391844808e+01
30 26 0.000000000000e+00 -1.987616656988e-16 0.000000000000e+00 0.000000000000e+00 -6.311380940218e-02 1.294167518601e+01
30 27 0.000000000000e+00 -1.532437517405e-15 0.000000000000e+00 0.000000000000e+00 -4.669626755066e-01 1.343943192393e+01
30 28 0.000000000000e+00 -4.629545278927e-14 0.000000000000e+00 0.000000000000e+00 -1.069829711915e-01 1.393718866186e+01
30 29 4.508173610469e-09 -2.521555345846e-13 -2.369659353801e-03 -5.356043517419e-04 5.090011589794e-01 1.443494539978e+01
30 30 1.014475051598e-06 -1.239364739281e-11 -3.656525012014e-02 -9.182739347011e-03 5.575093521437e-01 1.493270213770e+01
