2 1 3.470035231574e-06 -1.119308805578e-04 -1.689831207548e-04 1.810018387319e-03 2.859057042010e-01 3.893234647722e-01
2 2 3.344003928224e-02 -6.594272693356e-03 3.510481219034e-01 6.444381140356e-02 1.057030489851e-01 7.786469295445e-01
3 1 1.500621621820e-09 -3.764242157140e-07 1.855739394922e-05 3.293561522520e-05 -3.328742768570e-01 3.893234647722e-01
3 2 8.849583864213e-06 -6.483206166967e-05 -3.908974362700e-03 -4.293235266230e-03 -3.520476489244e-01 7.786469295445e-01
3 3 2.325897419171e-02 -2.542016211643e-03 -2.925287254924e-01 3.373205310752e-01 -1.571313790596e-01 1.167970394317e+00
4 1 6.970925001315e-14 -9.581964849693e-10 2.022880667537e-07 1.595864073151e-07 -1.013638745553e-01 3.893234647722e-01
4 2 1.152015240550e-08 -6.473692340128e-07 -2.080109379288e-04 2.483479793059e-05 2.930910545953e-01 7.786469295445e-01
4 3 1.197152221447e-05 -2.830378916298e-05 1.001144150494e-02 1.543308540203e-03 3.907781456054e-01 1.167970394317e+00
4 4 1.445760895769e-02 -9.203639399274e-04 -3.573766722370e-02 -4.680003578085e-01 1.982778383225e-01 1.557293859089e+00
5 1 2.022677126486e-17 -2.766464057371e-12 3.971419564879e-09 1.868418930809e-09 3.235437095255e-01 3.893234647722e-01
5 2 1.564179795850e-12 -3.803074278132e-09 -1.755896576329e-06 1.695722465468e-06 1.658093482797e-01 7.786469295445e-01
5 3 3.131889758602e-08 -4.703953764152e-07 2.761972855040e-04 -4.383569030770e-04 -2.571787625995e-01 1.167970394317e+00
5 4 1.250946002982e-05 -1.153196931754e-05 -1.238470391783e-02 6.102065787342e-03 -4.165623301420e-01 1.557293859089e+00
5 5 9.088706853656e-03 -3.452834768914e-04 3.195383431948e-01 3.380653931750e-01 -2.333116969560e-01 1.946617323861e+00
6 1 7.627720214551e-22 -4.052392897357e-15 2.607058174696e-11 6.837991873203e-12 6.439379444468e-02 3.893234647722e-01
6 2 1.184855225090e-15 -3.092412286378e-11 -2.422967753457e-08 6.266224056003e-08 -3.092111663216e-01 7.786469295445e-01
6 3 7.688840150340e-12 -3.963833736360e-09 -2.297121714471e-06 -7.786276916398e-06 -2.132939720873e-01 1.167970394317e+00
6 4 5.573767718826e-08 -2.626132268050e-07 1.651289046876e-04 9.066694891835e-04 2.239952366532e-01 1.557293859089e+00
6 5 1.139641513299e-05 -4.594038696862e-06 8.442318682926e-03 -1.414441337145e-02 4.347023501111e-01 1.946617323861e+00
6 6 5.830438218271e-03 -1.338917234004e-04 -4.390327003825e-01 -8.453741726027e-02 2.639976942497e-01 2.335940788633e+00
7 1 1.228462140691e-25 -8.223218736326e-18 3.397852183201e-13 3.924021069790e-14 -3.210238529932e-01 3.893234647722e-01
7 2 1.301792270670e-19 -1.201020387109e-13 -1.405878144244e-11 7.040682999726e-10 -1.124668849535e-01 7.786469295445e-01
7 3 9.686065046735e-15 -5.343592746949e-11 -2.255850371567e-07 -1.792566782091e-07 2.933454224221e-01 1.167970394317e+00
7 4 2.105376271564e-11 -2.695160928343e-09 1.658587970342e-05 6.761707689530e-06 2.505060813605e-01 1.557293859089e+00
7 5 7.779518502149e-08 -1.307460969817e-07 -1.012281778742e-03 -9.096761284289e-04 -1.931830474424e-01 1.946617323861e+00
7 6 9.565166862857e-06 -1.816438477269e-06 2.863983393910e-04 1.810688406111e-02 -4.478444578996e-01 2.335940788633e+00
7 7 3.803749569767e-03 -5.316151770426e-05 3.882330400600e-01 -1.636443294874e-01 -2.913418556692e-01 2.725264253406e+00
8 1 3.244222005331e-30 -7.241223318587e-21 1.757704937326e-15 -1.182306941365e-17 -4.772794443950e-02 3.893234647722e-01
8 2 6.034256421836e-23 -7.318390964585e-16 3.873255613215e-12 1.465841759855e-11 3.134716080101e-01 7.786469295445e-01
8 3 1.838167911202e-18 -3.256162209470e-13 -3.910262488285e-09 -6.820713526231e-10 1.510535164490e-01 1.167970394317e+00
8 4 3.826162845475e-14 -4.969409536670e-11 7.098419194280e-07 -2.813286388216e-07 -2.767645492511e-01 1.557293859089e+00
8 5 4.158755127677e-11 -1.512260132861e-09 -2.910855250610e-05 1.195198355950e-05 -2.806674885613e-01 1.946617323861e+00
8 6 0.000000000000e+00 -6.133881834133e-08 0.000000000000e+00 0.000000000000e+00 1.645091061968e-01 2.335940788633e+00
8 7 7.616186189192e-06 -7.169500033416e-07 -9.956512416466e-03 -1.600880904559e-02 4.575199550912e-01 2.725264253406e+00
8 8 2.513765585395e-03 -2.145459606529e-05 -2.225562641372e-01 3.220020101121e-01 3.160067022822e-01 3.114587718178e+00
9 1 3.235450710157e-34 -1.032289247779e-23 1.744813081168e-17 -1.921986343551e-18 3.199753988938e-01 3.893234647722e-01
9 2 4.917857229903e-27 -1.885476043826e-18 6.532337330207e-14 1.202793991886e-13 8.601161215076e-02 7.786469295445e-01
9 3 1.462012551317e-21 -3.439449323998e-15 -1.088888285453e-10 2.597075436506e-11 -3.043456828836e-01 1.167970394317e+00
9 4 1.045431361927e-17 -3.926101340086e-13 6.714271626645e-09 -1.068732123813e-08 -1.832478995086e-01 1.557293859089e+00
9 5 1.023243854571e-13 -3.470901250809e-11 -4.452456899366e-07 1.495993619203e-06 2.599342841508e-01 1.946617323861e+00
9 6 6.623527083836e-11 -7.657068587410e-10 2.214221276675e-05 -4.219710191052e-05 3.056463512389e-01 2.335940788633e+00
9 7 0.000000000000e+00 -2.780348122512e-08 0.000000000000e+00 0.000000000000e+00 -1.377719028026e-01 2.725264253406e+00
9 8 5.852051832075e-06 -2.831743539045e-07 1.672652307047e-02 8.769947240785e-03 -4.646949390053e-01 3.114587718178e+00
9 9 1.677694294954e-03 -8.756580273486e-06 1.895523351152e-02 -3.592491448659e-01 -3.384651501964e-01 3.503911182950e+00
10 1 6.126136870981e-39 -5.965471528051e-27 7.483824212039e-20 -1.528148047912e-20 3.806695323865e-02 3.893234647722e-01
10 2 1.511730093563e-30 -8.511432812079e-21 1.550162699818e-15 1.831894956327e-15 -3.152755321580e-01 7.786469295445e-01
10 3 2.122588017715e-25 -1.495911337592e-17 -1.124410178249e-12 7.449982483834e-13 -1.181225233149e-01 1.167970394317e+00
10 4 1.189448538350e-20 -5.842424569862e-15 1.504226057094e-11 -4.254632708885e-10 2.942673580518e-01 1.557293859089e+00
10 5 3.699824725825e-17 -3.239908740771e-13 1.321232566973e-08 2.657678461815e-08 2.107477709983e-01 1.946617323861e+00
10 6 2.126776475939e-13 -2.072820089665e-11 -1.328663626172e-06 -2.350807442781e-06 -2.431390272977e-01 2.335940788633e+00
10 7 0.000000000000e+00 -3.647241710394e-10 0.000000000000e+00 0.000000000000e+00 -3.266494692872e-01 2.725264253406e+00
10 8 0.000000000000e+00 -1.233463846535e-08 0.000000000000e+00 0.000000000000e+00 1.127878820871e-01 3.114587718178e+00
10 9 4.385273747232e-06 -1.120383790836e-07 -1.837625462470e-02 7.734843688259e-04 4.700146483451e-01 3.503911182950e+00
10 10 1.128246233923e-03 -3.602146973009e-06 1.538544510871e-01 2.894450502164e-01 3.590719279256e-01 3.893234647722e+00
11 1 4.123564643326e-43 -6.205416350945e-30 6.018254702332e-22 -1.746934438438e-22 -3.194373896471e-01 3.893234647722e-01
11 2 9.239199800379e-35 -1.533190167129e-23 1.451383969201e-17 1.188739394844e-17 -6.991468222099e-02 7.786469295445e-01
11 3 1.166772847244e-28 -1.220164258513e-19 -1.994193411526e-14 2.454359392257e-14 3.092839540038e-01 1.167970394317e+00
11 4 2.507952120946e-24 -3.480920561053e-17 -2.525566704499e-12 -5.642435198992e-12 1.458055784580e-01 1.557293859089e+00
11 5 5.536076821273e-20 -6.120864087530e-15 1.020737791183e-09 5.255269115993e-10 -2.835991286116e-01 1.946617323861e+00
11 6 9.713763682926e-17 -2.168816418417e-13 -5.653012246589e-08 -1.160622008322e-08 -2.346098769570e-01 2.335940788633e+00
11 7 0.000000000000e+00 -1.125510388666e-11 0.000000000000e+00 0.000000000000e+00 2.265561293339e-01 2.725264253406e+00
11 8 0.000000000000e+00 -1.670672517088e-10 0.000000000000e+00 0.000000000000e+00 3.445119903844e-01 3.114587718178e+00
11 9 0.000000000000e+00 -5.394872522866e-09 0.000000000000e+00 0.000000000000e+00 -8.939013560204e-02 3.503911182950e+00
11 10 3.226948396670e-06 -4.442277980209e-08 1.483256329934e-02 -9.344337332810e-03 -4.739279699764e-01 3.893234647722e+00
11 11 7.632830510102e-04 -1.490027177325e-06 -2.530028680873e-01 -1.547477777677e-01 -3.781020909283e-01 4.282558112495e+00
12 1 5.812151607782e-48 -2.518423032443e-33 2.204947609106e-24 -8.206492832984e-25 -3.171398217079e-02 3.893234647722e-01
12 2 2.008562970106e-38 -5.248128414524e-26 2.394616104895e-19 1.384670270280e-19 3.162196726892e-01 7.786469295445e-01
12 3 1.312426004934e-32 -3.906119274796e-22 -1.342726367280e-16 3.073467280536e-16 9.738789728728e-02 1.167970394317e+00
12 4 2.011738658249e-27 -4.127029967855e-19 -1.278129007435e-13 -1.196588690948e-13 -3.024374964901e-01 1.557293859089e+00
12 5 1.535074210749e-23 -4.496549100745e-17 1.905851886318e-11 -1.502856789314e-12 -1.701076760192e-01 1.946617323861e+00
12 6 1.827187016344e-19 -4.896828703311e-15 -2.160202568434e-09 1.264130745762e-09 2.725766905610e-01 2.335940788633e+00
12 7 2.066533212218e-16 -1.277401279689e-13 7.999682669782e-08 -5.695712947222e-08 2.555509073752e-01 2.725264253406e+00
12 8 0.000000000000e+00 -5.742979833406e-12 0.000000000000e+00 0.000000000000e+00 -2.102959181910e-01 3.114587718178e+00
12 9 0.000000000000e+00 -7.453641770254e-11 0.000000000000e+00 0.000000000000e+00 -3.598397582732e-01 3.503911182950e+00
12 10 0.000000000000e+00 -2.336529306864e-09 0.000000000000e+00 0.000000000000e+00 6.742823973058e-02 3.893234647722e+00
12 11 2.342683058750e-06 -1.765303877550e-08 -7.765273257914e-03 1.447967030860e-02 4.767570164257e-01 4.282558112495e+00
12 12 5.188339966600e-04 -6.187821928468e-07 2.666817299601e-01 5.800595741538e-03 3.957740771820e-01 4.671881577267e+00
13 1 2.809363065666e-52 -1.983584642136e-36 1.491382599256e-26 -6.717903145802e-27 3.191242382786e-01 3.893234647722e-01
13 2 9.445292487339e-43 -6.932122758003e-29 1.763722776319e-21 6.981464706384e-22 5.900266401755e-02 7.786469295445e-01
13 3 5.277210110611e-36 -2.494976506838e-24 -1.140808569879e-18 6.628029717572e-18 -3.119617134764e-01 1.167970394317e+00
13 4 3.354106796004e-31 -1.886147879511e-21 -2.084841413563e-15 -8.742667398328e-16 -1.215806739908e-01 1.557293859089e+00
13 5 1.626863584003e-26 -6.929805687425e-19 5.255567550367e-13 -3.333615799368e-13 2.950010721848e-01 1.946617323861e+00
13 6 6.304642890269e-23 -4.172340971760e-17 -1.796370763918e-11 4.288180167773e-11 1.917144119263e-01 2.335940788633e+00
13 7 4.755494505529e-19 -3.316913914541e-15 6.212111039714e-10 -4.669679883228e-09 -2.613622779654e-01 2.725264253406e+00
13 8 3.750305570700e-16 -6.917253354221e-14 -2.942650367725e-08 1.482989452817e-07 -2.740870293356e-01 3.114587718178e+00
13 9 0.000000000000e+00 -2.807529430590e-12 0.000000000000e+00 0.000000000000e+00 1.944254148980e-01 3.503911182950e+00
13 10 0.000000000000e+00 -3.264425696283e-11 0.000000000000e+00 0.000000000000e+00 3.730875443611e-01 3.893234647722e+00
13 11 0.000000000000e+00 -1.004864041106e-09 0.000000000000e+00 0.000000000000e+00 -4.676758249005e-02 4.282558112495e+00
13 12 1.683365912538e-06 -7.030634464316e-09 -3.212544827298e-04 -1.519056499608e-02 -4.787386717766e-01 4.671881577267e+00
13 13 3.540233838654e-04 -2.576947891573e-07 -2.094055592317e-01 1.145816271785e-01 -4.122645654753e-01 5.061205042039e+00
14 1 3.048782364758e-57 -5.946838867454e-40 4.766917004415e-29 -2.512345146108e-29 2.720218501929e-02 3.893234647722e-01
14 2 1.524424783941e-46 -1.848273223065e-31 2.339060736152e-23 5.796533858458e-24 -3.167790244001e-01 7.786469295445e-01
14 3 4.691671947932e-40 -6.077605717317e-27 3.129989796345e-21 6.333677210557e-20 -8.301571321076e-02 1.167970394317e+00
14 4 2.012066590703e-34 -1.797323367822e-23 -5.520082462355e-17 -4.336693590548e-18 3.069764432423e-01 1.557293859089e+00
14 5 3.604328251405e-30 -4.038194396997e-21 4.990826838122e-15 -7.804298530478e-15 1.431953808163e-01 1.946617323861e+00
14 6 8.351372576368e-26 -7.824182284198e-19 2.921212138931e-13 1.666712083019e-12 -2.871518159086e-01 2.335940788633e+00
14 7 1.973983136235e-22 -3.152942026003e-17 -5.382769327832e-11 -7.946254199330e-11 -2.111054482886e-01 2.725264253406e+00
14 8 1.036652833847e-18 -2.012417621907e-15 5.134273693457e-09 6.068301645342e-09 2.500710557746e-01 3.114587718178e+00
14 9 0.000000000000e+00 -3.534207631807e-14 0.000000000000e+00 0.000000000000e+00 2.906064550630e-01 3.503911182950e+00
14 10 0.000000000000e+00 -1.330954485347e-12 0.000000000000e+00 0.000000000000e+00 -1.789831148126e-01 3.893234647722e+00
14 11 0.000000000000e+00 -1.410653602135e-11 0.000000000000e+00 0.000000000000e+00 -3.846056855043e-01 4.282558112495e+00
14 12 0.000000000000e+00 -4.299223089419e-10 0.000000000000e+00 0.000000000000e+00 2.728821613769e-02 4.671881577267e+00
14 13 1.200030473534e-06 -2.806001847610e-09 7.051516029287e-03 1.197579149889e-02 4.800506702732e-01 5.061205042039e+00
14 14 2.423193414698e-04 -1.075356205761e-07 1.114375304505e-01 -1.811452819289e-01 4.277185738857e-01 5.450528506811e+00
15 1 1.107798118331e-61 -3.658724714428e-43 2.782505046790e-31 -1.675675674205e-31 -3.189258072827e-01 3.893234647722e-01
15 2 5.658083956677e-51 -1.860309551490e-34 1.457716017941e-25 1.745753753926e-26 -5.108682493526e-02 7.786469295445e-01
15 3 1.437933899776e-43 -3.099677136007e-29 2.744186602344e-22 1.075723812515e-21 3.135880882946e-01 1.167970394317e+00
15 4 2.704851686377e-38 -6.447794181787e-26 -6.275974162868e-19 1.352042147922e-19 1.044879939551e-01 1.557293859089e+00
15 5 2.893109168638e-33 -5.107602579171e-23 4.590854749463e-17 -2.584074743412e-16 -3.014614770449e-01 1.946617323861e+00
15 6 2.308899192603e-29 -5.436614952922e-21 1.784762679355e-14 2.175010730848e-14 -1.627123271631e-01 2.335940788633e+00
15 7 3.159806117281e-25 -6.894356975465e-19 -3.636286935998e-12 -1.234038409788e-12 2.790157613830e-01 2.725264253406e+00
15 8 5.062205060789e-22 -2.078739961262e-17 1.752815492102e-10 1.144711576875e-11 2.286337071885e-01 3.114587718178e+00
15 9 0.000000000000e+00 -1.130770292114e-15 0.000000000000e+00 0.000000000000e+00 -2.387861522172e-01 3.503911182950e+00
15 10 0.000000000000e+00 -1.731698275323e-14 0.000000000000e+00 0.000000000000e+00 -3.054107081608e-01 3.893234647722e+00
15 11 0.000000000000e+00 -6.167480082551e-13 0.000000000000e+00 0.000000000000e+00 1.639885045705e-01 4.282558112495e+00
15 12 0.000000000000e+00 -6.035393682775e-12 0.000000000000e+00 0.000000000000e+00 3.946696361959e-01 4.671881577267e+00
15 13 0.000000000000e+00 -1.832174444059e-10 0.000000000000e+00 0.000000000000e+00 -8.883477712075e-03 5.061205042039e+00
15 14 8.501793044387e-07 -1.122132793038e-09 -1.087177485838e-02 -6.364048542083e-03 -4.808286198666e-01 5.450528506811e+00
15 15 1.662863476156e-04 -4.493967302836e-08 -6.790224918955e-03 1.886422223215e-01 -4.422565985907e-01 5.839851971584e+00
16 1 9.519902513361e-67 -8.421013928099e-47 7.883954372448e-34 -5.339193053142e-34 -2.382597271848e-02 3.893234647722e-01
16 2 7.036561884155e-55 -3.958640813374e-37 1.637214146252e-27 8.071137598754e-30 3.171388741584e-01 7.786469295445e-01
16 3 1.030870030675e-47 -5.914678048993e-32 3.960389564143e-24 8.524883281989e-24 7.242129187178e-02 1.167970394317e+00
16 4 1.261198685524e-41 -5.009880522557e-28 -1.231055971713e-20 6.374048649976e-21 -3.097817891751e-01 1.557293859089e+00
16 5 5.239383986300e-37 -2.398301417041e-25 -6.440728547632e-19 -3.472695798663e-18 -1.239167430478e-01 1.946617323861e+00
16 6 2.328830663282e-32 -8.509472305125e-23 8.161981840362e-16 3.636742627216e-16 2.955520778388e-01 2.335940788633e+00
16 7 1.048214865916e-28 -5.470142074881e-21 -6.760250959482e-14 1.792933708681e-14 1.804770942173e-01 2.725264253406e+00
16 8 9.579415423440e-25 -5.147715796854e-19 6.057942069381e-12 -4.657129515651e-12 -2.706861764284e-01 3.114587718178e+00
16 9 1.111625827045e-21 -1.245860920633e-17 -2.083835112964e-10 2.057386564659e-10 -2.445691257046e-01 3.503911182950e+00
16 10 0.000000000000e+00 -6.009971146227e-16 0.000000000000e+00 0.000000000000e+00 2.275680504093e-01 3.893234647722e+00
16 11 0.000000000000e+00 -8.225135367058e-15 0.000000000000e+00 0.000000000000e+00 3.187398075862e-01 4.282558112495e+00
16 12 0.000000000000e+00 -2.808805926212e-13 0.000000000000e+00 0.000000000000e+00 -1.494483351012e-01 4.671881577267e+00
16 13 0.000000000000e+00 -2.562755221658e-12 0.000000000000e+00 0.000000000000e+00 -4.034995963654e-01 5.061205042039e+00
16 14 0.000000000000e+00 -7.784364128941e-11 0.000000000000e+00 0.000000000000e+00 -8.541439147882e-03 5.450528506811e+00
16 15 5.993406143259e-07 -4.495768662628e-10 1.132978694125e-02 2.513945887408e-04 4.811774726059e-01 5.839851971584e+00
16 16 1.143529289739e-04 -1.880001835333e-08 -7.666106041037e-02 -1.483333881940e-01 4.559798141119e-01 6.229175436356e+00
17 1 2.692770872230e-71 -4.152047990410e-50 4.046890796597e-36 -3.044263557775e-36 3.187921017898e-01 3.893234647722e-01
17 2 2.108116888674e-59 -3.130894595660e-40 8.915108468388e-30 -9.100918836777e-31 4.506901481137e-02 7.786469295445e-01
17 3 2.485462012335e-51 -2.454798461483e-34 8.314953805127e-26 1.199568254291e-25 -3.146542793954e-01 1.167970394317e+00
17 4 1.391023926513e-45 -1.442045245922e-30 -1.091344015732e-22 9.636267636074e-23 -9.172423820760e-02 1.557293859089e+00
17 5 3.313670057560e-40 -2.517222741783e-27 -4.355559726904e-20 -7.741075408787e-20 3.055112109225e-01 1.946617323861e+00
17 6 5.307547336854e-36 -4.871565756811e-25 1.348932808294e-17 -8.382540056183e-20 1.416547426643e-01 2.335940788633e+00
17 7 1.277364674005e-31 -1.012142711281e-22 -1.715475468946e-15 1.737252515488e-15 -2.893463287079e-01 2.725264253406e+00
17 8 3.715279239580e-28 -4.527250687335e-21 3.877526236245e-14 -1.454011218870e-13 -1.967487487532e-01 3.114587718178e+00
17 9 2.449305775097e-24 -3.421540346837e-19 -5.934241672936e-14 1.374549802511e-11 2.622338379066e-01 3.503911182950e+00
17 10 0.000000000000e+00 -6.966945629020e-18 0.000000000000e+00 0.000000000000e+00 2.591244986599e-01 3.893234647722e+00
17 11 0.000000000000e+00 -3.064066296454e-16 0.000000000000e+00 0.000000000000e+00 -2.164608211250e-01 4.282558112495e+00
17 12 0.000000000000e+00 -3.815164901934e-15 0.000000000000e+00 0.000000000000e+00 -3.307885311112e-01 4.671881577267e+00
17 13 0.000000000000e+00 -1.262050448190e-13 0.000000000000e+00 0.000000000000e+00 1.353608312068e-01 5.061205042039e+00
17 14 0.000000000000e+00 -1.081868090533e-12 0.000000000000e+00 0.000000000000e+00 4.112740413813e-01 5.450528506811e+00
17 15 0.000000000000e+00 -3.299413876720e-11 0.000000000000e+00 0.000000000000e+00 2.507085452679e-02 5.839851971584e+00
17 16 4.208341288089e-07 -1.804297337825e-10 -8.966508899815e-03 4.711984891455e-03 -4.811794592727e-01 6.229175436356e+00
17 17 7.877860101163e-05 -7.870557663965e-09 1.229329818176e-01 8.105474181125e-02 -4.689739519081e-01 6.618498901128e+00
18 1 1.875396987085e-76 -7.560705149625e-54 1.029278866131e-38 -8.524304114235e-39 2.120159105732e-02 3.893234647722e-01
18 2 2.080049842458e-63 -5.429770378064e-43 8.721778511157e-32 -1.780114840838e-32 -3.173844892172e-01 7.786469295445e-01
18 3 1.463218460906e-55 -3.759843049210e-37 7.763676117323e-28 8.071013887054e-28 -6.426779885654e-02 1.167970394317e+00
18 4 5.187124310674e-49 -9.273803267589e-33 -1.633520034464e-24 2.288148965554e-24 3.116459976931e-01 1.557293859089e+00
18 5 4.989334150823e-44 -9.682591623382e-30 -7.948084310772e-22 -7.457813378756e-22 1.093615779343e-01 1.946617323861e+00
18 6 4.254702716894e-39 -6.421155645369e-27 3.522320553438e-19 -1.476646610269e-19 -3.008821362406e-01 2.335940788633e+00
18 7 3.507861397735e-35 -6.743799422571e-25 -1.157731050662e-17 3.876765932278e-17 -1.579624302138e-01 2.725264253406e+00
18 8 5.329643276745e-31 -9.593602667601e-23 -1.881090245355e-15 -5.380169211079e-15 2.829182899880e-01 3.114587718178e+00
18 9 1.090701531843e-27 -3.265199522218e-21 1.900448102538e-13 2.191367807411e-13 2.117280752243e-01 3.503911182950e+00
18 10 5.463175315956e-24 -2.089142746936e-19 -1.710167866087e-11 -1.509382027080e-11 -2.537133367696e-01 3.893234647722e+00
18 11 3.771099156602e-21 -3.698756157196e-18 4.462744375937e-10 4.851842245025e-10 -2.724716200436e-01 4.282558112495e+00
18 12 0.000000000000e+00 -1.513048034418e-16 0.000000000000e+00 0.000000000000e+00 2.054964305406e-01 4.671881577267e+00
18 13 0.000000000000e+00 -1.737232579795e-15 0.000000000000e+00 0.000000000000e+00 3.417174092869e-01 5.061205042039e+00
18 14 0.000000000000e+00 -5.610318188497e-14 0.000000000000e+00 0.000000000000e+00 -1.217185559538e-01 5.450528506811e+00
18 15 0.000000000000e+00 -4.546289400781e-13 0.000000000000e+00 0.000000000000e+00 -4.181393329518e-01 5.839851971584e+00
18 16 0.000000000000e+00 -1.395765456624e-11 0.000000000000e+00 0.000000000000e+00 -4.077986225110e-02 6.229175436356e+00
18 17 0.000000000000e+00 -7.252713222882e-11 0.000000000000e+00 0.000000000000e+00 4.808997018210e-01 6.618498901128e+00
18 18 5.435218140037e-05 -3.296659803603e-09 -1.291507638558e-01 -9.551802832339e-03 4.813122492357e-01 7.007822365900e+00
19 1 4.244349660896e-81 -3.051460782824e-57 4.713438356167e-41 -4.266728997550e-41 -3.186977083810e-01 3.893234647722e-01
19 2 5.127579575324e-68 -3.459379906782e-46 4.228612654894e-34 -1.285315703870e-34 -4.033349270661e-02 7.786469295445e-01
19 3 2.845657700723e-59 -1.291674698173e-39 1.238189014430e-29 9.518239409719e-30 3.153929414538e-01 1.167970394317e+00
19 4 4.767018339795e-53 -2.183613906994e-35 -1.068088132790e-26 2.474480533316e-26 8.180250243252e-02 1.557293859089e+00
19 5 2.555608322034e-47 -8.535344200921e-32 -2.198264623713e-23 -1.119052656967e-23 -3.082320608555e-01 1.946617323861e+00
19 6 8.140584358925e-43 -3.066138525351e-29 3.831971224481e-21 -3.636749906598e-21 -1.256011382880e-01 2.335940788633e+00
19 7 3.413011531090e-38 -1.063853213602e-26 2.011396894189e-19 1.245891675853e-18 2.959724718169e-01 2.725264253406e+00
19 8 1.712709690556e-34 -7.203408906168e-25 -7.913391542016e-17 -6.462943823770e-17 1.730385979258e-01 3.114587718178e+00
19 9 1.809001938811e-30 -7.744673587140e-23 1.158120825919e-14 2.328966603554e-15 -2.763254850940e-01 3.503911182950e+00
19 10 2.756751202372e-27 -2.129437381650e-21 -5.116068602760e-13 2.828969558735e-14 -2.255749621143e-01 3.893234647722e+00
19 11 1.088407853659e-23 -1.196686964681e-19 3.530278185049e-11 -2.818889667249e-12 2.451672242250e-01 4.282558112495e+00
19 12 0.000000000000e+00 -1.886802209806e-18 0.000000000000e+00 0.000000000000e+00 2.847518530824e-01 4.671881577267e+00
19 13 0.000000000000e+00 -7.286687240249e-17 0.000000000000e+00 0.000000000000e+00 -1.946978037837e-01 5.061205042039e+00
19 14 0.000000000000e+00 -7.795432246958e-16 0.000000000000e+00 0.000000000000e+00 -3.516604396803e-01 5.450528506811e+00
19 15 0.000000000000e+00 -2.472620859237e-14 0.000000000000e+00 0.000000000000e+00 1.085103804323e-01 5.839851971584e+00
19 16 0.000000000000e+00 -1.903561524885e-13 0.000000000000e+00 0.000000000000e+00 4.242167171249e-01 6.229175436356e+00
19 17 0.000000000000e+00 -5.895270118901e-12 0.000000000000e+00 0.000000000000e+00 5.573545981646e-02 6.618498901128e+00
19 18 0.000000000000e+00 -2.919635838669e-11 0.000000000000e+00 0.000000000000e+00 -4.803902600360e-01 7.007822365900e+00
19 19 3.754681832909e-05 -1.381311656004e-09 1.030950755112e-01 -4.775009570976e-02 -4.930577270860e-01 7.397145830673e+00
20 1 2.442254500227e-86 -4.503280113987e-61 1.087004360700e-43 -1.069731922172e-43 -1.910159894094e-02 3.893234647722e-01
20 2 4.109312638790e-72 -4.977376769628e-49 3.669336861567e-36 -1.479913069284e-36 3.175598041358e-01 7.786469295445e-01
20 3 1.397843188161e-63 -1.620712734899e-42 9.527679413139e-32 5.388486523239e-32 5.778879359848e-02 1.167970394317e+00
20 4 1.453775025477e-56 -1.178636105560e-37 -9.748964595480e-29 4.604546212377e-28 -3.129518458337e-01 1.557293859089e+00
20 5 3.244685395682e-51 -2.731076100612e-34 -2.720368856427e-25 -5.699672358505e-26 -9.795058693574e-02 1.946617323861e+00
20 6 5.333817531959e-46 -3.437232272873e-31 6.182287380171e-23 -1.202701101355e-22 3.044969275506e-01 2.335940788633e+00
20 7 7.920833626042e-42 -6.006153947031e-29 1.050755572298e-20 1.610037089784e-20 1.406452658221e-01 2.725264253406e+00
20 8 1.964242067168e-37 -1.315066920595e-26 -3.405827440387e-18 -6.104063255552e-19 -2.908418301064e-01 3.114587718178e+00
20 9 6.664256603866e-34 -6.401956814056e-25 2.080354796132e-16 -9.016692179424e-17 -1.870393080394e-01 3.503911182950e+00
20 10 5.218263319889e-30 -5.557159284998e-23 -1.599512410583e-14 1.552811629560e-14 2.696134871506e-01 3.893234647722e+00
20 11 6.161659641169e-27 -1.287230366335e-21 5.149153444574e-13 -6.670114653392e-13 2.384195870379e-01 4.282558112495e+00
20 12 1.969818881254e-23 -6.525253148438e-20 -3.466509623685e-11 3.872643583944e-11 -2.366288822488e-01 4.671881577267e+00
20 13 0.000000000000e+00 -9.327861098182e-19 0.000000000000e+00 0.000000000000e+00 -2.960833356941e-01 5.061205042039e+00
20 14 0.000000000000e+00 -3.439510656696e-17 0.000000000000e+00 0.000000000000e+00 1.840810501299e-01 5.450528506811e+00
20 15 0.000000000000e+00 -3.456987552489e-16 0.000000000000e+00 0.000000000000e+00 3.607306686830e-01 5.839851971584e+00
20 16 0.000000000000e+00 -1.082112031861e-14 0.000000000000e+00 0.000000000000e+00 -9.572284853843e-02 6.229175436356e+00
20 17 0.000000000000e+00 -7.947251487875e-14 0.000000000000e+00 0.000000000000e+00 -4.296075264003e-01 6.618498901128e+00
20 18 0.000000000000e+00 -2.486725485363e-12 0.000000000000e+00 0.000000000000e+00 -6.999754637827e-02 7.007822365900e+00
20 19 0.000000000000e+00 -1.176912982289e-11 0.000000000000e+00 0.000000000000e+00 4.796930985594e-01 7.397145830673e+00
20 20 2.596538742789e-05 -5.789001179165e-10 -5.865603211046e-02 8.031703284322e-02 5.042649741322e-01 7.786469295445e+00
21 1 4.521214292641e-91 -1.514223989133e-64 4.491507937596e-46 -4.783783148799e-46 3.186285802558e-01 3.893234647722e-01
21 2 8.472627654489e-77 -2.607164875135e-52 1.604183604836e-38 -8.088205959782e-39 3.650670521950e-02 7.786469295445e-01
21 3 2.237934758667e-67 -4.678143974856e-45 1.285069720273e-33 5.165102963924e-34 -3.159266407376e-01 1.167970394317e+00
21 4 1.128537725252e-60 -2.308510241429e-40 -8.871999256860e-32 4.145902930711e-30 -7.385467992204e-02 1.557293859089e+00
21 5 1.374425687801e-54 -2.045514011275e-36 -5.715638735259e-27 2.348748186772e-28 3.101551311723e-01 1.946617323861e+00
21 6 8.686896209757e-50 -1.385688237689e-33 2.743757883479e-25 -1.703823937612e-24 1.129205774083e-01 2.335940788633e+00
21 7 6.338437636522e-45 -8.146088157341e-31 4.478655972632e-22 3.085507665449e-22 -3.005037157046e-01 2.725264253406e+00
21 8 5.356002719145e-41 -8.483447057669e-29 -5.467101311116e-20 1.660177100274e-20 -1.546510790628e-01 3.114587718178e+00
21 9 8.825789513464e-37 -1.319812899615e-26 4.655107378945e-18 -6.812717588290e-18 2.855371449486e-01 3.503911182950e+00
21 10 2.171044754593e-33 -4.969659717688e-25 -6.248782853025e-17 4.503963071559e-16 2.000900131681e-01 3.893234647722e+00
21 11 1.318282550252e-29 -3.647613143843e-23 -4.350593157518e-15 -3.873244385067e-14 -2.628189113274e-01 4.282558112495e+00
21 12 0.000000000000e+00 -7.337936736454e-22 0.000000000000e+00 0.000000000000e+00 -2.503698920369e-01 4.671881577267e+00
21 13 0.000000000000e+00 -3.422635866574e-20 0.000000000000e+00 0.000000000000e+00 2.281245880333e-01 5.061205042039e+00
21 14 0.000000000000e+00 -4.497395906569e-19 0.000000000000e+00 0.000000000000e+00 3.065660636179e-01 5.450528506811e+00
21 15 0.000000000000e+00 -1.597605158463e-17 0.000000000000e+00 0.000000000000e+00 -1.736571057942e-01 5.839851971584e+00
21 16 0.000000000000e+00 -1.518357767217e-16 0.000000000000e+00 0.000000000000e+00 -3.690243347855e-01 6.229175436356e+00
21 17 0.000000000000e+00 -4.708261823345e-15 0.000000000000e+00 0.000000000000e+00 8.334112692362e-02 6.618498901128e+00
21 18 0.000000000000e+00 -3.310159962651e-14 0.000000000000e+00 0.000000000000e+00 4.343971157426e-01 7.007822365900e+00
21 19 0.000000000000e+00 -1.047793465305e-12 0.000000000000e+00 0.000000000000e+00 8.361979626845e-02 7.397145830673e+00
21 20 0.000000000000e+00 -4.750104332690e-12 0.000000000000e+00 0.000000000000e+00 -4.788422946434e-01 7.786469295445e+00
21 21 1.797247819111e-05 -2.426442587035e-10 1.088636486531e-02 -8.619605436988e-02 -5.149815603534e-01 8.175792760217e+00
22 1 2.184452255124e-96 -1.847027818397e-68 9.470107372683e-49 -1.087913162612e-48 1.738231391190e-02 3.893234647722e-01
22 2 5.622125272986e-81 -3.159793379245e-55 1.250479032531e-40 -7.602739629685e-41 -3.176894117315e-01 7.786469295445e-01
22 3 9.301212624033e-72 -4.891965681806e-48 8.636431068456e-36 2.266045561281e-36 -5.251116689767e-02 1.167970394317e+00
22 4 2.866222140618e-64 -1.059056599294e-42 1.021296832267e-32 6.529299045805e-32 3.139040791894e-01 1.557293859089e+00
22 5 1.489462264698e-58 -5.519762925911e-39 -5.732311148515e-29 1.613445489045e-29 8.874669069666e-02 1.946617323861e+00
22 6 4.748254139974e-53 -1.334099731083e-35 -5.465154378163e-27 -3.997585119826e-26 -3.070713942576e-01 2.335940788633e+00
22 7 1.261190670760e-48 -3.934152078631e-33 7.454530769651e-24 1.812243048631e-24 -1.268732847105e-01 2.725264253406e+00
22 8 5.071066374692e-44 -1.344064280440e-30 -1.303982683358e-21 1.179192952114e-21 2.963012583917e-01 3.114587718178e+00
22 9 2.764151424710e-40 -9.489009042699e-29 1.097471045668e-20 -1.456109016642e-19 1.677435001757e-01 3.503911182950e+00
22 10 3.271008988642e-36 -1.135793648920e-26 8.103228838233e-18 1.567977710344e-17 -2.800961596355e-01 3.893234647722e+00
22 11 6.124969028888e-33 -3.481888913329e-25 -6.178057177875e-16 -5.693242835271e-16 -2.122935965521e-01 4.282558112495e+00
22 12 2.980349352496e-29 -2.234522351642e-23 5.291967119640e-14 3.587134826346e-14 2.559714705092e-01 4.671881577267e+00
22 13 2.287474399888e-26 -3.993904841384e-22 -1.521970935867e-12 -1.168446397799e-12 2.615167495025e-01 5.061205042039e+00
22 14 0.000000000000e+00 -1.740251903991e-20 0.000000000000e+00 0.000000000000e+00 -2.196750414933e-01 5.450528506811e+00
22 15 0.000000000000e+00 0.000000000000e+00 0.000000000000e+00 0.000000000000e+00 -3.162855830090e-01 5.839851971584e+00
22 16 0.000000000000e+00 -7.322248648592e-18 0.000000000000e+00 0.000000000000e+00 1.634329625992e-01 6.229175436356e+00
22 17 0.000000000000e+00 -6.616051445643e-17 0.000000000000e+00 0.000000000000e+00 3.766240108366e-01 6.618498901128e+00
22 18 0.000000000000e+00 -2.038624404427e-15 0.000000000000e+00 0.000000000000e+00 -7.134966712827e-02 7.007822365900e+00
22 19 0.000000000000e+00 -1.376106655461e-14 0.000000000000e+00 0.000000000000e+00 -4.386578862577e-01 7.397145830673e+00
22 20 0.000000000000e+00 -4.410813057967e-13 0.000000000000e+00 0.000000000000e+00 -9.665041948756e-02 7.786469295445e+00
22 21 6.913253164503e-08 -1.919397219492e-12 -5.333908035174e-03 -7.644878742497e-04 4.778657026850e-01 8.175792760217e+00
22 22 1.244983409717e-05 -1.017090430197e-10 2.799533493204e-02 7.039115060285e-02 5.252491690310e-01 8.565116224989e+00
23 1 3.368497654802e-101 -5.251947811634e-72 3.563277284536e-51 -4.402643588204e-51 -3.185764338308e-01 3.893234647722e-01
23 2 9.832055039705e-86 -1.384060676622e-58 4.974665475069e-43 -3.564732389826e-43 -3.334823793506e-02 7.786469295445e-01
23 3 1.246740481626e-75 -1.201957174092e-50 1.023976282928e-37 1.417161634078e-38 3.163252247971e-01 1.167970394317e+00
23 4 1.902157980686e-68 -1.750560111288e-45 1.706191839766e-34 5.106224470448e-34 6.733732413900e-02 1.557293859089e+00
23 5 5.305687464387e-62 -3.550257061744e-41 -9.892885174712e-31 5.334219860940e-31 -3.115680640158e-01 1.946617323861e+00
23 6 6.658136119328e-57 -4.592104618557e-38 -1.924270770771e-28 -4.373164628378e-28 -1.026305102495e-01 2.335940788633e+00
23 7 8.474933295239e-52 -4.625995608347e-35 1.977940031830e-25 -2.064800728161e-26 3.037526271288e-01 2.725264253406e+00
23 8 1.191752894038e-47 -7.504466809181e-33 -1.105083756766e-23 2.458179357457e-23 1.399355742917e-01 3.114587718178e+00
23 9 3.027225275277e-43 -1.711512247681e-30 -1.946446790466e-21 -4.423087778329e-21 -2.919283798547e-01 3.503911182950e+00
23 10 1.157225720172e-39 -8.931589995592e-29 2.881656045792e-19 1.648335619831e-19 -1.800239072635e-01 3.893234647722e+00
23 11 1.038214279829e-35 -8.696847048547e-27 -3.447908898708e-17 -2.753931326091e-18 2.745497095044e-01 4.282558112495e+00
23 12 1.533000877889e-32 -2.252907860050e-25 1.429587751886e-15 -2.421430177316e-16 2.237358728567e-01 4.671881577267e+00
23 13 6.128287976762e-29 -1.296149843740e-23 -9.680119965065e-14 2.220210538622e-14 -2.490954473793e-01 5.061205042039e+00
23 14 0.000000000000e+00 -2.094561807319e-22 0.000000000000e+00 0.000000000000e+00 -2.719376388253e-01 5.450528506811e+00
23 15 0.000000000000e+00 -8.627109101175e-21 0.000000000000e+00 0.000000000000e+00 2.112965201150e-01 5.839851971584e+00
23 16 0.000000000000e+00 0.000000000000e+00 0.000000000000e+00 0.000000000000e+00 3.253157413829e-01 6.229175436356e+00
23 17 0.000000000000e+00 -3.318897927862e-18 0.000000000000e+00 0.000000000000e+00 -1.534125967363e-01 6.618498901128e+00
23 18 0.000000000000e+00 -2.863818970643e-17 0.000000000000e+00 0.000000000000e+00 -3.836010308458e-01 7.007822365900e+00
23 19 0.000000000000e+00 -8.790858736121e-16 0.000000000000e+00 0.000000000000e+00 5.973266607793e-02 7.397145830673e+00
23 20 0.000000000000e+00 -5.711838684817e-15 0.000000000000e+00 0.000000000000e+00 4.424516390845e-01 7.786469295445e+00
23 21 0.000000000000e+00 -1.855297496746e-13 0.000000000000e+00 0.000000000000e+00 1.091328219456e-01 8.175792760217e+00
23 22 0.000000000000e+00 -7.764133700371e-13 0.000000000000e+00 0.000000000000e+00 -4.767862241037e-01 8.565116224989e+00
23 23 0.000000000000e+00 -4.263320923868e-11 0.000000000000e+00 0.000000000000e+00 -5.351045117464e-01 8.954439689762e+00
24 1 1.385455314735e-106 -5.382271913769e-76 6.916108606329e-54 -9.171293711427e-54 -1.594836483179e-02 3.893234647722e-01
24 2 5.489192519346e-90 -1.431519333844e-61 3.515978606983e-45 -2.923805451656e-45 3.177879826468e-01 7.786469295445e-01
24 3 4.437615162061e-80 -1.062896605160e-53 6.165527134737e-40 1.487596196038e-41 4.812612239598e-02 1.167970394317e+00
24 4 4.084538788838e-72 -6.902454724093e-48 3.651520455655e-36 6.993254125909e-36 -3.146208409321e-01 1.557293859089e+00
24 5 4.960308795805e-66 -8.178195507499e-44 -8.289269365615e-33 7.027657753294e-33 -8.115600753600e-02 1.946617323861e+00
24 6 3.084937400432e-60 -3.831869479632e-40 -6.448159490236e-30 -8.011751737353e-30 3.089751110848e-01 2.335940788633e+00
24 7 1.462098664935e-55 -1.928828452555e-37 2.377328495984e-27 -1.082258918804e-27 1.156362496971e-01 2.725264253406e+00
24 8 9.519863747234e-51 -1.039367537619e-34 -2.597737302512e-26 7.612953532573e-25 -3.002394705937e-01 3.114587718178e+00
24 9 8.200469341205e-47 -1.076270353258e-32 -6.102953495892e-23 -5.100324816678e-23 -1.522095582496e-01 3.503911182950e+00
24 10 1.441813454842e-42 -1.798563324753e-30 1.171615988043e-20 -2.100157817937e-22 2.874166085675e-01 3.893234647722e+00
24 11 4.097294580682e-39 -7.372190256113e-29 -5.884844368402e-19 3.547393058694e-19 1.915760426745e-01 4.282558112495e+00
24 12 2.898549633167e-35 -6.080879959040e-27 4.015883617173e-17 -4.860383862720e-17 -2.689232857941e-01 4.671881577267e+00
24 13 3.465438074176e-32 -1.368687054734e-25 -1.205225922835e-15 2.031012394018e-15 -2.344894569215e-01 5.061205042039e+00
24 14 1.154523000695e-28 -7.195415971902e-24 7.865194460449e-14 -1.239535705754e-13 2.422107838599e-01 5.450528506811e+00
24 15 0.000000000000e+00 -1.065734042334e-22 0.000000000000e+00 0.000000000000e+00 2.816993320928e-01 5.839851971584e+00
24 16 0.000000000000e+00 -4.188439785352e-21 0.000000000000e+00 0.000000000000e+00 -2.030017668737e-01 6.229175436356e+00
24 17 0.000000000000e+00 0.000000000000e+00 0.000000000000e+00 0.000000000000e+00 -3.337207819502e-01 6.618498901128e+00
24 18 0.000000000000e+00 -1.490396261733e-18 0.000000000000e+00 0.000000000000e+00 1.435976770141e-01 7.007822365900e+00
24 19 0.000000000000e+00 -1.232737771417e-17 0.000000000000e+00 0.000000000000e+00 3.900173936948e-01 7.397145830673e+00
24 20 0.000000000000e+00 -3.777526010270e-16 0.000000000000e+00 0.000000000000e+00 -4.847438420513e-02 7.786469295445e+00
24 21 0.000000000000e+00 -2.367772871523e-15 0.000000000000e+00 0.000000000000e+00 -4.458314294684e-01 8.175792760217e+00
24 22 0.000000000000e+00 -7.798412430171e-14 0.000000000000e+00 0.000000000000e+00 -1.211061780080e-01 8.565116224989e+00
24 23 0.000000000000e+00 -3.143795259940e-13 0.000000000000e+00 0.000000000000e+00 4.756227865185e-01 8.954439689762e+00
24 24 0.000000000000e+00 0.000000000000e+00 0.000000000000e+00 0.000000000000e+00 5.445800742705e-01 9.343763154534e+00
25 1 1.806773420336e-111 -1.310747711946e-79 2.387563625752e-56 -3.392126562446e-56 3.185361249736e-01 3.893234647722e-01
25 2 8.241258076671e-95 -5.319253268170e-65 1.281242219953e-47 -1.223877175108e-47 3.069606537950e-02 7.786469295445e-01
25 3 5.051360030558e-84 -2.248387614570e-56 6.556821046719e-42 -5.518198763275e-43 -3.166309863324e-01 1.167970394317e+00
25 4 2.342052555050e-76 -9.749864938559e-51 3.531108765294e-38 4.818598962067e-38 -6.189167134249e-02 1.557293859089e+00
25 5 1.506590625425e-69 -4.561009776068e-46 -1.175330930098e-34 1.485139001140e-34 3.126385175923e-01 1.946617323861e+00
25 6 3.761015328170e-64 -1.137724601929e-42 -9.084355089561e-32 -6.813275111639e-32 9.410110844379e-02 2.335940788633e+00
25 7 8.381546326511e-59 -1.981953030465e-39 4.649094581577e-29 -4.183172399411e-29 -3.061686383914e-01 2.725264253406e+00
25 8 1.950585358997e-54 -5.060568164891e-37 3.561066904024e-27 1.030577394107e-26 -1.278680559656e-01 3.114587718178e+00
25 9 7.600535002359e-50 -1.709441909644e-34 -2.338094365548e-24 -6.296459448429e-25 2.965645038496e-01 3.503911182950e+00
25 10 4.421359548057e-46 -1.248797106782e-32 1.777152820521e-22 -1.025891168964e-22 1.637788914751e-01 3.893234647722e+00
25 11 5.735354912765e-42 -1.632468244739e-30 -1.106264750810e-20 2.320634581679e-20 -2.827919732818e-01 4.282558112495e+00
25 12 1.263732912668e-38 -5.493087927658e-29 2.958398771074e-20 -1.316132824775e-18 -2.024701510627e-01 4.671881577267e+00
25 13 7.259848504052e-35 -3.956054737048e-27 2.380961021466e-17 1.054407001485e-16 2.632381501766e-01 5.061205042039e+00
25 14 0.000000000000e+00 -7.903523273851e-26 0.000000000000e+00 0.000000000000e+00 2.446165530957e-01 5.450528506811e+00
25 15 0.000000000000e+00 -3.853781870940e-24 0.000000000000e+00 0.000000000000e+00 -2.353339086642e-01 5.839851971584e+00
25 16 0.000000000000e+00 -5.288834402787e-23 0.000000000000e+00 0.000000000000e+00 -2.908599014736e-01 6.229175436356e+00
25 17 0.000000000000e+00 -1.998363312474e-21 0.000000000000e+00 0.000000000000e+00 1.948006820804e-01 6.618498901128e+00
25 18 0.000000000000e+00 0.000000000000e+00 0.000000000000e+00 0.000000000000e+00 3.415569682958e-01 7.007822365900e+00
25 19 0.000000000000e+00 -6.640191289854e-19 0.000000000000e+00 0.000000000000e+00 -1.339881089389e-01 7.397145830673e+00
25 20 0.000000000000e+00 -5.281314364705e-18 0.000000000000e+00 0.000000000000e+00 -3.959272767699e-01 7.786469295445e+00
25 21 0.000000000000e+00 -1.618380940283e-16 0.000000000000e+00 0.000000000000e+00 3.755936242743e-02 8.175792760217e+00
25 22 0.000000000000e+00 -9.804848322642e-16 0.000000000000e+00 0.000000000000e+00 4.488430424636e-01 8.565116224989e+00
25 23 0.000000000000e+00 0.000000000000e+00 0.000000000000e+00 0.000000000000e+00 1.326059269869e-01 8.954439689762e+00
25 24 0.000000000000e+00 0.000000000000e+00 0.000000000000e+00 0.000000000000e+00 -4.743911061212e-01 9.343763154534e+00
25 25 0.000000000000e+00 0.000000000000e+00 0.000000000000e+00 0.000000000000e+00 -5.537047293141e-01 9.733086619306e+00
26 1 6.400937230328e-117 -1.144239252768e-83 4.290584760516e-59 -6.523099853512e-59 1.473389447577e-02 3.893234647722e-01
26 2 3.923925679331e-99 -4.748362971740e-68 8.266074699930e-50 -9.008416228370e-50 -3.178647226264e-01 7.786469295445e-01
26 3 1.556211234702e-88 -1.702546312157e-59 3.588309889927e-44 -6.802121009541e-45 -4.442309787331e-02 1.167970394317e+00
26 4 4.306740815868e-80 -3.337119027354e-53 5.677407571423e-40 5.778590521690e-40 3.151744262307e-01 1.557293859089e+00
26 5 1.226617505475e-73 -9.065549250395e-49 -7.902331489187e-37 1.515250605566e-36 7.478260170874e-02 1.946617323861e+00
26 6 1.496520388259e-67 -8.297756749346e-45 -2.080615782746e-33 -8.954611879674e-34 -3.104253879386e-01 2.335940788633e+00
26 7 1.265474240334e-62 -7.196086810853e-42 4.004697272084e-31 -6.558700258697e-31 -1.062794689675e-01 2.725264253406e+00
26 8 1.335815149913e-57 -6.169875774147e-39 1.793611335020e-28 2.219208966241e-28 3.031829223375e-01 3.114587718178e+00
26 9 1.802678167288e-53 -9.459216834648e-37 -3.689211486100e-26 5.438596650668e-27 1.394107317192e-01 3.503911182950e+00
26 10 4.669843809455e-49 -2.228772025018e-34 3.602666496211e-24 -5.611996665005e-24 -2.927543819479e-01 3.893234647722e+00
26 11 1.963758399432e-45 -1.232341063069e-32 4.976131103898e-23 4.730946516915e-22 -1.747131855273e-01 4.282558112495e+00
26 12 1.968361563969e-41 -1.321563027522e-30 -2.955912834917e-20 -4.272780241392e-20 2.780762390125e-01 4.671881577267e+00
26 13 3.470129385917e-38 -3.773246593804e-29 1.900056106609e-18 1.405317854170e-18 2.127659450392e-01 5.061205042039e+00
26 14 1.655933676217e-34 -2.428251335744e-27 -1.561339236365e-16 -8.082246861017e-17 -2.575121560407e-01 5.450528506811e+00
26 15 0.000000000000e+00 -4.378445233774e-26 0.000000000000e+00 0.000000000000e+00 -2.541710117343e-01 5.839851971584e+00
26 16 0.000000000000e+00 -2.003743746609e-24 0.000000000000e+00 0.000000000000e+00 2.284783789747e-01 6.229175436356e+00
26 17 0.000000000000e+00 -2.571161709621e-23 0.000000000000e+00 0.000000000000e+00 2.994702504583e-01 6.618498901128e+00
26 18 0.000000000000e+00 0.000000000000e+00 0.000000000000e+00 0.000000000000e+00 -1.867008683721e-01 7.007822365900e+00
26 19 0.000000000000e+00 0.000000000000e+00 0.000000000000e+00 0.000000000000e+00 -3.488738654414e-01 7.397145830673e+00
26 20 0.000000000000e+00 -2.938505988705e-19 0.000000000000e+00 0.000000000000e+00 1.245824552490e-01 7.786469295445e+00
26 21 0.000000000000e+00 -2.253506525543e-18 0.000000000000e+00 0.000000000000e+00 4.013782536800e-01 8.175792760217e+00
26 22 0.000000000000e+00 -6.915561850327e-17 0.000000000000e+00 0.000000000000e+00 -2.697256696400e-02 8.565116224989e+00
26 23 0.000000000000e+00 -4.056548179936e-16 0.000000000000e+00 0.000000000000e+00 -4.515261785286e-01 8.954439689762e+00
26 24 0.000000000000e+00 0.000000000000e+00 0.000000000000e+00 0.000000000000e+00 -1.436642040096e-01 9.343763154534e+00
26 25 0.000000000000e+00 0.000000000000e+00 0.000000000000e+00 0.000000000000e+00 4.731042865244e-01 9.733086619306e+00
26 26 2.883500548857e-06 0.000000000000e+00 2.949641195118e-02 -3.140613718401e-02 5.625042434888e-01 1.012241008408e+01
27 1 7.150848600940e-122 -2.412883509967e-87 1.367472962099e-61 -2.222655624675e-61 -3.185043211509e-01 3.893234647722e-01
27 2 5.110996116266e-104 -1.515223878554e-71 2.771961121794e-52 -3.433112189815e-52 -2.843687009373e-02 7.786469295445e-01
27 3 1.522716724045e-92 -3.131716907252e-62 3.465652546402e-46 -1.020205559842e-46 3.168708021777e-01 1.167970394317e+00
27 4 2.153698074194e-84 -4.072253360965e-56 4.538449783195e-42 3.495711521079e-42 5.727074991861e-02 1.557293859089e+00
27 5 3.214057123498e-77 -4.422164713196e-51 -8.192724225976e-39 2.642184556206e-38 -3.134699621074e-01 1.946617323861e+00
27 6 1.599934981512e-71 -2.144774517965e-47 -2.304059013256e-35 -4.203347014269e-36 -8.690868446176e-02 2.335940788633e+00
27 7 6.267137105878e-66 -6.509438261973e-44 4.604623595531e-33 -1.646989150838e-32 3.080181278644e-01 2.725264253406e+00
27 8 2.408379199496e-61 -2.638540850502e-41 3.243108457611e-30 2.039991481920e-30 1.177777442907e-01 3.114587718178e+00
27 9 1.437648310324e-56 -1.331241477102e-38 -9.064363315991e-28 5.360890406522e-28 -3.000456512861e-01 3.503911182950e+00
27 10 1.257648567763e-52 -1.372963478514e-36 1.307147380403e-26 -1.086576054704e-25 -1.503343947053e-01 3.893234647722e+00
27 11 2.331463090250e-48 -2.432428379259e-34 9.571062094697e-24 1.330647032058e-23 2.888312736327e-01 4.282558112495e+00
27 12 7.445247674787e-45 -1.071442023683e-32 -9.408154841802e-22 -3.686543406723e-22 1.850711691590e-01 4.671881577267e+00
27 13 5.968884339488e-41 -9.767563273180e-31 9.796029971243e-20 -3.259935897731e-21 -2.732877879031e-01 5.061205042039e+00
27 14 8.624372058877e-38 -2.427022842482e-29 -3.860449519987e-18 1.093342951604e-18 -2.225147754966e-01 5.450528506811e+00
27 15 0.000000000000e+00 -1.421151931756e-27 0.000000000000e+00 0.000000000000e+00 2.517603706926e-01 5.839851971584e+00
27 16 0.000000000000e+00 -2.343714976583e-26 0.000000000000e+00 0.000000000000e+00 2.631998762945e-01 6.229175436356e+00
27 17 0.000000000000e+00 -1.016313346316e-24 0.000000000000e+00 0.000000000000e+00 -2.216553862742e-01 6.618498901128e+00
27 18 0.000000000000e+00 0.000000000000e+00 0.000000000000e+00 0.000000000000e+00 -3.075753031464e-01 7.007822365900e+00
27 19 0.000000000000e+00 0.000000000000e+00 0.000000000000e+00 0.000000000000e+00 1.787080639215e-01 7.397145830673e+00
27 20 0.000000000000e+00 -4.084678129359e-21 0.000000000000e+00 0.000000000000e+00 3.557153644437e-01 7.786469295445e+00
27 21 0.000000000000e+00 -1.292841951022e-19 0.000000000000e+00 0.000000000000e+00 -1.153782626026e-01 8.175792760217e+00
27 22 0.000000000000e+00 -9.582239926997e-19 0.000000000000e+00 0.000000000000e+00 -4.064122840994e-01 8.565116224989e+00
27 23 0.000000000000e+00 -2.948450072680e-17 0.000000000000e+00 0.000000000000e+00 1.669948254521e-02 8.954439689762e+00
27 24 0.000000000000e+00 0.000000000000e+00 0.000000000000e+00 0.000000000000e+00 4.539154141450e-01 9.343763154534e+00
27 25 0.000000000000e+00 0.000000000000e+00 0.000000000000e+00 0.000000000000e+00 1.543102144234e-01 9.733086619306e+00
27 26 0.000000000000e+00 0.000000000000e+00 0.000000000000e+00 0.000000000000e+00 -4.717732929914e-01 1.012241008408e+01
27 27 0.000000000000e+00 0.000000000000e+00 0.000000000000e+00 0.000000000000e+00 -5.710016995029e-01 1.051173354885e+01
28 1 2.204513358981e-127 -1.815542844928e-91 2.286325551373e-64 -3.970845402294e-64 -1.369192875804e-02 3.893234647722e-01
28 2 2.099573775157e-108 -1.178941619051e-74 1.639885263734e-54 -2.304121193913e-54 3.179256515797e-01 7.786469295445e-01
28 3 4.098408685048e-97 -2.052764892437e-65 1.739671819228e-48 -6.974134033227e-49 4.125335684111e-02 1.167970394317e+00
28 4 3.428933288335e-88 -1.220620200869e-58 6.257378375594e-44 3.618627392850e-44 -3.156112005621e-01 1.557293859089e+00
28 5 2.297981277002e-81 -7.656335055075e-54 -2.995446619812e-41 2.319813599221e-40 -6.935167805408e-02 1.946617323861e+00
28 6 5.527327408791e-75 -1.377695239996e-49 -4.350512394329e-37 1.531557468251e-38 3.115573197152e-01 2.335940788633e+00
28 7 8.347739196038e-70 -2.074354313573e-46 1.945558338328e-36 -1.973612511593e-34 9.835876576358e-02 2.725264253406e+00
28 8 1.431785655635e-64 -2.850393885325e-43 9.055884113307e-32 2.293417546758e-32 -3.054459696708e-01 3.114587718178e+00
28 9 3.013542368413e-60 -6.521229482411e-41 -9.446911425934e-30 1.196762113029e-29 -1.286672599211e-01 3.503911182950e+00
28 10 1.145883310092e-55 -2.183949715373e-38 -1.000742632758e-27 -3.148244831247e-27 2.967796245700e-01 3.893234647722e+00
28 11 7.025227529119e-52 -1.641367905897e-36 2.554756939711e-25 1.252507512745e-25 1.606978219037e-01 4.282558112495e+00
28 12 9.831054661114e-48 -2.309452308627e-34 -3.608378814684e-23 6.796258591904e-24 -2.848138604773e-01 4.671881577267e+00
28 13 2.473153037922e-44 -8.420900213364e-33 1.568320961739e-21 -1.233239396133e-21 -1.949029956199e-01 5.061205042039e+00
28 14 1.628316457473e-40 -6.706275176068e-31 -9.613741821836e-20 1.454378232281e-19 2.684422667084e-01 5.450528506811e+00
28 15 1.965020422501e-37 -1.479243370066e-29 2.650078814707e-18 -5.923151608726e-18 2.317612505480e-01 5.839851971584e+00
28 16 0.000000000000e+00 -7.995361568281e-28 0.000000000000e+00 0.000000000000e+00 -2.459955576801e-01 6.229175436356e+00
28 17 0.000000000000e+00 -1.219006321697e-26 0.000000000000e+00 0.000000000000e+00 -2.717445686060e-01 6.618498901128e+00
28 18 0.000000000000e+00 -5.047900275652e-25 0.000000000000e+00 0.000000000000e+00 2.148741604418e-01 7.007822365900e+00
28 19 0.000000000000e+00 -6.121113698135e-24 0.000000000000e+00 0.000000000000e+00 3.152149428494e-01 7.397145830673e+00
28 20 0.000000000000e+00 0.000000000000e+00 0.000000000000e+00 0.000000000000e+00 -1.708264894421e-01 7.786469295445e+00
28 21 0.000000000000e+00 -1.803094340491e-21 0.000000000000e+00 0.000000000000e+00 -3.621205121643e-01 8.175792760217e+00
28 22 0.000000000000e+00 -5.659420337461e-20 0.000000000000e+00 0.000000000000e+00 1.063723164002e-01 8.565116224989e+00
28 23 0.000000000000e+00 -4.062286378766e-19 0.000000000000e+00 0.000000000000e+00 4.110665257971e-01 8.954439689762e+00
28 24 0.000000000000e+00 -1.254588262233e-17 0.000000000000e+00 0.000000000000e+00 -6.726168704228e-03 9.343763154534e+00
28 25 0.000000000000e+00 0.000000000000e+00 0.000000000000e+00 0.000000000000e+00 -4.560409861661e-01 9.733086619306e+00
28 26 0.000000000000e+00 0.000000000000e+00 0.000000000000e+00 0.000000000000e+00 -1.645705596803e-01 1.012241008408e+01
28 27 0.000000000000e+00 0.000000000000e+00 0.000000000000e+00 0.000000000000e+00 4.704073307931e-01 1.051173354885e+01
28 28 0.000000000000e+00 0.000000000000e+00 0.000000000000e+00 0.000000000000e+00 5.792178499101e-01 1.090105701362e+01
29 1 2.133161267034e-132 -3.346832397398e-95 6.762616849859e-67 -1.254674080041e-66 3.184787859151e-01 3.893234647722e-01
29 2 2.394453528398e-113 -3.265138408164e-78 5.073990532421e-57 -8.091345119877e-57 2.648894656609e-02 7.786469295445e-01
29 3 3.483425729567e-101 -3.312398939328e-68 1.538597675521e-50 -7.864122193555e-51 -3.170624412588e-01 1.167970394317e+00
29 4 1.507949643512e-92 -1.299149489753e-61 4.419643894776e-46 1.855940833137e-46 -5.329868035417e-02 1.557293859089e+00
29 5 5.247086430274e-85 -3.292229224727e-56 1.291739852339e-43 3.532152145325e-42 3.141292466207e-01 1.946617323861e+00
29 6 5.221506218732e-79 -3.125738366520e-52 -4.108216681755e-39 1.012158104778e-39 8.075700995076e-02 2.335940788633e+00
29 7 3.609054302423e-73 -1.663120200535e-48 -9.795221243863e-37 -3.985274736485e-36 -3.094677841949e-01 2.725264253406e+00
29 8 2.289044756329e-68 -1.077904959301e-45 1.179647931310e-33 -6.022428989549e-35 -1.092057688391e-01 3.114587718178e+00
29 9 2.094356871283e-63 -8.179693960889e-43 -1.254935760969e-31 3.818539473131e-31 3.027327013489e-01 3.503911182950e+00
29 10 2.736844732068e-59 -1.199586965687e-40 -3.344674133079e-29 -3.857170254227e-29 1.390075127433e-01 3.893234647722e+00
29 11 7.206364287255e-55 -2.902707286842e-38 9.112289021232e-27 -9.543955541990e-29 -2.934039159523e-01 4.282558112495e+00
29 12 3.276408209559e-51 -1.685180589352e-36 -5.053255848889e-25 4.404225574592e-25 -1.705508931173e-01 4.671881577267e+00
29 13 3.601725292953e-47 -1.961854736344e-34 2.288441664930e-23 -7.261705710503e-23 2.807180523026e-01 5.061205042039e+00
29 14 7.340668586147e-44 -6.098414333458e-33 3.268482252089e-22 3.687200350978e-21 2.042519573384e-01 5.450528506811e+00
29 15 4.052197247983e-40 -4.334177102904e-31 -9.517691747194e-20 -2.788767087766e-19 -2.635530757798e-01 5.839851971584e+00
29 16 0.000000000000e+00 -8.621665860090e-30 0.000000000000e+00 0.000000000000e+00 -2.405444644590e-01 6.229175436356e+00
29 17 0.000000000000e+00 -4.351704320654e-28 0.000000000000e+00 0.000000000000e+00 2.402285578122e-01 6.618498901128e+00
29 18 0.000000000000e+00 -6.188032286659e-27 0.000000000000e+00 0.000000000000e+00 2.798418120181e-01 7.007822365900e+00
29 19 0.000000000000e+00 -2.459815317415e-25 0.000000000000e+00 0.000000000000e+00 -2.081422961286e-01 7.397145830673e+00
29 20 0.000000000000e+00 0.000000000000e+00 0.000000000000e+00 0.000000000000e+00 -3.224247634723e-01 7.786469295445e+00
29 21 0.000000000000e+00 0.000000000000e+00 0.000000000000e+00 0.000000000000e+00 1.630591279703e-01 8.175792760217e+00
29 22 0.000000000000e+00 -7.909194405332e-22 0.000000000000e+00 0.000000000000e+00 3.681241906921e-01 8.565116224989e+00
29 23 0.000000000000e+00 -2.466520508609e-20 0.000000000000e+00 0.000000000000e+00 -9.756084017705e-02 8.954439689762e+00
29 24 0.000000000000e+00 -1.717670199154e-19 0.000000000000e+00 0.000000000000e+00 -4.153740062766e-01 9.343763154534e+00
29 25 0.000000000000e+00 0.000000000000e+00 0.000000000000e+00 0.000000000000e+00 -2.960710284724e-03 9.733086619306e+00
29 26 0.000000000000e+00 0.000000000000e+00 0.000000000000e+00 0.000000000000e+00 4.579294367668e-01 1.012241008408e+01
29 27 0.000000000000e+00 0.000000000000e+00 0.000000000000e+00 0.000000000000e+00 1.744695215326e-01 1.051173354885e+01
29 28 0.000000000000e+00 0.000000000000e+00 0.000000000000e+00 0.000000000000e+00 -4.690141491656e-01 1.090105701362e+01
29 29 0.000000000000e+00 0.000000000000e+00 0.000000000000e+00 0.000000000000e+00 -5.871714151953e-01 1.129038047840e+01
30 1 5.773882683807e-138 -2.192810707099e-99 1.056259241010e-69 -2.093592567407e-69 1.278804349893e-02 3.893234647722e-01
30 2 8.572119722067e-118 -2.233525137889e-81 2.758662066204e-59 -5.004473050055e-59 -3.179748437056e-01 7.786469295445e-01
30 3 8.258846462614e-106 -1.897292797834e-71 7.126884383720e-53 -4.471694863357e-53 -3.850872983515e-02 1.167970394317e+00
30 4 2.098559027379e-96 -3.437059484413e-64 5.441130316134e-48 1.539945135951e-48 3.159620649302e-01 1.557293859089e+00
30 5 3.319203453091e-89 -5.007074244830e-59 5.445666122075e-45 2.757922508816e-44 6.466617671710e-02 1.946617323861e+00
30 6 1.580936951887e-82 -1.780697113689e-54 -6.663270773214e-41 3.131001129267e-41 -3.124587357596e-01 2.335940788633e+00
30 7 4.270943548178e-77 -4.685106590002e-51 -2.066214495955e-38 -3.957446609025e-38 -9.156143849164e-02 2.725264253406e+00
30 8 1.193472635495e-71 -1.038044655472e-47 2.545684939341e-35 -8.909691648427e-36 3.072265216122e-01 3.114587718178e+00
30 9 3.909718097513e-67 -3.567692423876e-45 9.470328462488e-35 5.490996452900e-33 1.195103184283e-01 3.503911182950e+00
30 10 2.179442797017e-62 -1.709694321164e-42 -1.285016410154e-30 -6.514187633866e-31 -2.998980271793e-01 3.893234647722e+00
30 11 1.930825589302e-58 -1.758052000075e-40 1.340331258550e-28 -6.546061371659e-29 -1.488487369612e-01 4.282558112495e+00
30 12 3.740650265072e-54 -3.269808559011e-38 -7.762385321677e-27 2.127762707494e-26 2.899346922794e-01 4.671881577267e+00
30 13 1.315509695916e-50 -1.531902428490e-36 -3.790624569605e-25 -1.404851834031e-24 1.799364062918e-01 5.061205042039e+00
30 14 1.171151022096e-46 -1.522723415256e-34 9.812914129553e-23 1.105968828548e-22 -2.765575137316e-01 5.450528506811e+00
30 15 1.976606441582e-43 -4.129295751798e-33 -5.610094287622e-21 -3.298749929334e-21 -2.131557812708e-01 5.839851971584e+00
30 16 9.301011848413e-40 -2.663793683504e-31 4.448054297252e-19 1.700311921900e-19 2.586317470556e-01 6.229175436356e+00
30 17 0.000000000000e+00 -4.840090723011e-30 0.000000000000e+00 0.000000000000e+00 2.488989455871e-01 6.618498901128e+00
30 18 0.000000000000e+00 -2.303087140601e-28 0.000000000000e+00 0.000000000000e+00 -2.344685948716e-01 7.007822365900e+00
30 19 0.000000000000e+00 -3.076242299506e-27 0.000000000000e+00 0.000000000000e+00 -2.875243611895e-01 7.397145830673e+00
30 20 0.000000000000e+00 -1.153986416575e-25 0.000000000000e+00 0.000000000000e+00 2.014660187771e-01 7.786469295445e+00
30 21 0.000000000000e+00 0.000000000000e+00 0.000000000000e+00 0.000000000000e+00 3.292366786978e-01 8.175792760217e+00
30 22 0.000000000000e+00 0.000000000000e+00 0.000000000000e+00 0.000000000000e+00 -1.554079517278e-01 8.565116224989e+00
30 23 0.000000000000e+00 -3.450380969533e-22 0.000000000000e+00 0.000000000000e+00 -3.737576791098e-01 8.954439689762e+00
30 24 0.000000000000e+00 -1.070822237229e-20 0.000000000000e+00 0.000000000000e+00 8.893965197065e-02 9.343763154534e+00
30 25 0.000000000000e+00 -7.246308994002e-20 0.000000000000e+00 0.000000000000e+00 4.193641824130e-01 9.733086619306e+00
30 26 0.000000000000e+00 0.000000000000e+00 0.000000000000e+00 0.000000000000e+00 1.237387418306e-02 1.012241008408e+01
30 27 0.000000000000e+00 0.000000000000e+00 0.000000000000e+00 0.000000000000e+00 -4.596041472152e-01 1.051173354885e+01
30 28 0.000000000000e+00 0.000000000000e+00 0.000000000000e+00 0.000000000000e+00 -1.840293103905e-01 1.090105701362e+01
30 29 0.000000000000e+00 0.000000000000e+00 0.000000000000e+00 0.000000000000e+00 4.676002870608e-01 1.129038047840e+01
30 30 0.000000000000e+00 0.000000000000e+00 0.000000000000e+00 0.000000000000e+00 5.948793362914e-01 1.167970394317e+01
