2 1 1.055536446265e-08 -5.487575782249e-05 -7.155368982336e-05 1.002186017225e-04 2.786344814979e-01 4.781630590996e-01
2 2 1.043679619728e-02 -2.858166808309e-03 -1.616837384661e-02 -2.443604792895e-01 9.511344495633e-02 9.563261181992e-01
3 1 6.742407688841e-14 -2.161638203592e-07 9.220895860860e-08 2.972508297211e-07 -3.404292922456e-01 4.781630590996e-01
3 2 7.208163560362e-08 -4.350586382375e-05 5.184438441384e-04 -3.813425280535e-04 -3.436565836294e-01 9.563261181992e-01
3 3 9.540176063372e-03 -1.638523694608e-03 -1.868261530439e-01 2.973947191304e-01 -1.407256136105e-01 1.434489177299e+00
4 1 9.617471479711e-20 -7.434537821974e-10 2.740013514470e-10 2.511704559728e-10 -8.976807670939e-02 4.781630590996e-01
4 2 6.905941010070e-13 -4.657806424381e-07 -1.427574939481e-06 -1.389396861164e-06 3.100376865406e-01 9.563261181992e-01
4 3 2.813639973977e-07 -2.507620299131e-05 -1.860604608425e-03 -4.195057442247e-04 3.836448382836e-01 1.434489177299e+00
4 4 7.130469929713e-03 -7.976833031686e-04 4.021504321927e-01 -4.660116635081e-02 1.775834850617e-01 1.912652236398e+00
5 1 9.166817482885e-25 -2.520634188184e-12 1.038292135273e-12 4.887151143630e-13 3.260445033229e-01 4.781630590996e-01
5 2 1.767462669319e-18 -3.557249265849e-09 -3.115980438441e-09 6.686710756799e-10 1.477816237326e-01 9.563261181992e-01
5 3 4.379350854086e-12 -4.277337657144e-07 4.774556213389e-06 5.815967405980e-06 -2.822503658217e-01 1.434489177299e+00
5 4 6.894670046340e-07 -1.326566767446e-05 8.022018389416e-04 3.899248753471e-03 -4.117129149991e-01 1.912652236398e+00
5 5 5.160932498509e-03 -3.841998742322e-04 -2.595693779324e-01 -3.434777179922e-01 -2.094220632410e-01 2.390815295498e+00
6 1 1.412501334063e-30 -5.183821238094e-15 1.395471502773e-15 2.860773393722e-16 5.594812637203e-02 4.781630590996e-01
6 2 3.092326787984e-23 -3.254008602190e-11 -8.980101154108e-12 9.851580253499e-12 -3.163567712465e-01 9.563261181992e-01
6 3 1.342653434741e-17 -4.615407647004e-09 1.115643030232e-08 -7.009245115025e-09 -1.917993629404e-01 1.434489177299e+00
6 4 2.301609438580e-11 -3.015977564499e-07 -3.452696535728e-06 -2.274011463629e-05 2.558483731362e-01 1.912652236398e+00
6 5 1.168932679789e-06 -6.799021726426e-06 5.687524781422e-03 -3.103851992276e-03 4.325579686461e-01 2.390815295498e+00
6 6 3.736565384880e-03 -1.875774040638e-04 -2.024199298032e-01 3.902186671888e-01 2.377255185062e-01 2.868978354598e+00
7 1 8.429585758578e-36 -1.258988652881e-17 3.479213183575e-18 7.005978428317e-20 -3.222936168804e-01 4.781630590996e-01
7 2 1.088065809816e-28 -1.728354609548e-13 -6.402512337591e-15 2.417122846596e-14 -9.813129795730e-02 9.563261181992e-01
7 3 2.742543166724e-22 -6.790321453704e-11 3.568396332099e-12 -5.944054219225e-11 3.055594032936e-01 1.434489177299e+00
7 4 8.297053653262e-17 -3.947309428752e-09 -3.848684996831e-08 2.063668086272e-08 2.273527881437e-01 1.912652236398e+00
7 5 0.000000000000e+00 -1.893036517647e-07 0.000000000000e+00 0.000000000000e+00 -2.306530330374e-01 2.390815295498e+00
7 6 1.548955324764e-06 -3.439044355889e-06 -6.080356636423e-03 -6.567860109850e-03 -4.485255253211e-01 2.868978354598e+00
7 7 2.724532709386e-03 -9.301837343214e-05 4.361805426095e-01 3.916517052303e-02 -2.632978935197e-01 3.347141413697e+00
8 1 9.798292369887e-42 -1.571486359571e-20 3.717582045272e-21 -5.056505903517e-22 -4.117906526074e-02 4.781630590996e-01
8 2 1.539874209107e-33 -1.225360704294e-15 1.094248518590e-17 9.342866094577e-17 3.174472741501e-01 9.563261181992e-01
8 3 1.276462522539e-27 -5.563890838972e-13 -7.982459874040e-14 -1.006567327969e-13 1.326107573906e-01 1.434489177299e+00
8 4 1.787482860568e-21 -7.766176613392e-11 4.251449645582e-11 1.981880670327e-10 -2.939358248499e-01 1.912652236398e+00
8 5 0.000000000000e+00 -2.796534216207e-09 0.000000000000e+00 0.000000000000e+00 -2.570186883059e-01 2.390815295498e+00
8 6 0.000000000000e+00 -1.117815012909e-07 0.000000000000e+00 0.000000000000e+00 2.066244167400e-01 2.868978354598e+00
8 7 1.754543584610e-06 -1.729899883104e-06 -6.233440128832e-03 9.200618952660e-03 4.609923407167e-01 3.347141413697e+00
8 8 2.002138084245e-03 -4.674313948045e-05 -1.106611716213e-01 -4.145284203880e-01 2.866529939763e-01 3.825304472797e+00
9 1 3.775571105291e-47 -2.701018130796e-23 7.105670739214e-24 -1.936182967870e-24 3.207480161613e-01 4.781630590996e-01
9 2 4.769863733213e-39 -4.390301646399e-18 6.966772215198e-20 1.501855656601e-19 7.442842373375e-02 9.563261181992e-01
9 3 2.481685936221e-32 -6.679862868093e-15 -5.371302143864e-16 -1.798758340104e-16 -3.115962367773e-01 1.434489177299e+00
9 4 9.240464405262e-27 -8.164934224485e-13 4.295652021913e-13 1.669413782014e-13 -1.619696091063e-01 1.912652236398e+00
9 5 1.049347172078e-20 -6.729379940959e-11 -1.007575780426e-10 -6.055720595646e-10 2.817624800315e-01 2.390815295498e+00
9 6 0.000000000000e+00 -1.790297323715e-09 0.000000000000e+00 0.000000000000e+00 2.822738110513e-01 2.868978354598e+00
9 7 0.000000000000e+00 -6.369097917931e-08 0.000000000000e+00 0.000000000000e+00 -1.837295939512e-01 3.347141413697e+00
9 8 1.795236198215e-06 -8.684200149619e-07 1.195590408435e-02 4.702465396490e-03 -4.708459773542e-01 3.825304472797e+00
9 9 1.481652627188e-03 -2.373726857024e-05 -3.464858739246e-01 2.288184569338e-01 -3.081532641976e-01 4.303467531896e+00
10 1 3.246870090580e-53 -2.221790203244e-26 6.337252504774e-27 -2.546240785690e-27 3.273400548617e-02 4.781630590996e-01
10 2 5.003869929962e-44 -2.340945172770e-20 3.469451820019e-22 4.088628216026e-22 -3.178199219001e-01 9.563261181992e-01
10 3 1.149411511842e-37 -3.981548658529e-17 -1.202882791730e-18 1.979383537965e-19 -1.026602449242e-01 1.434489177299e+00
10 4 2.046995338223e-31 -1.354870673468e-14 1.984887570101e-15 -8.748257776624e-16 3.049809209990e-01 1.912652236398e+00
10 5 5.681612003085e-26 -8.308018737828e-13 -1.412203238422e-12 -2.149753559903e-13 1.875679574777e-01 2.390815295498e+00
10 6 5.779212937392e-20 -5.008587378858e-11 -2.472035437352e-10 1.711062082934e-09 -2.692609597145e-01 2.868978354598e+00
10 7 0.000000000000e+00 -1.078565365403e-09 0.000000000000e+00 0.000000000000e+00 -3.040730216460e-01 3.347141413697e+00
10 8 0.000000000000e+00 -3.548400601649e-08 0.000000000000e+00 0.000000000000e+00 1.619247629669e-01 3.825304472797e+00
10 9 1.715302935639e-06 -4.358344405501e-07 2.216316161668e-03 -1.395301641627e-02 4.786943289552e-01 4.303467531896e+00
10 10 1.103077140124e-03 -1.215291008673e-05 3.083055036799e-01 2.518220342699e-01 3.280708214132e-01 4.781630590996e+00
11 1 8.613524857839e-59 -2.797339109280e-29 9.844467990906e-30 -5.179500221235e-30 -3.199581760549e-01 4.781630590996e-01
11 2 1.257936241657e-49 -5.913996050946e-23 6.872758976744e-25 5.005054918043e-25 -6.024943370460e-02 9.563261181992e-01
11 3 1.852542896136e-42 -3.765453917862e-19 -4.102667384723e-21 2.668364777270e-21 3.141065317967e-01 1.434489177299e+00
11 4 1.144359920020e-36 -1.094573992584e-16 2.438602981160e-18 -4.511848359771e-18 1.273549109771e-01 1.912652236398e+00
11 5 1.329482479552e-30 -1.722681126177e-14 -4.562056789752e-15 5.189948630441e-15 -2.977791239871e-01 2.390815295498e+00
11 6 3.255885879986e-25 -6.908927931339e-13 4.031603628924e-12 7.646432994692e-13 -2.102304404069e-01 2.868978354598e+00
11 7 0.000000000000e+00 -3.398117134762e-11 0.000000000000e+00 0.000000000000e+00 2.565983252822e-01 3.347141413697e+00
11 8 0.000000000000e+00 -6.248145562709e-10 0.000000000000e+00 0.000000000000e+00 3.230826404603e-01 3.825304472797e+00
11 9 0.000000000000e+00 -1.947660520988e-08 0.000000000000e+00 0.000000000000e+00 -1.411571097124e-01 4.303467531896e+00
11 10 1.562280847447e-06 -2.188676897360e-07 -1.495612744120e-02 8.657234265981e-04 -4.849716973446e-01 4.781630590996e+00
11 11 8.253916451064e-04 -6.261165518500e-06 1.469192354645e-01 -3.491276375824e-01 -3.466185380298e-01 5.259793650096e+00
12 1 5.605880228807e-65 -1.619701594500e-32 7.520310670807e-33 -4.896761200321e-33 -2.722038932149e-02 4.781630590996e-01
12 2 9.879242952980e-55 -2.411708033877e-25 2.176089209296e-27 9.703567829817e-28 3.179916556048e-01 9.563261181992e-01
12 3 7.570877200557e-48 -1.669488793304e-21 -5.830146277383e-24 7.993460057654e-24 8.419540468874e-02 1.434489177299e+00
12 4 2.284071415206e-41 -1.480680240793e-18 -1.535816904321e-21 -2.286140875454e-20 -3.097872117847e-01 1.912652236398e+00
12 5 8.127657913812e-36 -1.703053127923e-16 2.011612925289e-18 1.696630756178e-17 -1.493676607789e-01 2.390815295498e+00
12 6 7.834002501901e-30 -1.689228258537e-14 1.029404727322e-14 -1.729695676351e-14 2.901322308333e-01 2.868978354598e+00
12 7 0.000000000000e+00 -5.078306775735e-13 0.000000000000e+00 0.000000000000e+00 2.305081062634e-01 3.347141413697e+00
12 8 0.000000000000e+00 -2.169767598255e-11 0.000000000000e+00 0.000000000000e+00 -2.438976281057e-01 3.825304472797e+00
12 9 0.000000000000e+00 -3.524381105976e-10 0.000000000000e+00 0.000000000000e+00 -3.397921506502e-01 4.303467531896e+00
12 10 0.000000000000e+00 -1.058073783832e-08 0.000000000000e+00 0.000000000000e+00 1.213690427629e-01 4.781630590996e+00
12 11 1.374460362106e-06 -1.100285796757e-07 4.152671888806e-03 1.488870926208e-02 4.899982116809e-01 5.259793650096e+00
12 12 6.202380141726e-04 -3.241387978550e-06 -3.554504318422e-01 -4.430247744238e-02 3.639677313124e-01 5.737956709195e+00
13 1 1.079849976888e-70 -1.547824179979e-35 9.830172116345e-36 -7.648369289395e-36 3.194994451602e-01 4.781630590996e-01
13 2 1.996329382422e-60 -4.490768573542e-28 3.298213071040e-30 7.703202943260e-31 5.072538834472e-02 9.563261181992e-01
13 3 9.844165221335e-53 -1.251207536345e-23 -1.082440542024e-26 3.399429611364e-26 -3.154089731905e-01 1.434489177299e+00
13 4 1.206870037033e-46 -9.278974872599e-21 -2.803329310921e-23 -4.458892729388e-23 -1.055122136458e-01 1.912652236398e+00
13 5 1.812276597689e-40 -2.953309298599e-18 5.974575199449e-20 5.421418002699e-20 3.049826761996e-01 2.390815295498e+00
13 6 4.994402177120e-35 -1.926713030073e-16 -2.373633493383e-17 -4.493937972126e-17 1.692425897131e-01 2.868978354598e+00
13 7 0.000000000000e+00 -1.411415428368e-14 0.000000000000e+00 0.000000000000e+00 -2.821539150367e-01 3.347141413697e+00
13 8 0.000000000000e+00 -3.441818415740e-13 0.000000000000e+00 0.000000000000e+00 -2.487953170475e-01 3.825304472797e+00
13 9 0.000000000000e+00 -1.328560650194e-11 0.000000000000e+00 0.000000000000e+00 2.312485070725e-01 4.303467531896e+00
13 10 0.000000000000e+00 -1.950838721331e-10 0.000000000000e+00 0.000000000000e+00 3.545745157630e-01 4.781630590996e+00
13 11 0.000000000000e+00 -5.705822243030e-09 0.000000000000e+00 0.000000000000e+00 -1.025015855194e-01 5.259793650096e+00
13 12 1.178444761313e-06 -5.538428593033e-08 1.381051025536e-02 -7.283744105487e-03 -4.940156254975e-01 5.737956709195e+00
13 13 4.677472059469e-04 -1.684342607515e-06 4.721332427399e-02 3.336645944016e-01 -3.802591325500e-01 6.216119768295e+00
14 1 5.464617751557e-77 -6.630052208049e-39 6.550809139730e-39 -5.965809598375e-39 2.332127074160e-02 4.781630590996e-01
14 2 1.203461875132e-65 -1.434339232154e-30 8.302276147661e-33 4.767755531257e-34 -3.180854178441e-01 9.563261181992e-01
14 3 3.426829587207e-58 -4.250220284696e-26 -1.168801531499e-30 6.655282599910e-29 -7.154677596833e-02 1.434489177299e+00
14 4 2.068665434025e-51 -1.023297636470e-22 -1.833234148163e-25 -1.180745919982e-25 3.123445381602e-01 1.912652236398e+00
14 5 1.103974051153e-45 -2.341547191862e-20 1.979389291484e-22 2.165750978213e-23 1.247838138845e-01 2.390815295498e+00
14 6 1.179591156457e-39 -4.016545768834e-18 -2.414759979074e-19 -5.190771741981e-20 -2.997854151593e-01 2.868978354598e+00
14 7 2.867710252406e-34 -1.789598435088e-16 8.529021057568e-17 1.136317906725e-16 -1.873523881554e-01 3.347141413697e+00
14 8 0.000000000000e+00 -1.060834080882e-14 0.000000000000e+00 0.000000000000e+00 2.739355309016e-01 3.825304472797e+00
14 9 0.000000000000e+00 -2.205131192911e-13 0.000000000000e+00 0.000000000000e+00 2.653885981748e-01 4.303467531896e+00
14 10 0.000000000000e+00 -7.893068246478e-12 0.000000000000e+00 0.000000000000e+00 -2.187157300384e-01 4.781630590996e+00
14 11 0.000000000000e+00 -1.065060354907e-10 0.000000000000e+00 0.000000000000e+00 -3.677217527579e-01 5.259793650096e+00
14 12 0.000000000000e+00 -3.060347854531e-09 0.000000000000e+00 0.000000000000e+00 8.449662477797e-02 5.737956709195e+00
14 13 9.907252784951e-07 -2.791656679926e-08 -9.966977791786e-03 -1.188237345237e-02 4.972100887349e-01 6.216119768295e+00
14 14 3.538188645596e-04 -8.777851110078e-07 2.910589632571e-01 -1.221057949592e-01 3.956101551991e-01 6.694282827394e+00
15 1 7.967531316844e-83 -4.957258816011e-42 7.376334935716e-42 -7.749206197080e-42 -3.192091423822e-01 4.781630590996e-01
15 2 1.971932350856e-71 -2.042257775649e-33 1.059070984277e-35 -1.072825677675e-36 -4.385459902475e-02 9.563261181992e-01
15 3 3.604161607255e-63 -2.563745558442e-28 5.252519464107e-32 2.093808184810e-31 3.161782514814e-01 1.434489177299e+00
15 4 9.801801818890e-57 -5.072475251776e-25 -4.671733296031e-28 -8.394835728264e-29 9.032244947528e-02 1.912652236398e+00
15 5 2.222363738495e-50 -3.385788025125e-22 8.056582943386e-25 -3.860950523581e-25 -3.088864915713e-01 2.390815295498e+00
15 6 7.774722901859e-45 -3.774682086011e-20 -5.395292017905e-22 3.331585091220e-22 -1.423986650269e-01 2.868978354598e+00
15 7 6.983440648680e-39 -4.303943789028e-18 6.971151939889e-19 -7.492707014093e-20 2.942703249385e-01 3.347141413697e+00
15 8 0.000000000000e+00 -1.458378835804e-16 0.000000000000e+00 0.000000000000e+00 2.039673227752e-01 3.825304472797e+00
15 9 0.000000000000e+00 -7.406439918346e-15 0.000000000000e+00 0.000000000000e+00 -2.655504040464e-01 4.303467531896e+00
15 10 0.000000000000e+00 -1.356614007387e-13 0.000000000000e+00 0.000000000000e+00 -2.805191873310e-01 4.781630590996e+00
15 11 0.000000000000e+00 -4.585335310229e-12 0.000000000000e+00 0.000000000000e+00 2.063456394561e-01 5.259793650096e+00
15 12 0.000000000000e+00 -5.754963391989e-11 0.000000000000e+00 0.000000000000e+00 3.794673561944e-01 5.737956709195e+00
15 13 0.000000000000e+00 -1.634777562898e-09 0.000000000000e+00 0.000000000000e+00 -6.729826667148e-02 6.216119768295e+00
15 14 8.202780873322e-07 -1.409086073141e-08 -9.327902278163e-03 1.199819954311e-02 -4.997272557993e-01 6.694282827394e+00
15 15 2.683320982311e-04 -4.584835672819e-07 -1.776153718333e-01 -2.349176803369e-01 -4.101199633697e-01 7.172445886494e+00
16 1 3.213297170378e-89 -1.631794228264e-45 4.346868264099e-45 -5.221737599492e-45 -2.041143656556e-02 4.781630590996e-01
16 2 9.358017334732e-77 -5.225986316959e-36 2.248703106218e-38 -5.663713519232e-39 3.181424913905e-01 9.563261181992e-01
16 3 1.060871411719e-68 -6.855090565656e-31 1.735528797301e-34 3.271734381235e-34 6.229099128776e-02 1.434489177299e+00
16 4 1.423589563830e-61 -4.606057573319e-27 -1.779840545524e-30 3.230230591463e-31 -3.138803852050e-01 1.912652236398e+00
16 5 1.268176181469e-55 -2.180242054455e-24 1.245474937877e-27 -1.733033613712e-27 -1.074716476098e-01 2.390815295498e+00
16 6 1.721792645790e-49 -6.680859901545e-22 -9.961730413977e-25 2.812873372422e-24 3.051003676884e-01 2.868978354598e+00
16 7 4.802920886773e-44 -4.597745662997e-20 9.747058752022e-22 -1.559120590501e-21 1.586300633644e-01 3.347141413697e+00
16 8 3.938478908902e-38 -3.934352385246e-18 -1.846099694176e-18 4.615354960397e-19 -2.884994151851e-01 3.825304472797e+00
16 9 0.000000000000e+00 -1.084679526028e-16 0.000000000000e+00 0.000000000000e+00 -2.192922619132e-01 4.303467531896e+00
16 10 0.000000000000e+00 -4.901661640520e-15 0.000000000000e+00 0.000000000000e+00 2.570573602239e-01 4.781630590996e+00
16 11 0.000000000000e+00 -8.097411016976e-14 0.000000000000e+00 0.000000000000e+00 2.943724430347e-01 5.259793650096e+00
16 12 0.000000000000e+00 -2.618583688995e-12 0.000000000000e+00 0.000000000000e+00 -1.941709132775e-01 5.737956709195e+00
16 13 0.000000000000e+00 -3.085184076923e-11 0.000000000000e+00 0.000000000000e+00 -3.900011804809e-01 6.216119768295e+00
16 14 0.000000000000e+00 -8.705529048108e-10 0.000000000000e+00 0.000000000000e+00 5.085358162673e-02 6.694282827394e+00
16 15 6.709933920943e-07 -7.121986989060e-09 1.326478509175e-02 6.397816250119e-03 5.016826493314e-01 7.172445886494e+00
16 16 2.039506692971e-04 -2.398945961349e-07 -1.719263792942e-01 2.131841783910e-01 4.238731485959e-01 7.650608945594e+00
17 1 3.663747292092e-95 -9.789654230995e-49 4.287104603052e-48 -5.852661699897e-48 3.190136955429e-01 4.781630590996e-01
17 2 1.260089917848e-82 -5.861483685308e-39 2.496482994852e-41 -1.004234781917e-41 3.865008243989e-02 9.563261181992e-01
17 3 9.126558281415e-74 -3.384123461716e-33 7.084576328672e-37 8.234599417350e-37 -3.166731765208e-01 1.434489177299e+00
17 4 5.929214137235e-67 -1.842352209059e-29 -3.226479531110e-33 1.793978906774e-33 -7.908419184112e-02 1.912652236398e+00
17 5 2.251115332631e-60 -2.645307257897e-26 1.516305314587e-30 -8.862781164680e-30 3.112592544949e-01 2.390815295498e+00
17 6 1.101690610079e-54 -5.213117873756e-24 2.007375222572e-27 7.276449735777e-27 1.232843699454e-01 2.868978354598e+00
17 7 1.125669990498e-48 -9.525914629452e-22 -2.137884158951e-24 -8.641091856738e-24 -3.010385941192e-01 3.347141413697e+00
17 8 2.770524795840e-43 -4.643025638646e-20 -1.384360765497e-21 4.853471280597e-21 -1.736793010490e-01 3.825304472797e+00
17 9 0.000000000000e+00 -3.217380096517e-18 0.000000000000e+00 0.000000000000e+00 2.825244980002e-01 4.303467531896e+00
17 10 0.000000000000e+00 -7.549214317846e-17 0.000000000000e+00 0.000000000000e+00 2.334879750780e-01 4.781630590996e+00
17 11 0.000000000000e+00 -3.116651421586e-15 0.000000000000e+00 0.000000000000e+00 -2.485035939504e-01 5.259793650096e+00
17 12 0.000000000000e+00 -4.722748900633e-14 0.000000000000e+00 0.000000000000e+00 -3.071001447247e-01 5.737956709195e+00
17 13 0.000000000000e+00 -1.475604391724e-12 0.000000000000e+00 0.000000000000e+00 1.822140648540e-01 6.216119768295e+00
17 14 0.000000000000e+00 -1.643807952469e-11 0.000000000000e+00 0.000000000000e+00 3.994797263876e-01 6.694282827394e+00
17 15 0.000000000000e+00 -4.624651172714e-10 0.000000000000e+00 0.000000000000e+00 -3.511295331392e-02 7.172445886494e+00
17 16 5.435763519699e-07 -3.604387378338e-09 3.340262445921e-03 -1.373869302226e-02 -5.031689655242e-01 7.650608945594e+00
17 17 1.553119357816e-04 -1.256926947126e-07 2.299095064418e-01 1.078101943862e-01 -4.369424799874e-01 8.128772004693e+00
18 1 1.202785959647e-101 -2.551345489159e-52 2.256753552281e-51 -3.490863694095e-51 1.815373479027e-02 4.781630590996e-01
18 2 4.814148920424e-88 -1.225848512219e-41 4.593110621344e-44 -2.562637030025e-44 -3.181799543447e-01 9.563261181992e-01
18 3 2.278070076228e-79 -7.289435094768e-36 1.362929707069e-39 1.042978306034e-39 -5.520240253295e-02 1.434489177299e+00
18 4 7.296774981728e-72 -1.394581367912e-31 -8.935683655415e-36 9.374048381667e-36 3.148806934962e-01 1.912652236398e+00
18 5 1.168971094681e-65 -1.403876422892e-28 -5.000678121335e-33 -1.987021308900e-32 9.454616078710e-02 2.390815295498e+00
18 6 2.224170583523e-59 -7.864797986924e-26 2.482971907947e-29 2.310329485714e-29 -3.083642438462e-01 2.868978354598e+00
18 7 7.726699071937e-54 -8.608500743423e-24 -1.914686328794e-26 -1.331545332888e-26 -1.379700948876e-01 3.347141413697e+00
18 8 6.715779633205e-48 -1.091991347838e-21 1.503608282047e-23 1.978321243819e-23 2.967447774055e-01 3.825304472797e+00
18 9 0.000000000000e+00 -4.109910736803e-20 0.000000000000e+00 0.000000000000e+00 1.877003152495e-01 4.303467531896e+00
18 10 0.000000000000e+00 -2.425879643060e-18 0.000000000000e+00 0.000000000000e+00 -2.763890483613e-01 4.781630590996e+00
18 11 0.000000000000e+00 -4.999051692535e-17 0.000000000000e+00 0.000000000000e+00 -2.466841218930e-01 5.259793650096e+00
18 12 0.000000000000e+00 -1.921651649268e-15 0.000000000000e+00 0.000000000000e+00 2.399269711459e-01 5.737956709195e+00
18 13 0.000000000000e+00 -2.705201144896e-14 0.000000000000e+00 0.000000000000e+00 3.188286860342e-01 6.216119768295e+00
18 14 0.000000000000e+00 -8.227644023042e-13 0.000000000000e+00 0.000000000000e+00 -1.704900216149e-01 6.694282827394e+00
18 15 0.000000000000e+00 -8.715950360447e-12 0.000000000000e+00 0.000000000000e+00 -4.080334872526e-01 7.172445886494e+00
18 16 0.000000000000e+00 -2.452054997202e-10 0.000000000000e+00 0.000000000000e+00 2.003017940466e-02 7.650608945594e+00
18 17 4.368911829921e-07 -1.826425697652e-09 -1.346263307599e-02 -3.784259776779e-04 5.042613415140e-01 8.128772004693e+00
18 18 1.184677321614e-04 -6.592666850814e-08 4.714764122632e-02 -2.300399952766e-01 4.493910114954e-01 8.606935063793e+00
19 1 1.100767445307e-107 -1.254064273805e-55 1.972620583754e-54 -3.452861032960e-54 -3.188757926258e-01 4.781630590996e-01
19 2 5.401345823198e-94 -1.109622978555e-44 4.509219240471e-47 -3.271842471617e-47 -3.456472114014e-02 9.563261181992e-01
19 3 1.624262987964e-84 -2.991385850522e-38 4.105814609490e-42 2.035397073973e-42 3.170115546242e-01 1.434489177299e+00
19 4 2.655544069985e-77 -4.582974924639e-34 -1.143008632548e-38 2.190297496417e-38 7.040308478467e-02 1.912652236398e+00
19 5 1.814579585924e-70 -1.442445220135e-30 -4.752572738227e-35 -6.525571654029e-35 -3.128182230485e-01 2.390815295498e+00
19 6 1.334680405259e-64 -5.150210746631e-28 8.063237625099e-32 2.002508045300e-32 -1.089000217247e-01 2.868978354598e+00
19 7 1.695761930564e-58 -1.540387439683e-25 -1.091452339570e-28 4.924846677929e-30 3.052343150703e-01 3.347141413697e+00
19 8 4.808585452392e-53 -1.107701886315e-23 6.623924820475e-26 5.783654050291e-27 1.516858095299e-01 3.825304472797e+00
19 9 3.807835867087e-47 -1.073234904832e-21 -5.217018511551e-23 -4.134252600881e-23 -2.922559229925e-01 4.303467531896e+00
19 10 0.000000000000e+00 -3.304185625894e-20 0.000000000000e+00 0.000000000000e+00 -2.008145198563e-01 4.781630590996e+00
19 11 0.000000000000e+00 -1.720773139856e-18 0.000000000000e+00 0.000000000000e+00 2.701296326038e-01 5.259793650096e+00
19 12 0.000000000000e+00 -3.186025411742e-17 0.000000000000e+00 0.000000000000e+00 2.589875761071e-01 5.737956709195e+00
19 13 0.000000000000e+00 -1.156582046428e-15 0.000000000000e+00 0.000000000000e+00 -2.313578639866e-01 6.216119768295e+00
19 14 0.000000000000e+00 -1.527445123355e-14 0.000000000000e+00 0.000000000000e+00 -3.296647611775e-01 6.694282827394e+00
19 15 0.000000000000e+00 -4.548557370228e-13 0.000000000000e+00 0.000000000000e+00 1.590080348642e-01 7.172445886494e+00
19 16 0.000000000000e+00 -4.603576702879e-12 0.000000000000e+00 0.000000000000e+00 4.157723376093e-01 7.650608945594e+00
19 17 0.000000000000e+00 -1.298116955131e-10 0.000000000000e+00 0.000000000000e+00 -5.562421631357e-03 8.128772004693e+00
19 18 3.488714320984e-07 -9.265831438741e-10 2.304246998081e-03 1.253292094149e-02 -5.050212268759e-01 8.606935063793e+00
19 19 9.049341576406e-05 -3.460753384114e-08 -2.165315997387e-01 6.683192928754e-03 -4.612737277927e-01 9.085098122892e+00
20 1 2.995185449653e-114 -2.650226485571e-59 9.341176451820e-58 -1.852098405431e-57 -1.634950944008e-02 4.781630590996e-01
20 2 1.693662624189e-99 -1.929395886421e-47 7.289467663002e-50 -6.647360752426e-50 3.182059425043e-01 9.563261181992e-01
20 3 3.461243295542e-90 -5.293352809394e-41 6.430692684757e-45 1.843253537206e-45 4.958882691215e-02 1.434489177299e+00
20 4 2.783948739560e-82 -2.927554785687e-36 -1.743742026510e-41 7.807016961729e-41 -3.155712466726e-01 1.912652236398e+00
20 5 8.464020250375e-76 -6.398474323938e-33 -1.452818556389e-37 -9.639208810809e-38 -8.449079990882e-02 2.390815295498e+00
20 6 2.422355488311e-69 -6.668921416901e-30 3.452396968950e-34 -7.801810284938e-35 3.105245814349e-01 2.868978354598e+00
20 7 1.119896355869e-63 -1.186606790623e-27 -2.247347365123e-31 1.683059514196e-31 1.223109263907e-01 3.347141413697e+00
20 8 1.114114983333e-57 -2.274980689528e-25 2.512473403094e-28 -1.982630769950e-28 -3.019016942431e-01 3.825304472797e+00
20 9 2.794511260020e-52 -1.194809891669e-23 -1.733583294676e-25 4.964687622623e-26 -1.645529062317e-01 4.303467531896e+00
20 10 0.000000000000e+00 -9.423473150260e-22 0.000000000000e+00 0.000000000000e+00 2.876037672783e-01 4.781630590996e+00
20 11 0.000000000000e+00 -2.470676217354e-20 0.000000000000e+00 0.000000000000e+00 2.131201424789e-01 5.259793650096e+00
20 12 0.000000000000e+00 -1.164482238726e-18 0.000000000000e+00 0.000000000000e+00 -2.637770571196e-01 5.737956709195e+00
20 13 0.000000000000e+00 -1.970380759805e-17 0.000000000000e+00 0.000000000000e+00 -2.704879918543e-01 6.216119768295e+00
20 14 0.000000000000e+00 -6.828087165538e-16 0.000000000000e+00 0.000000000000e+00 2.228206090285e-01 6.694282827394e+00
20 15 0.000000000000e+00 -8.524977842726e-15 0.000000000000e+00 0.000000000000e+00 3.396994483393e-01 7.172445886494e+00
20 16 0.000000000000e+00 -2.497134717948e-13 0.000000000000e+00 0.000000000000e+00 -1.477731030108e-01 7.650608945594e+00
20 17 0.000000000000e+00 -2.423913196309e-12 0.000000000000e+00 0.000000000000e+00 -4.227895746658e-01 8.128772004693e+00
20 18 0.000000000000e+00 -6.863653395298e-11 0.000000000000e+00 0.000000000000e+00 -8.329931683602e-03 8.606935063793e+00
20 19 2.770863484724e-07 -4.705976903946e-10 1.108134136375e-02 -4.571984044481e-03 5.054992766496e-01 9.085098122892e+00
20 20 6.921116667551e-05 -1.817846938722e-08 5.146159952077e-02 1.926729011464e-01 4.726388502278e-01 9.563261181992e+00
21 1 2.247403616639e-120 -1.086098784220e-62 7.293251617117e-61 -1.642155740788e-60 3.187748418555e-01 4.781630590996e-01
21 2 1.604012696656e-105 -1.437912441641e-50 6.372435480604e-53 -7.180822602693e-53 3.126921750236e-02 9.563261181992e-01
21 3 2.071947181480e-95 -1.831142841627e-43 1.627019166259e-47 1.780102650263e-48 -3.172536880407e-01 1.434489177299e+00
21 4 8.856683188784e-88 -8.030542085547e-39 3.598384028527e-45 1.426340919004e-43 -6.348017432129e-02 1.912652236398e+00
21 5 1.147851987413e-80 -5.621609821791e-35 -6.213446995755e-40 -1.617963405062e-40 3.139018750196e-01 2.390815295498e+00
21 6 1.338585589265e-74 -3.705425223232e-32 6.601613215571e-37 -5.064238079867e-37 9.764117870051e-02 2.868978354598e+00
21 7 2.262578832237e-68 -1.843542280200e-29 -4.657398038799e-34 1.172935682680e-33 -3.080301026745e-01 3.347141413697e+00
21 8 7.837774548802e-63 -1.994050347027e-27 1.782999398492e-31 -8.299556490650e-31 -1.349048259994e-01 3.825304472797e+00
21 9 6.706098756076e-57 -2.750156532374e-25 -3.702688829305e-28 8.020264058301e-28 2.983938040691e-01 4.303467531896e+00
21 10 1.559900030571e-51 -1.132201603848e-23 4.142595169068e-25 -2.290900536898e-25 1.766677899714e-01 4.781630590996e+00
21 11 0.000000000000e+00 -7.599128651599e-22 0.000000000000e+00 0.000000000000e+00 -2.828156871522e-01 5.259793650096e+00
21 12 0.000000000000e+00 -1.746858158594e-20 0.000000000000e+00 0.000000000000e+00 -2.246983393777e-01 5.737956709195e+00
21 13 0.000000000000e+00 -7.593467371950e-19 0.000000000000e+00 0.000000000000e+00 2.573573093878e-01 6.216119768295e+00
21 14 0.000000000000e+00 -1.189609929958e-17 0.000000000000e+00 0.000000000000e+00 2.812616647460e-01 6.694282827394e+00
21 15 0.000000000000e+00 -3.968449236501e-16 0.000000000000e+00 0.000000000000e+00 -2.143346663568e-01 7.172445886494e+00
21 16 0.000000000000e+00 -4.713003944282e-15 0.000000000000e+00 0.000000000000e+00 -3.490112266316e-01 7.650608945594e+00
21 17 0.000000000000e+00 -1.363027586849e-13 0.000000000000e+00 0.000000000000e+00 1.367870389656e-01 8.128772004693e+00
21 18 0.000000000000e+00 -1.273009218661e-12 0.000000000000e+00 0.000000000000e+00 4.291650068528e-01 8.606935063793e+00
21 19 0.000000000000e+00 -3.625363421250e-11 0.000000000000e+00 0.000000000000e+00 2.168345036966e-02 9.085098122892e+00
21 20 2.190817588530e-07 -2.392599121586e-10 -6.338822535278e-03 -9.258041135365e-03 -5.057375445780e-01 9.563261181992e+00
21 21 5.299198076788e-05 -9.553373022264e-09 1.617833918305e-01 -8.601395262671e-02 -4.835288865047e-01 1.004142424109e+01
22 1 5.146910644881e-127 -1.897960309358e-66 3.118756538789e-64 -8.013314134722e-64 1.487378645512e-02 4.781630590996e-01
22 2 4.196754770400e-111 -2.109564450105e-53 9.096911609276e-56 -1.258595732214e-55 -3.182247478718e-01 9.563261181992e-01
22 3 3.799455954826e-101 -2.706435067976e-46 2.213419119948e-50 -1.148899405355e-51 -4.502752921297e-02 1.434489177299e+00
22 4 7.967676921646e-93 -4.378661186334e-41 1.081056013147e-46 4.140692548085e-46 3.160693354439e-01 1.912652236398e+00
22 5 4.785733352636e-86 -2.111224032180e-37 -1.309001356652e-42 7.277326372430e-44 7.642552798314e-02 2.390815295498e+00
22 6 2.171396783254e-79 -4.150304764842e-34 1.648003133257e-39 -2.917863354285e-39 -3.120348425786e-01 2.868978354598e+00
22 7 1.406649507819e-73 -1.220940386838e-31 4.146223076334e-37 3.119275945150e-36 -1.099871003416e-01 3.347141413697e+00
22 8 1.705289597667e-67 -3.591182974741e-29 -1.629848531896e-33 -3.608641431426e-33 3.053596824774e-01 3.825304472797e+00
22 9 4.915472238199e-62 -2.677238156465e-27 8.281213695435e-31 2.243664987944e-30 1.467803162004e-01 4.303467531896e+00
22 10 3.830319437062e-56 -2.868955693484e-25 2.350740647349e-28 -2.333950949790e-27 -2.947343742225e-01 4.781630590996e+00
22 11 0.000000000000e+00 -9.727513944313e-24 0.000000000000e+00 0.000000000000e+00 -1.881087801564e-01 5.259793650096e+00
22 12 0.000000000000e+00 -5.737358657390e-22 0.000000000000e+00 0.000000000000e+00 2.779153819618e-01 5.737956709195e+00
22 13 0.000000000000e+00 -1.181768408359e-20 0.000000000000e+00 0.000000000000e+00 2.356173421706e-01 6.216119768295e+00
22 14 0.000000000000e+00 -4.806600358607e-19 0.000000000000e+00 0.000000000000e+00 -2.508923346138e-01 6.694282827394e+00
22 15 0.000000000000e+00 -7.043273650601e-18 0.000000000000e+00 0.000000000000e+00 -2.913742963062e-01 7.172445886494e+00
22 16 0.000000000000e+00 -2.276924264754e-16 0.000000000000e+00 0.000000000000e+00 2.059155431397e-01 7.650608945594e+00
22 17 0.000000000000e+00 -2.585171339548e-15 0.000000000000e+00 0.000000000000e+00 3.576682593417e-01 8.128772004693e+00
22 18 0.000000000000e+00 -7.404120834666e-14 0.000000000000e+00 0.000000000000e+00 -1.260492754880e-01 8.606935063793e+00
22 19 0.000000000000e+00 -6.671706584565e-13 0.000000000000e+00 0.000000000000e+00 -4.349673521670e-01 9.085098122892e+00
22 20 0.000000000000e+00 -1.913277442762e-11 0.000000000000e+00 0.000000000000e+00 -3.453186893947e-02 9.563261181992e+00
22 21 1.725587010639e-07 -1.217636616664e-10 -7.216433437242e-03 7.566045008078e-03 5.057711671446e-01 1.004142424109e+01
22 22 4.061263722646e-05 -5.022474500867e-09 -1.100608835935e-01 -1.269838435926e-01 4.939814837357e-01 1.051958730019e+01
23 1 3.222450245075e-133 -6.581479718134e-70 2.182851477602e-67 -6.444257797851e-67 -3.186987131404e-01 4.781630590996e-01
23 2 3.394669887043e-117 -1.316207807969e-56 7.069952454571e-59 -1.204513629367e-58 -2.855285230618e-02 9.563261181992e-01
23 3 1.932515042871e-106 -7.990266413974e-49 4.894902796119e-53 -1.012896509874e-53 3.174332111627e-01 1.434489177299e+00
23 4 2.223228903057e-98 -1.016493626686e-43 3.255166162667e-49 6.364407176430e-49 5.782202853661e-02 1.912652236398e+00
23 5 5.684801675443e-91 -1.601023751196e-39 -4.249199361145e-45 1.536582017417e-45 -3.146879699931e-01 2.390815295498e+00
23 6 1.094817623680e-84 -1.977103061877e-36 1.029673856437e-42 -7.453898085072e-42 -8.856570485386e-02 2.868978354598e+00
23 7 2.592068958504e-78 -1.657352219385e-33 7.704721115242e-39 1.109505114380e-38 3.099945861462e-01 3.347141413697e+00
23 8 1.151208080881e-72 -2.737815010394e-31 -8.732404184750e-36 -5.439576110089e-36 1.216316066208e-01 3.825304472797e+00
23 9 1.125701720491e-66 -5.450167722077e-29 1.007604276992e-32 5.428075260757e-33 -3.025344400462e-01 4.303467531896e+00
23 10 2.881622712587e-61 -3.046006470501e-27 -4.535000721997e-30 -4.564075349360e-30 -1.580163585203e-01 4.781630590996e+00
23 11 0.000000000000e+00 -2.676483626595e-25 0.000000000000e+00 0.000000000000e+00 2.909441444545e-01 5.259793650096e+00
23 12 0.000000000000e+00 -7.746470782860e-24 0.000000000000e+00 0.000000000000e+00 1.989407467823e-01 5.737956709195e+00
23 13 0.000000000000e+00 -4.112098155575e-22 0.000000000000e+00 0.000000000000e+00 -2.729234155958e-01 6.216119768295e+00
23 14 0.000000000000e+00 -7.716601162439e-21 0.000000000000e+00 0.000000000000e+00 -2.459353578289e-01 6.694282827394e+00
23 15 0.000000000000e+00 -2.969798429887e-19 0.000000000000e+00 0.000000000000e+00 2.444006788577e-01 7.172445886494e+00
23 16 0.000000000000e+00 -4.103566968303e-18 0.000000000000e+00 0.000000000000e+00 3.008830284439e-01 7.650608945594e+00
23 17 0.000000000000e+00 -1.292471381609e-16 0.000000000000e+00 0.000000000000e+00 -1.975755319714e-01 8.128772004693e+00
23 18 0.000000000000e+00 -1.408727614586e-15 0.000000000000e+00 0.000000000000e+00 -3.657301573848e-01 8.606935063793e+00
23 19 0.000000000000e+00 -4.005680304748e-14 0.000000000000e+00 0.000000000000e+00 1.155574760981e-01 9.085098122892e+00
23 20 0.000000000000e+00 -3.490525984519e-13 0.000000000000e+00 0.000000000000e+00 4.402561264960e-01 9.563261181992e+00
23 21 0.000000000000e+00 -1.009006864786e-11 0.000000000000e+00 0.000000000000e+00 4.690629911196e-02 1.004142424109e+01
23 22 1.354760991407e-07 -6.202508174618e-11 8.256672150609e-03 5.101469471359e-03 -5.056296714061e-01 1.051958730019e+01
23 23 3.115156768911e-05 -2.641189145574e-09 -9.103445055030e-02 1.240423414418e-01 -5.040301282845e-01 1.099775035929e+01
24 1 6.293776507694e-140 -9.666374866915e-74 8.425178869186e-71 -2.886472016056e-70 -1.364386884389e-02 4.781630590996e-01
24 2 7.516979988347e-123 -1.650135510230e-59 8.857695151365e-62 -1.880141073527e-61 3.182388162759e-01 9.563261181992e-01
24 3 3.074306318968e-112 -1.000473359412e-51 5.925210421179e-56 -2.154171774370e-56 4.124474883690e-02 1.434489177299e+00
24 4 1.729838149700e-103 -4.780055493832e-46 1.251389920453e-51 1.552457367493e-51 -3.164411283411e-01 1.912652236398e+00
24 5 2.117121474255e-96 -5.149324583732e-42 -7.086031021818e-48 5.081721213060e-48 -6.980164262997e-02 2.390815295498e+00
24 6 1.585268028828e-89 -1.930393559584e-38 -6.155015424479e-45 -2.796374270062e-44 3.131355245440e-01 2.868978354598e+00
24 7 1.498133657046e-83 -9.516763702026e-36 2.819482208939e-41 1.611302680081e-41 1.000093384561e-01 3.347141413697e+00
24 8 2.325459909390e-77 -4.346075245420e-33 -4.623752618423e-38 -3.941780473504e-40 -3.078010342834e-01 3.825304472797e+00
24 9 8.048051699068e-72 -4.662528155915e-31 3.012985901910e-35 -5.356434808670e-36 -1.326563722049e-01 4.303467531896e+00
24 10 6.836782860780e-66 -6.877374024575e-29 -3.133114334966e-32 7.230134563774e-34 2.995726811028e-01 4.781630590996e+00
24 11 1.619654112515e-60 -3.056072326848e-27 1.484579156834e-29 7.819342600047e-30 1.686774621337e-01 5.259793650096e+00
24 12 0.000000000000e+00 -2.289404224689e-25 0.000000000000e+00 0.000000000000e+00 -2.870413523598e-01 5.737956709195e+00
24 13 0.000000000000e+00 -5.809278434825e-24 0.000000000000e+00 0.000000000000e+00 -2.092183148215e-01 6.216119768295e+00
24 14 0.000000000000e+00 -2.826506599109e-22 0.000000000000e+00 0.000000000000e+00 2.678576619281e-01 6.694282827394e+00
24 15 0.000000000000e+00 -4.895409412551e-21 0.000000000000e+00 0.000000000000e+00 2.557026531947e-01 7.172445886494e+00
24 16 0.000000000000e+00 -1.798652643714e-19 0.000000000000e+00 0.000000000000e+00 -2.378980228428e-01 7.650608945594e+00
24 17 0.000000000000e+00 -2.359037250474e-18 0.000000000000e+00 0.000000000000e+00 -3.098379768724e-01 8.128772004693e+00
24 18 0.000000000000e+00 -7.270745284036e-17 0.000000000000e+00 0.000000000000e+00 1.893243034626e-01 8.606935063793e+00
24 19 0.000000000000e+00 -7.634086729843e-16 0.000000000000e+00 0.000000000000e+00 3.732493652107e-01 9.085098122892e+00
24 20 0.000000000000e+00 -2.159618036532e-14 0.000000000000e+00 0.000000000000e+00 -1.053080006580e-01 9.563261181992e+00
24 21 0.000000000000e+00 -1.823560091079e-13 0.000000000000e+00 0.000000000000e+00 -4.450831484428e-01 1.004142424109e+01
24 22 0.000000000000e+00 -5.317989985940e-12 0.000000000000e+00 0.000000000000e+00 -5.883543874730e-02 1.051958730019e+01
24 23 1.060664840224e-07 -3.162238979602e-11 3.040503901357e-03 -8.447546183941e-03 5.053380010794e-01 1.099775035929e+01
24 24 2.391241093145e-05 -1.389214687999e-09 1.289366943648e-01 5.623369917318e-02 5.137047246894e-01 1.147591341839e+01
25 1 3.336932090088e-146 -2.872308778635e-77 5.273514146056e-74 -2.125016122751e-73 3.186398796199e-01 4.781630590996e-01
25 2 5.248045674552e-129 -8.741913389603e-63 6.016886061970e-65 -1.629012080005e-64 2.627422020274e-02 9.563261181992e-01
25 3 1.343100134657e-117 -2.548373332582e-54 1.164979616457e-58 -6.159176778643e-59 -3.175701573657e-01 1.434489177299e+00
25 4 4.253288417383e-109 -9.504685641906e-49 2.397493682962e-54 2.007080900080e-54 -5.310618178834e-02 1.912652236398e+00
25 5 2.212141009358e-101 -3.399967595742e-44 -1.790748206934e-50 2.176706922978e-50 3.152776137822e-01 2.390815295498e+00
25 6 7.263050477093e-95 -7.960036636389e-41 -3.206855242938e-47 -5.222881553299e-47 8.108103343613e-02 2.868978354598e+00
25 7 2.507003227285e-88 -1.136036693532e-37 1.321573312346e-43 1.348804574196e-44 -3.114321809807e-01 3.347141413697e+00
25 8 1.484178323681e-82 -2.901619943128e-35 -1.022353308559e-40 5.651287210940e-41 -1.108419792648e-01 3.825304472797e+00
25 9 1.737568093983e-76 -8.431164248739e-33 9.912717092047e-38 -1.019448953957e-37 3.054710105385e-01 4.303467531896e+00
25 10 5.084678238229e-71 -6.475953040671e-31 -6.106156007803e-35 5.980023574902e-35 1.431274105562e-01 4.781630590996e+00
25 11 3.937777430852e-65 -7.541071835502e-29 7.565251231099e-32 -3.349057328601e-32 -2.964904940771e-01 5.259793650096e+00
25 12 8.862449265343e-60 -2.780486081726e-27 -4.095484034124e-29 -1.249250979295e-29 -1.788172534037e-01 5.737956709195e+00
25 13 0.000000000000e+00 -1.828195279045e-25 0.000000000000e+00 0.000000000000e+00 2.830420981462e-01 6.216119768295e+00
25 14 0.000000000000e+00 -4.150969206527e-24 0.000000000000e+00 0.000000000000e+00 2.189881367474e-01 6.694282827394e+00
25 15 0.000000000000e+00 -1.877646481237e-22 0.000000000000e+00 0.000000000000e+00 -2.627336776677e-01 7.172445886494e+00
25 16 0.000000000000e+00 -3.032556373298e-21 0.000000000000e+00 0.000000000000e+00 -2.649630903166e-01 7.650608945594e+00
25 17 0.000000000000e+00 -1.071356175819e-19 0.000000000000e+00 0.000000000000e+00 2.313976259340e-01 8.128772004693e+00
25 18 0.000000000000e+00 -1.340967162621e-18 0.000000000000e+00 0.000000000000e+00 3.182834112281e-01 8.606935063793e+00
25 19 0.000000000000e+00 -4.058966146066e-17 0.000000000000e+00 0.000000000000e+00 -1.811693838608e-01 9.085098122892e+00
25 20 0.000000000000e+00 -4.117558355588e-16 0.000000000000e+00 0.000000000000e+00 -3.802722664284e-01 9.563261181992e+00
25 21 0.000000000000e+00 -1.160887863395e-14 0.000000000000e+00 0.000000000000e+00 9.529626154463e-02 1.004142424109e+01
25 22 0.000000000000e+00 -9.515406127282e-14 0.000000000000e+00 0.000000000000e+00 4.494937513637e-01 1.051958730019e+01
25 23 0.000000000000e+00 -2.801407523347e-12 0.000000000000e+00 0.000000000000e+00 7.034577162702e-02 1.099775035929e+01
25 24 8.284324980895e-08 -1.613530245937e-11 -8.200980791876e-03 -1.137785312806e-03 -5.049173290545e-01 1.147591341839e+01
25 25 1.836770257339e-05 -7.308043765661e-10 2.436970012920e-02 -1.260867505144e-01 -5.230320780902e-01 1.195407647749e+01
26 1 5.621828209996e-153 -3.594694466361e-81 1.821936229773e-77 -8.800170329425e-77 1.260278542893e-02 4.781630590996e-01
26 2 9.956434428311e-135 -9.469561024199e-66 6.406584345524e-68 -2.304532535948e-67 -3.182496282137e-01 9.563261181992e-01
26 3 1.868061814889e-123 -2.736353439205e-57 1.266872871505e-61 -9.001683182453e-62 -3.805491994966e-02 1.434489177299e+00
26 4 2.884455970944e-114 -3.890775585827e-51 7.101750503953e-57 3.983150496725e-57 3.167264021459e-01 1.912652236398e+00
26 5 7.370436510110e-107 -9.460994597596e-47 -2.197506844370e-53 4.652058213153e-53 6.425782826711e-02 2.390815295498e+00
26 6 9.398461154107e-100 -6.825093262924e-43 -1.680074465805e-49 -1.427572808371e-49 -3.139644149850e-01 2.868978354598e+00
26 7 1.337753524571e-93 -5.701184185526e-40 2.938668982107e-46 -8.837651578389e-47 -9.175019459944e-02 3.347141413697e+00
26 8 2.765137868904e-87 -4.082216244390e-37 -2.779089298655e-43 4.207109770630e-43 3.095943351542e-01 3.825304472797e+00
26 9 1.192059029340e-81 -6.373369998805e-35 6.960100330883e-41 -3.658796396935e-40 1.211322631373e-01 4.303467531896e+00
26 10 1.152016447447e-75 -1.307650224934e-32 -3.914555202904e-38 4.049256761923e-37 -3.030190686997e-01 4.781630590996e+00
26 11 3.007755466148e-70 -7.699971499544e-31 7.174781611076e-35 -2.171063506716e-34 -1.530990112540e-01 5.259793650096e+00
26 12 2.191888058948e-64 -7.411600604795e-29 -1.633357296255e-31 1.366188235122e-31 2.933021456813e-01 5.737956709195e+00
26 13 0.000000000000e+00 -2.340866464762e-27 0.000000000000e+00 0.000000000000e+00 1.884809938443e-01 6.216119768295e+00
26 14 0.000000000000e+00 -1.381203463038e-25 0.000000000000e+00 0.000000000000e+00 -2.789606330123e-01 6.694282827394e+00
26 15 0.000000000000e+00 -2.851228887952e-24 0.000000000000e+00 0.000000000000e+00 -2.282905420404e-01 7.172445886494e+00
26 16 0.000000000000e+00 -1.212617863750e-22 0.000000000000e+00 0.000000000000e+00 2.575650175977e-01 7.650608945594e+00
26 17 0.000000000000e+00 -1.841590136488e-21 0.000000000000e+00 0.000000000000e+00 2.737552822287e-01 8.128772004693e+00
26 18 0.000000000000e+00 -6.292536471224e-20 0.000000000000e+00 0.000000000000e+00 -2.249106962640e-01 8.606935063793e+00
26 19 0.000000000000e+00 -7.550075505801e-19 0.000000000000e+00 0.000000000000e+00 -3.262586799846e-01 9.085098122892e+00
26 20 0.000000000000e+00 -2.251180658384e-17 0.000000000000e+00 0.000000000000e+00 1.731165416432e-01 9.563261181992e+00
26 21 0.000000000000e+00 -2.211917685725e-16 0.000000000000e+00 0.000000000000e+00 3.868400773662e-01 1.004142424109e+01
26 22 0.000000000000e+00 -6.224331522617e-15 0.000000000000e+00 0.000000000000e+00 -8.551699690628e-02 1.051958730019e+01
26 23 0.000000000000e+00 -4.960171189505e-14 0.000000000000e+00 0.000000000000e+00 -4.535277688664e-01 1.099775035929e+01
26 24 0.000000000000e+00 -1.475065771602e-12 0.000000000000e+00 0.000000000000e+00 -8.146175508165e-02 1.147591341839e+01
26 25 6.457229910928e-08 -8.239361204740e-12 5.285527264324e-04 7.595917174265e-03 5.043857062256e-01 1.195407647749e+01
26 26 1.411697115826e-05 -3.844800259529e-10 -1.170412622403e-01 3.285755659823e-03 5.320362989065e-01 1.243223953659e+01
27 1 2.556061910889e-159 -9.253184625527e-85 1.004976034990e-80 -5.975790707225e-80 -3.185934680682e-01 4.781630590996e-01
27 2 6.056200371777e-141 -4.311459772700e-69 3.557506994268e-71 -1.831268622183e-70 -2.433474938522e-02 9.563261181992e-01
27 3 7.078393639477e-129 -6.071431813039e-60 2.227105157303e-64 -2.047402658386e-64 3.176770951131e-01 1.434489177299e+00
27 4 6.281890343886e-120 -6.696521535043e-54 1.135319601725e-59 3.936577892057e-60 4.911236965916e-02 1.912652236398e+00
27 5 6.807838834470e-112 -5.482598598400e-49 -3.202892700799e-56 1.530499219573e-55 -3.157319822926e-01 2.390815295498e+00
27 6 3.908334974393e-105 -2.457341212885e-45 -4.132998194948e-52 -1.769494999394e-52 -7.479430061883e-02 2.868978354598e+00
27 7 2.030139979419e-98 -6.022570617292e-42 9.411014807261e-49 -7.371564016271e-49 3.125185100604e-01 3.347141413697e+00
27 8 1.653269107274e-92 -2.402738758024e-39 -1.587935342140e-46 1.222630804017e-45 1.018810033554e-01 3.825304472797e+00
27 9 2.406672877026e-86 -1.028497426877e-36 -5.888997110807e-43 -1.566424886098e-42 -3.076357665066e-01 4.303467531896e+00
27 10 8.329036045210e-81 -1.096851601124e-34 5.791265730117e-40 9.279821372272e-40 -1.309361869417e-01 4.781630590996e+00
27 11 7.056583424207e-75 -1.709487246010e-32 -4.890301555489e-37 -9.937174482909e-37 3.004580132461e-01 5.259793650096e+00
27 12 1.703926943461e-69 -8.109629286861e-31 2.654052231320e-35 5.931141903657e-34 1.626165169889e-01 5.737956709195e+00
27 13 0.000000000000e+00 -6.677574924231e-29 0.000000000000e+00 0.000000000000e+00 -2.900203617127e-01 6.216119768295e+00
27 14 0.000000000000e+00 -1.851134001138e-27 0.000000000000e+00 0.000000000000e+00 -1.977073950309e-01 6.694282827394e+00
27 15 0.000000000000e+00 -9.972633622841e-26 0.000000000000e+00 0.000000000000e+00 2.748095958129e-01 7.172445886494e+00
27 16 0.000000000000e+00 -1.895527312143e-24 0.000000000000e+00 0.000000000000e+00 2.371607599905e-01 7.650608945594e+00
27 17 0.000000000000e+00 -7.648708701239e-23 0.000000000000e+00 0.000000000000e+00 -2.523635027185e-01 8.128772004693e+00
27 18 0.000000000000e+00 -1.099751111271e-21 0.000000000000e+00 0.000000000000e+00 -2.821134801256e-01 8.606935063793e+00
27 19 0.000000000000e+00 -3.651930919794e-20 0.000000000000e+00 0.000000000000e+00 2.184467000722e-01 9.085098122892e+00
27 20 0.000000000000e+00 -4.216320373915e-19 0.000000000000e+00 0.000000000000e+00 3.337989470242e-01 9.563261181992e+00
27 21 0.000000000000e+00 -1.241527356460e-17 0.000000000000e+00 0.000000000000e+00 -1.651701017347e-01 1.004142424109e+01
27 22 0.000000000000e+00 -1.184095553325e-16 0.000000000000e+00 0.000000000000e+00 -3.929895774860e-01 1.051958730019e+01
27 23 0.000000000000e+00 -3.329894654918e-15 0.000000000000e+00 0.000000000000e+00 7.596448069689e-02 1.099775035929e+01
27 24 0.000000000000e+00 -2.583433622359e-14 0.000000000000e+00 0.000000000000e+00 4.572203429275e-01 1.147591341839e+01
27 25 0.000000000000e+00 -7.763866976187e-13 0.000000000000e+00 0.000000000000e+00 9.220599409870e-02 1.195407647749e+01
27 26 0.000000000000e+00 -4.210410054793e-12 0.000000000000e+00 0.000000000000e+00 -5.037585836231e-01 1.243223953659e+01
27 27 1.085565642933e-05 -2.022881170005e-10 2.594968653277e-02 1.034187479214e-01 -5.407391443362e-01 1.291040259569e+01
28 1 3.751586342936e-166 -9.984294174393e-89 3.020645480361e-84 -2.301789939710e-83 -1.170997449722e-02 4.781630590996e-01
28 2 9.949361424652e-147 -4.074431696026e-72 2.762594883674e-74 -2.375064154974e-73 3.182581243849e-01 9.563261181992e-01
28 3 8.670350060505e-135 -5.650187191481e-63 2.174808371312e-67 -2.545652959112e-67 3.532756593535e-02 1.434489177299e+00
28 4 3.740532163328e-125 -2.406240838835e-56 2.892719761159e-62 4.795120309294e-63 -3.169503066001e-01 1.912652236398e+00
28 5 2.034858823080e-117 -1.331981935135e-51 4.848728084682e-60 2.702920267450e-58 -5.954572129265e-02 2.390815295498e+00
28 6 4.531021617218e-110 -1.863034877426e-47 -1.519876038017e-54 -1.824586261589e-55 3.146053569846e-01 2.868978354598e+00
28 7 9.966910404513e-104 -2.661099204401e-44 1.391222290001e-51 -2.253992864084e-51 8.479099929848e-02 3.347141413697e+00
28 8 2.831152307253e-97 -3.012119365680e-41 1.510470862483e-48 4.873246843172e-48 -3.109536742374e-01 3.825304472797e+00
28 9 1.567375327619e-91 -6.908146582200e-39 -3.280298640206e-45 -2.734625246498e-45 -1.115317886567e-01 4.303467531896e+00
28 10 1.786160325990e-85 -1.988766817417e-36 4.667967947306e-42 1.967186083191e-42 3.055683562777e-01 4.781630590996e+00
28 11 5.298065897409e-80 -1.566272826733e-34 -2.809925455276e-39 -1.146206326672e-39 1.403001329916e-01 5.259793650096e+00
28 12 4.099822700651e-74 -1.955316353422e-32 2.279920216266e-36 1.811961998081e-36 -2.977992402715e-01 5.737956709195e+00
28 13 0.000000000000e+00 -7.755283346158e-31 0.000000000000e+00 0.000000000000e+00 -1.717183216648e-01 6.216119768295e+00
28 14 0.000000000000e+00 -5.607932379961e-29 0.000000000000e+00 0.000000000000e+00 2.866565385877e-01 6.694282827394e+00
28 15 0.000000000000e+00 -1.390700852396e-27 0.000000000000e+00 0.000000000000e+00 2.065299528574e-01 7.172445886494e+00
28 16 0.000000000000e+00 -6.935164117049e-26 0.000000000000e+00 0.000000000000e+00 -2.706002120576e-01 7.650608945594e+00
28 17 0.000000000000e+00 -1.226194437369e-24 0.000000000000e+00 0.000000000000e+00 -2.456298436961e-01 8.128772004693e+00
28 18 0.000000000000e+00 -4.729316816366e-23 0.000000000000e+00 0.000000000000e+00 2.471394492178e-01 8.606935063793e+00
28 19 0.000000000000e+00 -6.474365005103e-22 0.000000000000e+00 0.000000000000e+00 2.900682663477e-01 9.085098122892e+00
28 20 0.000000000000e+00 -2.097843120937e-20 0.000000000000e+00 0.000000000000e+00 -2.120136209392e-01 9.563261181992e+00
28 21 0.000000000000e+00 -2.338060693337e-19 0.000000000000e+00 0.000000000000e+00 -3.409357865229e-01 1.004142424109e+01
28 22 0.000000000000e+00 -6.813613609035e-18 0.000000000000e+00 0.000000000000e+00 1.573332019213e-01 1.051958730019e+01
28 23 0.000000000000e+00 -6.319667100859e-17 0.000000000000e+00 0.000000000000e+00 3.987537124319e-01 1.099775035929e+01
28 24 0.000000000000e+00 -1.777975381311e-15 0.000000000000e+00 0.000000000000e+00 -6.663268423381e-02 1.147591341839e+01
28 25 0.000000000000e+00 -1.344579992696e-14 0.000000000000e+00 0.000000000000e+00 -4.606025916429e-01 1.195407647749e+01
28 26 0.000000000000e+00 -4.085048443775e-13 0.000000000000e+00 0.000000000000e+00 -1.025994015628e-01 1.243223953659e+01
28 27 0.000000000000e+00 -2.153036921140e-12 0.000000000000e+00 0.000000000000e+00 5.030492355776e-01 1.291040259569e+01
28 28 8.351676034278e-06 -1.064332396348e-10 8.679577639674e-02 -4.327647845847e-02 5.491603081248e-01 1.338856565479e+01
29 1 1.478664218801e-172 -2.247651567738e-92 1.392543895582e-87 -1.450805951806e-86 3.185562095980e-01 4.781630590996e-01
29 2 5.316996756998e-153 -1.611063547758e-75 7.443751897074e-78 -1.746364876256e-76 2.266354910366e-02 9.563261181992e-01
29 3 2.874376199232e-140 -1.101376415927e-65 3.399155153807e-70 -5.060569714136e-70 -3.177622491245e-01 1.434489177299e+00
29 4 7.253427713970e-131 -3.618087677484e-59 4.083164183248e-65 7.576826002483e-68 -4.568468743687e-02 1.912652236398e+00
29 5 1.670083837658e-122 -6.823797653095e-54 1.781800956278e-61 7.536955671948e-61 3.160899651462e-01 2.390815295498e+00
29 6 1.711220850634e-115 -5.902955805033e-50 -2.940398804338e-57 4.516612880638e-58 6.943395315636e-02 2.868978354598e+00
29 7 1.372259785778e-108 -2.502523412724e-46 2.116976313718e-54 -9.597685379656e-54 -3.133610114858e-01 3.347141413697e+00
29 8 1.577224083821e-102 -1.572836443801e-43 7.833366327593e-51 9.146082251630e-51 -9.430892146845e-02 3.825304472797e+00
29 9 2.944393293495e-96 -9.995388600833e-41 -1.811478915722e-47 -3.804529559542e-48 3.092814476582e-01 4.303467531896e+00
29 10 1.240574969442e-90 -1.492833640706e-38 1.313439645955e-44 -2.388934631975e-45 1.207505774171e-01 4.781630590996e+00
29 11 1.188888406001e-84 -3.139705197579e-36 -1.375873747892e-41 4.166301762539e-42 -3.034025435690e-01 5.259793650096e+00
29 12 3.161599728465e-79 -1.932554290946e-34 8.021697014917e-39 -1.027580721474e-39 -1.492630484790e-01 5.737956709195e+00
29 13 2.298702965563e-73 -2.010612613662e-32 -7.059304502112e-36 -2.444353536303e-36 2.950529727460e-01 6.216119768295e+00
29 14 0.000000000000e+00 -6.859356198019e-31 0.000000000000e+00 0.000000000000e+00 1.804373347009e-01 6.694282827394e+00
29 15 0.000000000000e+00 -4.445952038405e-29 0.000000000000e+00 0.000000000000e+00 -2.832209106065e-01 7.172445886494e+00
29 16 0.000000000000e+00 -1.001309808548e-27 0.000000000000e+00 0.000000000000e+00 -2.149779463534e-01 7.650608945594e+00
29 17 0.000000000000e+00 -4.673521627576e-26 0.000000000000e+00 0.000000000000e+00 2.663424638138e-01 8.128772004693e+00
29 18 0.000000000000e+00 -7.751009744223e-25 0.000000000000e+00 0.000000000000e+00 2.537253805473e-01 8.606935063793e+00
29 19 0.000000000000e+00 -2.874972966634e-23 0.000000000000e+00 0.000000000000e+00 -2.419018645569e-01 9.085098122892e+00
29 20 0.000000000000e+00 0.000000000000e+00 0.000000000000e+00 0.000000000000e+00 -2.976471042179e-01 9.563261181992e+00
29 21 0.000000000000e+00 -1.194482534661e-20 0.000000000000e+00 0.000000000000e+00 2.056181776489e-01 1.004142424109e+01
29 22 0.000000000000e+00 -1.288615728148e-19 0.000000000000e+00 0.000000000000e+00 3.476976694007e-01 1.051958730019e+01
29 23 0.000000000000e+00 -3.723437431475e-18 0.000000000000e+00 0.000000000000e+00 -1.496080028822e-01 1.099775035929e+01
29 24 0.000000000000e+00 -3.364028220741e-17 0.000000000000e+00 0.000000000000e+00 -4.041620963460e-01 1.147591341839e+01
29 25 0.000000000000e+00 -9.477222034501e-16 0.000000000000e+00 0.000000000000e+00 5.751540040274e-02 1.195407647749e+01
29 26 0.000000000000e+00 -6.993789339504e-15 0.000000000000e+00 0.000000000000e+00 4.637021648332e-01 1.243223953659e+01
29 27 0.000000000000e+00 -2.148750662567e-13 0.000000000000e+00 0.000000000000e+00 1.126613448994e-01 1.291040259569e+01
29 28 3.027631215604e-08 -1.101686238056e-12 -4.504373366406e-03 3.716228093107e-03 -5.022691049285e-01 1.338856565479e+01
29 29 6.427943159874e-06 -5.599942264581e-11 -5.529084212039e-02 -6.862192333058e-02 -5.573176676890e-01 1.386672871389e+01
30 1 1.907252180583e-179 -2.112342149902e-96 3.248932151819e-91 -5.224344935160e-90 1.093575410590e-02 4.781630590996e-01
30 2 7.634936334662e-159 -1.339567491400e-78 -5.836432729063e-81 -2.093774943473e-79 -3.182649267801e-01 9.563261181992e-01
30 3 3.121657760957e-146 -8.965893077022e-69 2.935781189521e-73 -5.634002444206e-73 -3.296814257322e-02 1.434489177299e+00
30 4 3.818212481102e-136 -1.149768541812e-61 9.257439171630e-68 -1.436289141809e-68 3.171294105771e-01 1.912652236398e+00
30 5 4.493220286723e-128 -1.459154026815e-56 5.380262677009e-64 1.150761974888e-63 5.548857418935e-02 2.390815295498e+00
30 6 1.783068434245e-120 -3.982373054208e-52 -8.798925151200e-60 3.846309588714e-60 -3.151118943672e-01 2.868978354598e+00
30 7 6.190335806657e-114 -9.801852140031e-49 -2.150557163226e-57 -2.076366838612e-56 -7.884086703021e-02 3.347141413697e+00
30 8 2.479238966198e-107 -1.766096846470e-45 4.245651441914e-53 2.183793618508e-53 3.120107077012e-01 3.825304472797e+00
30 9 1.807699455448e-101 -5.997405051469e-43 -4.437209471778e-50 1.160259960081e-50 1.033980966418e-01 4.303467531896e+00
30 10 2.502885602507e-95 -2.440494680005e-40 4.481110616025e-47 -3.984441636769e-47 -3.075117481455e-01 4.781630590996e+00
30 11 8.665912424327e-90 -2.591076560909e-38 -2.301363833235e-44 3.125287463997e-44 -1.295774418064e-01 5.259793650096e+00
30 12 7.340406575979e-84 -4.228066725752e-36 2.492127612272e-41 -2.995711983375e-41 3.011476256322e-01 5.737956709195e+00
30 13 1.805962645429e-78 -2.122076107499e-34 -1.796786854654e-38 1.075235206623e-38 1.578580430341e-01 6.216119768295e+00
30 14 0.000000000000e+00 -1.896622465895e-32 0.000000000000e+00 0.000000000000e+00 -2.922284314691e-01 6.694282827394e+00
30 15 0.000000000000e+00 -5.690366876613e-31 0.000000000000e+00 0.000000000000e+00 -1.888020724366e-01 7.172445886494e+00
30 16 0.000000000000e+00 -3.360129224842e-29 0.000000000000e+00 0.000000000000e+00 2.797226871319e-01 7.650608945594e+00
30 17 0.000000000000e+00 -6.957060832508e-28 0.000000000000e+00 0.000000000000e+00 2.230771979437e-01 8.128772004693e+00
30 18 0.000000000000e+00 -3.066727243504e-26 0.000000000000e+00 0.000000000000e+00 -2.620452361796e-01 8.606935063793e+00
30 19 0.000000000000e+00 -4.804020876549e-25 0.000000000000e+00 0.000000000000e+00 -2.614720472750e-01 9.085098122892e+00
30 20 0.000000000000e+00 -1.722399133255e-23 0.000000000000e+00 0.000000000000e+00 2.366586158033e-01 9.563261181992e+00
30 21 0.000000000000e+00 -2.166570060484e-22 0.000000000000e+00 0.000000000000e+00 3.048747804697e-01 1.004142424109e+01
30 22 0.000000000000e+00 -6.749064948952e-21 0.000000000000e+00 0.000000000000e+00 -1.992660078064e-01 1.051958730019e+01
30 23 0.000000000000e+00 -7.064390230737e-20 0.000000000000e+00 0.000000000000e+00 -3.541103654999e-01 1.099775035929e+01
30 24 0.000000000000e+00 -2.027135195793e-18 0.000000000000e+00 0.000000000000e+00 1.419958608375e-01 1.147591341839e+01
30 25 0.000000000000e+00 -1.786590136189e-17 0.000000000000e+00 0.000000000000e+00 4.092414335926e-01 1.195407647749e+01
30 26 0.000000000000e+00 -5.044097725020e-16 0.000000000000e+00 0.000000000000e+00 -4.860633895429e-02 1.243223953659e+01
30 27 0.000000000000e+00 -3.635927022199e-15 0.000000000000e+00 0.000000000000e+00 -4.665437092761e-01 1.291040259569e+01
30 28 0.000000000000e+00 -1.129949257455e-13 0.000000000000e+00 0.000000000000e+00 -1.224097797564e-01 1.338856565479e+01
30 29 0.000000000000e+00 -5.640635913963e-13 0.000000000000e+00 0.000000000000e+00 5.014280863536e-01 1.386672871389e+01
30 30 4.949176670765e-06 -2.946322956746e-11 -5.016025079993e-02 6.231275567594e-02 5.652274958634e-01 1.434489177299e+01
