2 1 6.887655285806e-12 -1.250908876103e-15 5.828966511087e-10 1.854511683244e-08 3.151937629432e-01 2.820449685524e-03
2 2 1.878341019652e-08 -1.157979281911e-12 -1.935239025731e-06 1.010201788356e-07 1.573004668876e-01 5.640899371049e-03
3 1 4.458374717562e-14 -6.334346469218e-20 5.069495561575e-11 1.491921587017e-09 -2.953220931466e-01 2.820449685524e-03
3 2 3.965878416034e-13 -1.132267534756e-18 -8.888092977969e-09 5.397742430786e-10 -3.731171807911e-01 5.640899371049e-03
3 3 4.858677693488e-10 -6.477774734622e-16 -3.887216090999e-08 -4.658886418028e-07 -2.280390999490e-01 8.461349056573e-03
4 1 3.414058649859e-19 -1.830411837234e-26 1.488396338248e-13 4.128209141091e-12 -1.492698937389e-01 2.820449685524e-03
4 2 8.714919148838e-15 -2.600966201088e-22 -1.317281220296e-09 8.448897636764e-11 2.121915395487e-01 5.640899371049e-03
4 3 1.599946564269e-14 -8.250498420519e-22 -2.397230571915e-10 -2.672030952178e-09 3.959128848058e-01 8.461349056573e-03
4 4 1.546568814181e-11 -4.429688077104e-19 1.105104403106e-07 -1.247489712910e-08 2.793763018095e-01 1.128179874210e-02
5 1 1.028357007665e-21 -6.806277074061e-31 8.458274575950e-15 2.265571604942e-13 3.095415830840e-01 2.820449685524e-03
5 2 1.883221783712e-19 -1.916978291496e-28 -6.122334268043e-12 4.100677332603e-13 2.334720968485e-01 5.640899371049e-03
5 3 6.449886816683e-16 -4.065604502339e-25 -5.019203668528e-11 -5.363050908482e-10 -1.440585670909e-01 8.461349056573e-03
5 4 5.873214022578e-16 -5.813733638787e-25 6.805685767418e-10 -8.073152188493e-11 -4.053605570602e-01 1.128179874210e-02
5 5 5.265510099999e-13 -3.229769288962e-22 3.606597025424e-09 2.539584110299e-08 -3.197788283225e-01 1.410224842762e-02
6 1 4.992035705016e-27 -1.046340096919e-37 1.917953502325e-17 4.991450393182e-16 1.002558424167e-01 2.820449685524e-03
6 2 1.769329182360e-21 -2.456455625999e-32 -5.933484136451e-13 4.096961776467e-14 -2.704916620732e-01 5.640899371049e-03
6 3 2.199962555330e-20 -4.405671206822e-31 -3.033855406583e-13 -3.131180616022e-12 -2.856544205164e-01 8.461349056573e-03
6 4 3.498885047968e-17 -4.671870965305e-28 1.660284951385e-10 -2.038952224177e-11 8.799036827845e-02 1.128179874210e-02
6 5 2.082293222334e-17 -4.086227009546e-28 2.355184527536e-11 1.595768856324e-10 4.086192925820e-01 1.410224842762e-02
6 6 1.845923093003e-14 -2.420513397719e-25 -5.680619229093e-09 9.723399952050e-10 3.530917949051e-01 1.692269811315e-02
7 1 8.014374467352e-30 -2.465473959889e-42 7.857374630627e-19 1.999899508603e-17 -3.136798010887e-01 2.820449685524e-03
7 2 2.585417104984e-26 -1.079889159950e-38 -2.267860847075e-15 1.606705562780e-16 -1.703174279787e-01 5.640899371049e-03
7 3 3.796675553609e-22 -1.109856966368e-34 -4.092177249996e-14 -4.112365053842e-13 2.298608616295e-01 8.461349056573e-03
7 4 1.520280948916e-21 -6.118110855817e-34 1.093920464998e-12 -1.383228095332e-13 3.199440923781e-01 1.128179874210e-02
7 5 1.648143796860e-18 -4.669495711949e-31 6.820036580889e-12 4.486579078618e-11 -4.104780532042e-02 1.410224842762e-02
7 6 7.274287225390e-19 -2.884620103700e-31 -3.562688684190e-11 6.295566604826e-12 -4.087029772011e-01 1.692269811315e-02
7 7 6.566411298538e-16 -1.838693212507e-28 -2.492920460237e-10 -1.243405010147e-09 -3.814390472135e-01 1.974314779867e-02
8 1 2.530231977808e-35 -2.250325538465e-49 1.423190456521e-21 3.553369771759e-20 -7.582300781871e-02 2.820449685524e-03
8 2 1.344590821198e-28 -8.665860031148e-43 -1.635309153516e-16 1.183037803254e-17 2.909697825318e-01 5.640899371049e-03
8 3 9.484667220292e-27 -8.017815449072e-41 -2.092369242997e-16 -2.054948332075e-15 2.210165715352e-01 8.461349056573e-03
8 4 3.931480102978e-23 -2.426146111612e-37 1.758474941418e-13 -2.276819501083e-14 -1.912692406265e-01 1.128179874210e-02
8 5 8.225927586045e-23 -6.743848915391e-37 4.939132746491e-14 3.167779564452e-13 -3.433675213839e-01 1.410224842762e-02
8 6 7.188904367788e-20 -4.325961289002e-34 -1.119093045075e-11 2.029199235775e-12 1.047910064099e-03 1.692269811315e-02
8 7 2.524443404760e-20 -2.047992753930e-34 -1.586895914552e-12 -7.701219350962e-12 4.070646761397e-01 1.974314779867e-02
8 8 2.354271471380e-17 -1.406717706024e-31 2.674393530531e-10 -6.153267656019e-11 4.061215514244e-01 2.256359748420e-02
9 1 2.492356910259e-38 -3.563224860475e-54 4.539692465612e-23 1.115202859948e-21 3.154468922070e-01 2.820449685524e-03
9 2 1.352975189978e-33 -2.443818504348e-49 -5.186895328272e-19 3.821820526634e-20 1.341534416345e-01 5.640899371049e-03
9 3 9.314952199154e-29 -1.261714659517e-44 -2.113594675776e-17 -2.036068547169e-16 -2.644672171712e-01 8.461349056573e-03
9 4 1.347189277697e-27 -2.329505421520e-43 1.029013203188e-15 -1.360242016718e-16 -2.587457647465e-01 1.128179874210e-02
9 5 2.868088497727e-24 -3.743223371909e-40 9.416528837288e-15 5.911999095491e-14 1.556810698019e-01 1.410224842762e-02
9 6 3.892368991879e-24 -6.561576346461e-40 -8.228546267764e-14 1.526080518937e-14 3.597888964671e-01 1.692269811315e-02
9 7 2.991897440018e-21 -3.826314736182e-37 -5.584776459991e-13 -2.648709573978e-12 3.357375320675e-02 1.974314779867e-02
9 8 8.735611568721e-22 -1.462052019275e-37 1.627061644422e-12 -3.835084896067e-13 -4.044691130717e-01 2.256359748420e-02
9 9 8.478030509207e-19 -1.080414886621e-34 1.474302260116e-11 5.670125993193e-11 -4.279930823059e-01 2.538404716972e-02
10 1 5.449119571868e-44 -2.129374242570e-61 6.810057385167e-26 1.648926854558e-24 6.105788731797e-02 2.820449685524e-03
10 2 4.464394234453e-36 -1.335829630287e-53 -2.979244219300e-20 2.230216685598e-21 -3.005844411623e-01 5.640899371049e-03
10 3 1.692596019379e-33 -6.264479070868e-51 -9.163872431173e-20 -8.677566067045e-19 -1.798246048172e-01 8.461349056573e-03
10 4 2.024645377010e-29 -5.777176617062e-47 1.261088194022e-16 -1.697079191598e-17 2.371562718293e-01 1.128179874210e-02
10 5 1.204254952070e-28 -4.291928868987e-46 6.215267953838e-17 3.829043548187e-16 2.874543001333e-01 1.410224842762e-02
10 6 1.716837474238e-25 -4.745082909363e-43 -1.727009854686e-14 3.265775646357e-15 -1.231770484810e-01 1.692269811315e-02
10 7 1.697999004646e-25 -5.924877439468e-43 -4.290078783032e-15 -1.993634981033e-14 -3.714930980981e-01 1.974314779867e-02
10 8 1.207175373122e-22 -3.282412797082e-40 6.041679462147e-13 -1.453986613934e-13 -6.394721090854e-02 2.256359748420e-02
10 9 3.019786247288e-23 -1.048927073428e-40 8.979364656619e-14 3.379278720340e-13 4.013439402351e-01 2.538404716972e-02
10 10 3.060631763040e-20 -8.315487723689e-38 -1.187785336084e-11 3.448787654110e-12 4.476430923027e-01 2.820449685524e-02
11 1 3.614083624994e-47 -2.401328030556e-66 1.776261573211e-27 4.246467299384e-26 -3.163642134738e-01 2.820449685524e-03
11 2 3.237645255902e-41 -2.593340530051e-60 -8.022404056471e-23 6.091529130784e-24 -1.106892884715e-01 5.640899371049e-03
11 3 1.080267921587e-35 -6.783953285469e-55 -7.430954795853e-21 -6.931283834522e-20 2.820054104759e-01 8.461349056573e-03
11 4 5.301423552299e-34 -4.047050019692e-53 6.451213060911e-19 -8.821896499685e-20 2.161558065089e-01 1.128179874210e-02
11 5 2.480490828402e-30 -1.493722454787e-49 9.065511947968e-18 5.493027288069e-17 -2.103744200399e-01 1.410224842762e-02
11 6 8.267914200442e-30 -6.107523272011e-49 -1.197740138176e-16 2.304722765227e-17 -3.096891627642e-01 1.692269811315e-02
11 7 9.083047109082e-27 -5.321384136414e-46 -1.009316054774e-15 -4.607264535522e-15 9.354325621304e-02 1.974314779867e-02
11 8 7.026036613919e-27 -5.099407411692e-46 4.604437832066e-15 -1.128950048504e-15 3.799077028161e-01 2.256359748420e-02
11 9 4.766230120288e-24 -2.756158390951e-43 3.631294133035e-14 1.340812600461e-13 9.090353405881e-02 2.538404716972e-02
11 10 1.043826099588e-24 -7.558024660289e-44 -6.925735029766e-14 2.051113133436e-14 -3.979388401497e-01 2.820449685524e-02
11 11 1.106418705920e-21 -6.406978380593e-41 -7.910131169821e-13 -2.462877814521e-12 -4.654949035902e-01 3.102494654077e-02
12 1 5.765406311225e-53 -1.007977691336e-73 2.269523063578e-30 5.363333140569e-29 -5.113894155907e-02 2.820449685524e-03
12 2 7.378862247764e-44 -1.025326051661e-64 -3.829592659908e-24 2.945030792750e-25 3.058770562845e-01 5.640899371049e-03
12 3 1.468985321205e-40 -2.426320661835e-61 -2.777500307896e-23 -2.555573131894e-22 1.514556266126e-01 8.461349056573e-03
12 4 5.272030204328e-36 -6.963680050438e-57 6.431592873796e-20 -8.921647340032e-21 -2.618232110610e-01 1.128179874210e-02
12 5 8.313286856959e-35 -1.315565457435e-55 5.325520868233e-20 3.178730326044e-19 -2.454577479052e-01 1.410224842762e-02
12 6 2.182841885491e-31 -2.777924872646e-52 -1.945053731635e-17 3.801231309496e-18 1.847098021521e-01 1.692269811315e-02
12 7 4.810389704746e-31 -7.396635581755e-52 -7.459341647908e-18 -3.350354358231e-17 3.271550807692e-01 1.974314779867e-02
12 8 4.424183872704e-28 -5.498155863289e-49 1.154310965039e-15 -2.877585624818e-16 -6.648387134931e-02 2.256359748420e-02
12 9 2.804008789133e-28 -4.248764890076e-49 2.830271698086e-16 1.027189404970e-15 -3.859642540410e-01 2.538404716972e-02
12 10 1.852204205457e-25 -2.278272412034e-46 -2.913191620588e-14 8.781028282849e-15 -1.150660837339e-01 2.820449685524e-02
12 11 3.609659008778e-26 -5.466471487373e-47 -4.593357975545e-15 -1.404308720517e-14 3.944040406821e-01 3.102494654077e-02
12 12 4.002455294410e-23 -4.938798930986e-44 5.061913903200e-13 -1.784524370800e-13 4.818623254343e-01 3.384539622629e-02
13 1 2.745101147223e-56 -8.477243599269e-79 5.004108069237e-32 1.170282732146e-30 3.169014480642e-01 2.820449685524e-03
13 2 4.017642353761e-49 -1.447175871666e-71 -8.935390583951e-27 6.951699219854e-28 9.422413996029e-02 5.640899371049e-03
13 3 6.599543309648e-43 -1.922603003813e-65 -1.884479765212e-24 -1.712668358280e-23 -2.921484200436e-01 8.461349056573e-03
13 4 1.069168549283e-40 -3.658500156396e-63 2.895638684040e-22 -4.069446236953e-23 -1.852778502981e-01 1.128179874210e-02
13 5 1.149197050322e-36 -3.198276194544e-59 6.344427825412e-21 3.735956600215e-20 2.411811249892e-01 1.410224842762e-02
13 6 8.719203011825e-36 -2.871485988473e-58 -1.228654226569e-19 2.435384875995e-20 2.693711812816e-01 1.692269811315e-02
13 7 1.556814733703e-32 -4.191511552650e-55 -1.360674138500e-18 -6.023043662622e-18 -1.603923783188e-01 1.974314779867e-02
13 8 2.504881085058e-32 -8.043830546264e-55 8.677800612050e-18 -2.196283167258e-18 -3.410297085577e-01 2.256359748420e-02
13 9 2.033000476486e-29 -5.362299099570e-52 7.731529117024e-17 2.762784527256e-16 4.170006687272e-02 2.538404716972e-02
13 10 1.090612505569e-29 -3.459988129735e-52 -2.232388990620e-16 6.837952014651e-17 3.902923844119e-01 2.820449685524e-02
13 11 7.111825671697e-27 -1.860986084843e-49 -2.069321241467e-15 -6.223283518750e-15 1.369113318635e-01 3.102494654077e-02
13 12 1.249115452677e-27 -3.966704542589e-50 2.822438553472e-15 -1.012074741493e-15 -3.908316920648e-01 3.384539622629e-02
13 13 1.448270105699e-24 -3.807409867238e-47 3.969644162350e-14 1.032363910815e-13 -4.969841498872e-01 3.666584591182e-02
14 1 3.328198135118e-62 -2.631009053975e-86 5.563154303001e-35 1.288571469542e-33 4.400647320377e-02 2.820449685524e-03
14 2 6.702458702654e-52 -4.326012132210e-76 -3.649363013895e-28 2.869360979930e-29 -3.091038907533e-01 5.640899371049e-03
14 3 6.922493163239e-48 -5.160273398923e-72 -6.172011705458e-27 -5.546104867981e-26 -1.307721850004e-01 8.461349056573e-03
14 4 7.595005654558e-43 -4.648193185963e-67 2.439969190578e-23 -3.469997147806e-24 2.766728391945e-01 1.128179874210e-02
14 5 3.076790195452e-41 -2.189228624537e-65 3.322724738156e-23 1.932414119242e-22 2.135977446035e-01 1.410224842762e-02
14 6 1.562575157563e-37 -9.175420403323e-62 -1.643984967873e-20 3.300837382975e-21 -2.207066097386e-01 1.692269811315e-02
14 7 7.074319288090e-37 -4.863522119150e-61 -9.289740383880e-21 -4.057458284039e-20 -2.890850765498e-01 1.974314779867e-02
14 8 9.627909164855e-34 -5.488757341779e-58 1.699877540232e-18 -4.361869817766e-19 1.374766947128e-01 2.256359748420e-02
14 9 1.206425664693e-33 -8.112161635575e-58 6.035055026304e-19 2.126047808936e-18 3.521488572623e-01 2.538404716972e-02
14 10 8.951491943361e-31 -5.013310347653e-55 -6.387496053701e-17 1.985332555467e-17 -1.891785986025e-02 2.820449685524e-02
14 11 4.162480837051e-31 -2.771175564112e-55 -1.604759143937e-17 -4.753826080989e-17 -3.933302241470e-01 3.102494654077e-02
14 12 2.705217779594e-28 -1.506090916942e-52 1.311139826115e-15 -4.774737706987e-16 -1.568098410646e-01 3.384539622629e-02
14 13 4.326054245356e-29 -2.886669292148e-53 2.199860776371e-16 5.630529238053e-16 3.872788363897e-01 3.666584591182e-02
14 14 5.240510526548e-26 -2.934795230217e-50 -2.091127069961e-14 8.723955193124e-15 5.110461235055e-01 3.948629559734e-02
15 1 1.191781804076e-65 -1.710623240007e-91 1.062048875999e-36 2.438344690614e-35 -3.172431284154e-01 2.820449685524e-03
15 2 2.833013165963e-57 -4.628474681016e-83 -7.502360687155e-31 5.956801098967e-32 -8.202911020281e-02 5.640899371049e-03
15 3 2.310874370951e-50 -3.124424857980e-76 -3.602809711544e-28 -3.203975552839e-27 2.985514479639e-01 8.461349056573e-03
15 4 1.218239511776e-47 -1.886099565416e-73 9.769923839842e-26 -1.404751264798e-26 1.619872816155e-01 1.128179874210e-02
15 5 3.074049540853e-43 -3.958810760116e-69 3.358228910371e-24 1.930913696342e-23 -2.603521349939e-01 1.410224842762e-02
15 6 5.126773911152e-42 -7.608064130705e-68 -9.412329044986e-23 1.912432477159e-23 -2.375069060094e-01 1.692269811315e-02
15 7 1.568676843707e-38 -1.945683460386e-64 -1.399539486164e-21 -6.038236277754e-21 2.007413910446e-01 1.974314779867e-02
15 8 4.819602848731e-38 -6.934249001455e-64 1.201744521085e-20 -3.123111914259e-21 3.054776626708e-01 2.256359748420e-02
15 9 5.379340700726e-35 -6.497996308124e-61 1.289850666406e-19 4.484966005672e-19 -1.159316193740e-01 2.538404716972e-02
15 10 5.488581461140e-35 -7.744142729704e-61 -4.995628281465e-19 1.573820964293e-19 -3.611196587558e-01 2.820449685524e-02
15 11 3.816101881540e-32 -4.539540020564e-58 -4.919622747139e-18 -1.437323659178e-17 -2.104188947859e-03 3.102494654077e-02
15 12 1.566207294120e-32 -2.192114011886e-58 9.959488934942e-18 -3.679086241755e-18 3.953901880236e-01 3.384539622629e-02
15 13 1.021348079848e-29 -1.209874652783e-55 1.082518509363e-16 2.730475537471e-16 1.750543577202e-01 3.666584591182e-02
15 14 1.499534294110e-30 -2.105994774883e-56 -1.116062803257e-16 4.726821113261e-17 -3.837807070514e-01 3.948629559734e-02
15 15 1.895943766912e-27 -2.261538178260e-53 -1.897072547721e-15 -4.209863359214e-15 -5.241954659765e-01 4.230674528287e-02
16 1 1.133874512530e-71 -4.080305192191e-99 1.044460644771e-39 2.378331586592e-38 -3.862693322042e-02 2.820449685524e-03
16 2 3.608811417104e-60 -1.082109210968e-87 -2.677508991596e-32 2.145207194534e-33 3.112173905309e-01 5.640899371049e-03
16 3 1.920222452540e-55 -6.506562624938e-83 -1.048504748135e-30 -9.234724022654e-30 1.150384301291e-01 8.461349056573e-03
16 4 6.507552192087e-50 -1.846574093074e-77 7.139104353353e-27 -1.036927484416e-27 -2.863249117003e-01 1.128179874210e-02
16 5 6.660668172747e-48 -2.148086756989e-75 1.579347119867e-26 8.985243882641e-26 -1.888210327082e-01 1.410224842762e-02
16 6 6.704480875050e-44 -1.819322513117e-71 -1.075887248064e-23 2.210134334357e-24 2.437399766487e-01 1.692269811315e-02
16 7 6.003320729819e-43 -1.862615936453e-70 -8.751934892167e-24 -3.733226107327e-23 2.578411976334e-01 1.974314779867e-02
16 8 1.279195347316e-39 -3.354531955942e-67 1.956362111397e-21 -5.144186868293e-22 -1.814642612217e-01 2.256359748420e-02
16 9 2.898721998175e-39 -8.745904904025e-67 9.574976275278e-22 3.289205957390e-21 -3.192090782333e-01 2.538404716972e-02
16 10 2.788193131350e-36 -7.140459748769e-64 -1.124676489892e-19 3.587575196821e-20 9.568591771818e-02 2.820449685524e-02
16 11 2.392180679804e-36 -7.094696406114e-64 -3.940110495194e-20 -1.136447720956e-19 3.683921000831e-01 3.102494654077e-02
16 12 1.586530053340e-33 -4.009784222156e-61 3.164764229910e-18 -1.184588154257e-18 2.157517247904e-02 3.384539622629e-02
16 13 5.828907605868e-34 -1.717719112472e-61 8.274296663749e-19 2.058894701640e-18 -3.966997291469e-01 3.666584591182e-02
16 14 3.832656162025e-31 -9.660666202494e-59 -5.630282397666e-17 2.417991759299e-17 -1.918794370857e-01 3.948629559734e-02
16 15 5.202349094004e-32 -1.539866381036e-59 -1.005620849254e-17 -2.199841417016e-17 3.803587005306e-01 4.230674528287e-02
16 16 6.857390490592e-29 -1.742089025253e-56 8.428483256342e-16 -4.087085259210e-16 5.365507663092e-01 4.512719496839e-02
17 1 3.162987894709e-75 -2.110232314393e-104 1.757804790619e-41 3.972210315794e-40 3.174739066480e-01 2.820449685524e-03
17 2 1.216691992966e-65 -9.066786098343e-95 -4.916042220037e-35 3.972076717346e-36 7.263213181470e-02 5.640899371049e-03
17 3 4.953999578740e-58 -3.109642657140e-87 -5.372998461976e-32 -4.690035500713e-31 -3.028554841834e-01 8.461349056573e-03
17 4 8.427307021900e-55 -5.939828126772e-84 2.568583928327e-29 -3.766178064542e-30 -1.438362835192e-01 1.128179874210e-02
17 5 5.053162092793e-50 -3.014046807603e-79 1.388800318157e-27 7.823902469813e-27 2.731264059635e-01 1.410224842762e-02
17 6 1.817925521328e-48 -1.224262769549e-77 -5.600032639909e-26 1.162211699095e-26 2.120275590274e-01 1.692269811315e-02
17 7 9.791905379250e-45 -5.605276015660e-74 -1.128983797793e-24 -4.765195728839e-24 -2.271787547849e-01 1.974314779867e-02
17 8 5.515880850795e-44 -3.585348465908e-73 1.283742589909e-23 -3.412673448923e-24 -2.752483099728e-01 2.256359748420e-02
17 9 8.984390372567e-41 -4.985106490425e-70 1.703250641855e-22 5.785573981400e-22 1.629593427741e-01 2.538404716972e-02
17 10 1.589878433808e-40 -1.007645298251e-69 -8.483544018555e-22 2.737759117361e-22 3.307834302435e-01 2.820449685524e-02
17 11 1.364842337673e-37 -7.413790833913e-67 -9.511956306259e-21 -2.711015769618e-20 -7.665185568483e-02 3.102494654077e-02
17 12 1.008714244120e-37 -6.297306620946e-67 2.519637088846e-20 -9.547807427077e-21 -3.743056155202e-01 3.384539622629e-02
17 13 6.465952194298e-35 -3.472817994834e-64 2.785863856718e-19 6.845214422392e-19 -3.967489287202e-02 3.666584591182e-02
17 14 2.150786410690e-35 -1.336134901183e-64 -4.209114355985e-19 1.831288734030e-19 3.974274329540e-01 3.948629559734e-02
17 15 1.430987865780e-32 -7.675403096527e-62 -5.332417626889e-18 -1.151062970327e-17 2.074754093063e-01 4.230674528287e-02
17 16 1.806401738257e-33 -1.128148675062e-62 4.314503621678e-18 -2.121045492195e-18 -3.770252941287e-01 4.512719496839e-02
17 17 2.479391898156e-30 -1.341390081438e-59 8.732872791207e-17 1.678935730925e-16 -5.482089102866e-01 4.794764465392e-02
18 1 2.422649662104e-81 -3.986630845121e-112 1.549439455263e-44 3.476343227227e-43 3.442304191999e-02 2.820449685524e-03
18 2 1.222106223437e-68 -1.702639335155e-99 -1.557963950891e-36 1.268757990142e-37 -3.126773505642e-01 5.640899371049e-03
18 3 3.335344419738e-63 -5.162193372402e-94 -1.405758326161e-34 -1.216804543937e-33 -1.026734783737e-01 8.461349056573e-03
18 4 3.513419546203e-57 -4.624787896533e-88 1.658185589699e-30 -2.452823338641e-31 2.929591463607e-01 1.128179874210e-02
18 5 8.996857923450e-55 -1.322301206763e-85 5.912602126018e-30 3.300380524234e-29 1.690803719081e-01 1.410224842762e-02
18 6 1.819895067940e-50 -2.284793041004e-81 -5.600838867517e-27 1.173518171548e-27 -2.594193460087e-01 1.692269811315e-02
18 7 3.156782744447e-49 -4.448349859126e-80 -6.470557524450e-27 -2.704201333828e-26 -2.322081195259e-01 1.974314779867e-02
18 8 1.084181937586e-45 -1.310489577887e-76 1.798566776194e-24 -4.830262428807e-25 2.108793660105e-01 2.256359748420e-02
18 9 4.256119922148e-45 -5.805706920234e-76 1.183716704944e-24 3.978694781532e-24 2.902359850184e-01 2.538404716972e-02
18 10 5.646056778764e-42 -6.632880562059e-73 -1.597055510358e-22 5.210038201342e-23 -1.452552700078e-01 2.820449685524e-02
18 11 8.129114973293e-42 -1.083798733832e-72 -7.414192359762e-23 -2.089659057456e-22 -3.405911930890e-01 3.102494654077e-02
18 12 6.389388856725e-39 -7.364438199433e-70 6.332162572978e-21 -2.427152292478e-21 5.873747221065e-02 3.384539622629e-02
18 13 4.144240383236e-39 -5.452524110747e-70 2.252994448675e-21 5.470875474052e-21 3.791202422625e-01 3.666584591182e-02
18 14 2.593183088916e-36 -2.960319200673e-67 -1.458688114346e-19 6.423790215936e-20 5.655768219532e-02 3.948629559734e-02
18 15 7.882112805680e-37 -1.033315722956e-67 -3.998341821337e-20 -8.523831989874e-20 -3.977002066022e-01 4.230674528287e-02
18 16 5.320260048157e-34 -6.072527249691e-65 2.335592464289e-18 -1.162985556734e-18 -2.219984938454e-01 4.512719496839e-02
18 17 6.277522841006e-35 -8.279715722438e-66 4.439873256574e-19 8.424113679683e-19 3.737871533509e-01 4.794764465392e-02
18 18 8.961222412185e-32 -1.032396235025e-62 -3.328861109830e-17 1.852224740529e-17 5.592500432616e-01 5.076809433944e-02
19 1 5.411532825112e-85 -1.678180132630e-117 2.331329053447e-46 5.195551586892e-45 -3.176370975725e-01 2.820449685524e-03
19 2 3.360119724522e-74 -1.146576239120e-106 -2.583205470824e-39 2.119323652071e-40 -6.516856079594e-02 5.640899371049e-03
19 3 6.852410789630e-66 -1.997398033710e-98 -6.421484347819e-36 -5.514762242228e-35 3.058890510017e-01 8.461349056573e-03
19 4 3.741554908104e-62 -1.205723234135e-94 5.410240116067e-33 -8.069503619153e-34 1.293105456983e-01 1.128179874210e-02
19 5 5.370758739852e-57 -1.484746756149e-89 4.606570126528e-31 2.549288591548e-30 -2.820780900144e-01 1.410224842762e-02
19 6 4.121551228203e-55 -1.265787798324e-87 -2.664373592867e-29 5.632807643298e-30 -1.913099297028e-01 1.692269811315e-02
19 7 3.968628039400e-51 -1.049892647510e-83 -7.318830215566e-28 -3.030520035469e-27 2.455126559805e-01 1.974314779867e-02
19 8 4.007710249106e-50 -1.183752493590e-82 1.092801315490e-26 -2.963099588020e-27 2.498456518165e-01 2.256359748420e-02
19 9 9.825883046010e-47 -2.509909182037e-79 1.814924362576e-25 6.040432119700e-25 -1.949692781231e-01 2.538404716972e-02
19 10 2.883112570973e-46 -8.265209896218e-79 -1.140116104043e-24 3.757424529962e-25 -3.032066602193e-01 2.820449685524e-02
19 11 3.258272502122e-43 -8.108724529153e-76 -1.498184956580e-23 -4.178639481670e-23 1.283482447212e-01 3.102494654077e-02
19 12 3.935237842618e-43 -1.104991583397e-75 4.962523320791e-23 -1.922775902131e-23 3.489387300596e-01 3.384539622629e-02
19 13 2.886674071101e-40 -7.062227929468e-73 6.002590381883e-22 1.441550251419e-21 -4.185285441337e-02 3.666584591182e-02
19 14 1.667553452364e-40 -4.628467406859e-73 -1.167546131131e-21 5.200588502981e-22 -3.830379444204e-01 3.948629559734e-02
19 15 1.026368372709e-37 -2.490749867066e-70 -1.456680924022e-20 -3.069307178302e-20 -7.235614214326e-02 4.230674528287e-02
19 16 2.872757843116e-38 -7.954383626224e-71 1.712107269927e-20 -8.628556991146e-21 3.976148861504e-01 4.512719496839e-02
19 17 1.970905630621e-35 -4.787228357764e-68 2.511873466726e-19 4.707442929948e-19 2.355782447692e-01 4.794764465392e-02
19 18 2.183261408294e-36 -6.086278957215e-69 -1.638120219702e-19 9.231448342297e-20 -3.706471349343e-01 5.076809433944e-02
19 19 3.237544947456e-33 -7.942172016488e-66 -3.902504348430e-18 -6.571720145665e-18 -5.697411982523e-01 5.358854402496e-02
20 1 3.407079573248e-91 -2.572056866914e-125 1.861599992140e-49 4.122465930243e-48 -3.104649357618e-02 2.820449685524e-03
20 2 2.729456391230e-77 -1.767000720288e-111 -7.362058809883e-41 6.082242945737e-42 3.137282449857e-01 5.640899371049e-03
20 3 3.809542550206e-71 -2.702394519409e-105 -1.525218297068e-38 -1.300163737026e-37 9.270276528335e-02 8.461349056573e-03
20 4 1.252416367957e-64 -7.650460155709e-99 3.129613375240e-34 -4.704383008576e-35 -2.977180840606e-01 1.128179874210e-02
20 5 7.973722194334e-62 -5.361455861638e-96 1.788992711779e-33 9.820174545259e-33 -1.530153699514e-01 1.410224842762e-02
20 6 3.269046788810e-57 -1.900417158807e-91 -2.372015551191e-30 5.057154244993e-31 2.705944678169e-01 1.692269811315e-02
20 7 1.084843952470e-55 -6.974331304255e-90 -3.858214818161e-30 -1.583688952276e-29 2.109683313840e-01 1.974314779867e-02
20 8 6.107258464829e-52 -3.407807321923e-86 1.348174612692e-27 -3.688599291789e-28 -2.316131249648e-01 2.256359748420e-02
20 9 4.054801427615e-51 -2.514138116161e-85 1.175868909348e-27 3.877302901353e-27 -2.653310957022e-01 2.538404716972e-02
20 10 7.664706874994e-48 -4.140371033466e-82 -1.857186441697e-25 6.179468866791e-26 1.795222806567e-01 2.820449685524e-02
20 11 1.767387522009e-47 -1.066128985640e-81 -1.113086130366e-25 -3.074078247118e-25 3.144826046198e-01 3.102494654077e-02
20 12 1.758681419700e-44 -9.276041189900e-79 1.047686042731e-23 -4.100699122712e-24 -1.122158586128e-01 3.384539622629e-02
20 13 1.823994851730e-44 -1.079788579865e-78 4.814032168411e-24 1.144107603077e-23 -3.560692157266e-01 3.666584591182e-02
20 14 1.267144267476e-41 -6.581933525766e-76 -3.212696185957e-22 1.446447697899e-22 2.591318454704e-02 3.948629559734e-02
20 15 6.597363773807e-42 -3.866401199449e-76 -1.178425304192e-22 -2.455753764924e-22 3.862175130516e-01 4.230674528287e-02
20 16 4.017970544143e-39 -2.073052039849e-73 6.388209103881e-21 -3.256169852368e-21 8.718449384976e-02 4.512719496839e-02
20 17 1.042337277118e-39 -6.100377972851e-74 1.843328975528e-21 3.414468049327e-21 -3.972462464925e-01 4.794764465392e-02
20 18 7.278708641340e-37 -3.762377947834e-71 -9.430932948237e-20 5.378748516920e-20 -2.483231141212e-01 5.076809433944e-02
20 19 7.598882316746e-38 -4.480311139275e-72 -1.907915064570e-20 -3.173483597686e-20 3.676055995754e-01 5.358854402496e-02
20 20 1.169194473836e-34 -6.107073331830e-69 1.292127046827e-18 -8.172947532060e-19 5.797389965033e-01 5.640899371049e-02
