2 1 1.067149277405e-06 -1.126047584495e-04 -3.046222942682e-04 1.060140989669e-03 2.829267954962e-01 4.259789126130e-01
2 2 2.767430236053e-02 -6.304684225271e-03 6.355579627022e-02 3.495287732840e-01 1.012584353553e-01 8.519578252260e-01
3 1 1.656748882109e-10 -4.056407435632e-07 5.831978717735e-06 1.244506619777e-05 -3.360429262229e-01 4.259789126130e-01
3 2 3.534779629459e-06 -7.455305770004e-05 -7.463741600291e-04 -3.945050291607e-03 -3.487377332543e-01 8.519578252260e-01
3 3 2.166632886729e-02 -2.881509636748e-03 -3.304299960837e-01 -3.363610712397e-01 -1.503156967427e-01 1.277936737839e+00
4 1 3.346762760266e-15 -1.180970746862e-09 4.766699575859e-08 3.928889222309e-08 -9.660435432502e-02 4.259789126130e-01
4 2 1.507596598414e-09 -7.691655878768e-07 -8.131328778082e-05 -1.623577951895e-05 3.001789509354e-01 8.519578252260e-01
4 3 6.008477028894e-06 -3.668443795478e-05 3.273212558107e-03 7.137249099711e-03 3.881227316965e-01 1.277936737839e+00
4 4 1.454061911597e-02 -1.181774782388e-03 4.639824940345e-01 2.235451160793e-01 1.897640833544e-01 1.703915650452e+00
5 1 4.195009493206e-19 -3.665676561731e-12 6.280220027933e-10 2.896132772651e-10 3.246091553327e-01 4.259789126130e-01
5 2 8.119415933970e-14 -5.087989489311e-09 -5.121712057146e-07 3.285874169429e-07 1.584806900199e-01 8.519578252260e-01
5 3 5.254596561522e-09 -6.187300196240e-07 2.173300828631e-04 -8.176890839558e-05 -2.676114030563e-01 1.277936737839e+00
5 4 7.530359026921e-06 -1.673943173916e-05 -6.345106446823e-03 -9.854418946801e-03 -4.149581619170e-01 1.703915650452e+00
5 5 9.693113489984e-03 -4.930080224028e-04 -5.124740287063e-01 -1.168618271014e-01 -2.235702870992e-01 2.129894563065e+00
6 1 7.409197823407e-24 -6.237921713564e-15 2.831808278677e-12 6.544796387801e-13 6.091740776065e-02 4.259789126130e-01
6 2 2.455098039589e-17 -4.369091168530e-11 -5.046622875550e-09 9.300390970122e-09 -3.122477515878e-01 8.519578252260e-01
6 3 4.863460548732e-13 -5.836000481488e-09 3.814923810279e-07 -2.201127577528e-06 -2.046507561993e-01 1.277936737839e+00
6 4 1.208428152123e-08 -3.824234053421e-07 -3.568316949574e-04 3.051465765112e-04 2.371766441351e-01 1.703915650452e+00
6 5 7.933514194155e-06 -7.442487427919e-06 9.266139340090e-03 1.184358407931e-02 4.342912214475e-01 2.129894563065e+00
6 6 6.544402771190e-03 -2.111314102235e-04 5.171508607672e-01 3.418997527807e-02 2.533693273670e-01 2.555873475678e+00
7 1 5.313965572884e-28 -1.371794894102e-17 2.455514455244e-14 1.705403299101e-15 -3.215670573744e-01 4.259789126130e-01
7 2 1.195478282419e-21 -1.950204263071e-13 -7.221182883695e-12 7.348386516278e-11 -1.065956678832e-01 8.519578252260e-01
7 3 2.291049944179e-16 -8.202795186224e-11 -2.568447142299e-08 -4.112423142043e-08 2.985166449859e-01 1.277936737839e+00
7 4 1.707482815039e-12 -4.386901829512e-09 2.176418084405e-06 5.139198784890e-06 2.413023584979e-01 1.703915650452e+00
7 5 0.000000000000e+00 -2.106780924211e-07 0.000000000000e+00 0.000000000000e+00 -2.086051452244e-01 2.129894563065e+00
7 6 7.506856981355e-06 -3.277100616007e-06 -1.168359968498e-02 -1.310004752066e-02 -4.486471168464e-01 2.555873475678e+00
7 7 4.478159854614e-03 -9.235698631849e-05 -4.995185575538e-01 2.570454525836e-02 -2.800761109806e-01 2.981852388291e+00
8 1 6.705266846946e-33 -1.408815735119e-20 8.724530378118e-17 -5.758709270456e-18 -4.502954154349e-02 4.259789126130e-01
8 2 2.354624069757e-25 -1.272804293651e-15 2.242073566886e-13 1.011714521844e-12 3.151694949439e-01 8.519578252260e-01
8 3 1.828347303710e-20 -5.705053175380e-13 -3.938422235441e-10 -1.802744050240e-10 1.435464709939e-01 1.277936737839e+00
8 4 1.111067387053e-15 -8.353241227201e-11 1.384158208757e-07 3.330645423824e-08 -2.840049012187e-01 1.703915650452e+00
8 5 4.386723346399e-12 -2.726059138799e-09 -8.051691518516e-06 -7.759292784818e-06 -2.713787221156e-01 2.129894563065e+00
8 6 3.135390299284e-08 -1.093118852792e-07 -5.370721286527e-04 9.992344432709e-04 1.817546889837e-01 2.555873475678e+00
8 7 6.621972800051e-06 -1.438367754823e-06 1.347662934233e-02 1.372324632859e-02 4.594985990752e-01 2.981852388291e+00
8 8 3.098830946832e-03 -4.103855823659e-05 4.707309962866e-01 -6.730305261997e-02 3.042878312235e-01 3.407831300904e+00
9 1 3.010127333141e-37 -2.183268766125e-23 5.763474426860e-19 -1.049695863155e-19 3.203064739099e-01 4.259789126130e-01
9 2 8.852593859717e-30 -3.794709057453e-18 2.979716066950e-15 5.611940954260e-15 8.125362306592e-02 8.519578252260e-01
9 3 5.885102559988e-24 -6.391141352074e-15 -7.764369286279e-12 3.206920672574e-13 -3.074345122526e-01 1.277936737839e+00
9 4 1.223874261188e-19 -7.500542949717e-13 1.297123873223e-09 -7.416735131941e-10 -1.746444778014e-01 1.703915650452e+00
9 5 3.787390572740e-15 -6.413018639196e-11 -3.089660676042e-07 1.117735713966e-07 2.690999804852e-01 2.129894563065e+00
9 6 0.000000000000e+00 -1.529697304235e-09 0.000000000000e+00 0.000000000000e+00 2.965804799322e-01 2.555873475678e+00
9 7 0.000000000000e+00 -5.477722215979e-08 0.000000000000e+00 0.000000000000e+00 -1.565012452852e-01 2.981852388291e+00
9 8 5.568729125035e-06 -6.310978496613e-07 -1.465249528765e-02 -1.384365481024e-02 -4.677845527619e-01 3.407831300904e+00
9 9 2.163676988974e-03 -1.844371533533e-05 -4.368156471495e-01 9.491884910814e-02 -3.264301035342e-01 3.833810213517e+00
10 1 2.746701065559e-42 -1.473926778790e-26 1.699874398205e-21 -4.919710902491e-22 3.586850527563e-02 4.259789126130e-01
10 2 1.187395573092e-33 -1.846457191601e-20 4.843288241534e-17 5.540233136662e-17 -3.163645307192e-01 8.519578252260e-01
10 3 3.792897113259e-28 -3.197375223243e-17 -5.634235870009e-14 2.678637773190e-14 -1.117964915611e-01 1.277936737839e+00
10 4 5.391986819775e-23 -1.174188365682e-14 1.314399311209e-11 -2.847542515939e-11 2.988184868662e-01 1.703915650452e+00
10 5 5.364453495831e-19 -6.786824922563e-13 -1.189397185612e-09 3.725027516178e-09 2.014409387086e-01 2.129894563065e+00
10 6 1.018713203543e-14 -4.218293445806e-11 4.550367971969e-07 -4.594243372299e-07 -2.540628553572e-01 2.555873475678e+00
10 7 0.000000000000e+00 -8.076880902179e-10 0.000000000000e+00 0.000000000000e+00 -3.180079774337e-01 2.981852388291e+00
10 8 0.000000000000e+00 -2.685790548705e-08 0.000000000000e+00 0.000000000000e+00 1.327243105435e-01 3.407831300904e+00
10 9 4.527538448316e-06 -2.771655738208e-07 1.527998364243e-02 1.358838875980e-02 4.741392761266e-01 3.833810213517e+00
10 10 1.521572798846e-03 -8.357650786394e-06 4.011486510293e-01 -1.120692518126e-01 3.468231233120e-01 4.259789126130e+00
11 1 8.365258948117e-47 -1.669447319819e-29 9.100137496052e-24 -3.544389523927e-24 -3.196607397467e-01 4.259789126130e-01
11 2 3.412933706763e-38 -3.862308232929e-23 3.145208528622e-19 2.381696152477e-19 -6.593866649199e-02 8.519578252260e-01
11 3 8.780204296066e-32 -2.789343563679e-19 -6.683622190703e-16 6.739786005234e-16 3.113444063423e-01 1.277936737839e+00
11 4 4.865221765123e-27 -8.011875470882e-17 -2.939886464570e-14 -2.964587968550e-13 1.382909062153e-01 1.703915650452e+00
11 5 2.997072055994e-22 -1.339734035555e-14 4.024843701213e-11 8.320292127314e-11 -2.896046578116e-01 2.129894563065e+00
11 6 1.796403188989e-18 -4.997663146210e-13 -2.362583165270e-09 -8.255379031770e-09 -2.248917202574e-01 2.555873475678e+00
11 7 0.000000000000e+00 -2.525738451248e-11 0.000000000000e+00 0.000000000000e+00 2.390697558095e-01 2.981852388291e+00
11 8 0.000000000000e+00 -4.101288617438e-10 0.000000000000e+00 0.000000000000e+00 3.364260971090e-01 3.407831300904e+00
11 9 0.000000000000e+00 -1.298037540479e-08 0.000000000000e+00 0.000000000000e+00 -1.103076193813e-01 3.833810213517e+00
11 10 3.591699872919e-06 -1.219147815026e-07 -1.545131589951e-02 -1.306747545636e-02 -4.790092564359e-01 4.259789126130e+00
11 11 1.076183562732e-03 -3.810060441018e-06 -3.656595725435e-01 1.214880495441e-01 -3.657165268366e-01 4.685768038743e+00
12 1 5.708232415577e-52 -7.922317227371e-33 2.293855462131e-26 -1.116413711326e-26 -2.986105924037e-02 4.259789126130e-01
12 2 3.283069864592e-42 -1.430209119123e-25 3.455117862472e-21 1.742046165814e-21 3.169789586229e-01 8.519578252260e-01
12 3 4.513589459023e-36 -1.031585957460e-21 -3.108820867375e-18 6.053934468531e-18 9.197618024339e-02 1.277936737839e+00
12 4 1.586134772720e-30 -1.009062892486e-18 -2.849010068793e-15 -4.562636530616e-15 -3.055711770800e-01 1.703915650452e+00
12 5 3.443570239321e-26 -1.123642426435e-16 8.855380713055e-13 4.442472217823e-13 -1.617012203180e-01 2.129894563065e+00
12 6 1.227891332623e-21 -1.172264168937e-14 -2.067238143289e-10 -8.754352263347e-11 2.799890433497e-01 2.555873475678e+00
12 7 0.000000000000e+00 -3.244508962268e-13 0.000000000000e+00 0.000000000000e+00 2.456417261295e-01 2.981852388291e+00
12 8 0.000000000000e+00 -1.422158586394e-11 0.000000000000e+00 0.000000000000e+00 -2.242392760238e-01 3.407831300904e+00
12 9 0.000000000000e+00 -2.028248152985e-10 0.000000000000e+00 0.000000000000e+00 -3.523930661204e-01 3.833810213517e+00
12 10 0.000000000000e+00 -6.211309755471e-09 0.000000000000e+00 0.000000000000e+00 8.914134713554e-02 4.259789126130e+00
12 11 2.797548184887e-06 -5.372219852539e-08 1.526163873005e-02 1.237019375237e-02 4.827186307023e-01 4.685768038743e+00
12 12 7.647182718413e-04 -1.744607497148e-06 3.314506667880e-01 -1.252653708526e-01 3.833098882421e-01 5.111746951356e+00
13 1 1.252026458875e-56 -6.801093119347e-36 1.032759431918e-28 -6.007382629089e-29 3.192852314786e-01 4.259789126130e-01
13 2 7.340574389839e-47 -2.198304418707e-28 1.746559540927e-23 5.451848158931e-24 5.559474918614e-02 8.519578252260e-01
13 3 7.818184047804e-40 -7.082876693903e-24 -1.792363262651e-20 8.775617530023e-20 -3.134369275236e-01 1.277936737839e+00
13 4 1.173557241934e-34 -5.305734994558e-21 -3.806884730507e-17 -2.629797976609e-17 -1.150107495339e-01 1.703915650452e+00
13 5 1.434826596286e-29 -1.828687357374e-18 2.011189983492e-14 -2.117851503264e-15 2.992473297094e-01 2.129894563065e+00
13 6 1.710058357360e-25 -1.137875387819e-16 -2.467193462606e-12 9.653308509974e-13 1.826516236236e-01 2.555873475678e+00
13 7 4.063753359858e-21 -8.708574876306e-15 4.678622785268e-10 -9.018272718997e-11 -2.701141761417e-01 2.981852388291e+00
13 8 0.000000000000e+00 -1.939057494192e-13 0.000000000000e+00 0.000000000000e+00 -2.641546344384e-01 3.407831300904e+00
13 9 0.000000000000e+00 -7.675414782486e-12 0.000000000000e+00 0.000000000000e+00 2.096504249160e-01 3.833810213517e+00
13 10 0.000000000000e+00 -9.845537520303e-11 0.000000000000e+00 0.000000000000e+00 3.663307953433e-01 4.259789126130e+00
13 11 4.673433775465e-08 -2.951161989274e-09 5.375574523880e-04 -2.481597642768e-03 -6.912350962804e-02 4.685768038743e+00
13 12 2.148757592393e-06 -2.371699304384e-08 -1.479892082199e-02 -1.156605344032e-02 -4.855084897136e-01 5.111746951356e+00
13 13 5.454714692095e-04 -8.014574003668e-07 -2.991330567469e-01 1.249893689071e-01 -3.997657755356e-01 5.537725863969e+00
14 1 6.596087694049e-62 -2.385500660662e-39 2.270997515116e-31 -1.537204324951e-31 2.560164137917e-02 4.259789126130e-01
14 2 5.286318172912e-51 -6.355289266912e-31 1.534484534621e-25 2.370708950985e-26 -3.173391943393e-01 8.519578252260e-01
14 3 3.232517682262e-44 -1.998819974108e-26 2.663032957202e-23 5.753140502156e-22 -7.830366333450e-02 1.277936737839e+00
14 4 2.948061918261e-38 -5.403321425530e-23 -7.122605665978e-19 -1.745703307521e-19 3.092700536383e-01 1.703915650452e+00
14 5 1.371461743838e-33 -1.222089795391e-20 1.617974615230e-16 -1.136347268768e-16 1.356942339216e-01 2.129894563065e+00
14 6 8.647609033851e-29 -2.241663663750e-18 -2.966158645766e-14 5.166805216425e-14 -2.925136394015e-01 2.555873475678e+00
14 7 6.676879423317e-25 -9.416854508146e-17 2.900890546469e-12 -5.374595931949e-12 -2.015752267904e-01 2.981852388291e+00
14 8 0.000000000000e+00 -5.805590129009e-15 0.000000000000e+00 0.000000000000e+00 2.600862346809e-01 3.407831300904e+00
14 9 0.000000000000e+00 -1.094348043302e-13 0.000000000000e+00 0.000000000000e+00 2.807794434358e-01 3.833810213517e+00
14 10 0.000000000000e+00 -4.018238435408e-12 0.000000000000e+00 0.000000000000e+00 -1.953547763160e-01 4.259789126130e+00
14 11 0.000000000000e+00 -4.715020173593e-11 0.000000000000e+00 0.000000000000e+00 -3.785666705707e-01 4.685768038743e+00
14 12 0.000000000000e+00 -1.394870226670e-09 0.000000000000e+00 0.000000000000e+00 5.016049430493e-02 5.111746951356e+00
14 13 1.632638902341e-06 -1.048967697482e-08 1.413966391614e-02 1.070753069736e-02 4.875617228882e-01 5.537725863969e+00
14 14 3.903110567364e-04 -3.690744762583e-07 2.690182004038e-01 -1.218630228200e-01 4.152185712632e-01 5.963704776582e+00
15 1 1.089542661919e-66 -1.600734007199e-42 8.819191378145e-34 -6.815011106033e-34 -3.190474173606e-01 4.259789126130e-01
15 2 9.393274380187e-56 -7.454035098032e-34 6.544303518818e-28 1.023451521640e-29 -4.810760212026e-02 8.519578252260e-01
15 3 4.328834157994e-48 -1.099504574879e-28 1.787583819265e-24 6.420562347897e-24 3.146976127416e-01 1.277936737839e+00
15 4 1.799947050139e-42 -2.237206980804e-25 -5.706798186346e-21 5.170694868441e-22 9.868252942995e-02 1.703915650452e+00
15 5 4.482568982272e-37 -1.643378153455e-22 1.727355615560e-18 -3.129388269296e-18 -3.046284212254e-01 2.129894563065e+00
15 6 1.005223240440e-32 -1.781923059686e-20 5.319629790985e-17 6.401268846926e-16 -1.544673369259e-01 2.555873475678e+00
15 7 3.980334265923e-28 -2.153302446473e-18 -4.181244985914e-14 -1.431380054847e-13 2.854744714590e-01 2.981852388291e+00
15 8 2.179242076550e-24 -6.815754905285e-17 1.231837000418e-12 1.254985387142e-11 2.187889945927e-01 3.407831300904e+00
15 9 0.000000000000e+00 -3.589135911569e-15 0.000000000000e+00 0.000000000000e+00 -2.499853367103e-01 3.833810213517e+00
15 10 0.000000000000e+00 -5.926457096609e-14 0.000000000000e+00 0.000000000000e+00 -2.957878788651e-01 4.259789126130e+00
15 11 0.000000000000e+00 -2.056660741306e-12 0.000000000000e+00 0.000000000000e+00 1.813847390607e-01 4.685768038743e+00
15 12 0.000000000000e+00 -2.235369003602e-11 0.000000000000e+00 0.000000000000e+00 3.893600066360e-01 5.111746951356e+00
15 13 0.000000000000e+00 -6.566968252968e-10 0.000000000000e+00 0.000000000000e+00 -3.216700206508e-02 5.537725863969e+00
15 14 1.229929421423e-06 -4.647607204845e-09 -1.334760483346e-02 -9.833071125626e-03 -4.890193642792e-01 5.963704776582e+00
15 15 2.800206961718e-04 -1.702663066622e-07 -2.412316856439e-01 1.167949216399e-01 -4.297806986073e-01 6.389683689195e+00
16 1 4.553588759195e-72 -4.312024154293e-46 1.718171305172e-36 -1.496526246281e-36 -2.241762187723e-02 4.259789126130e-01
16 2 5.240825872746e-60 -1.722637307214e-36 4.858597752007e-30 -5.431505239171e-31 3.175694085905e-01 8.519578252260e-01
16 3 1.459775408224e-52 -2.435410615223e-31 1.784493565739e-26 3.434333250191e-26 6.825505157626e-02 1.277936737839e+00
16 4 3.584050790983e-46 -1.865452673292e-27 -7.473674332153e-23 3.086258044896e-23 -3.115353077175e-01 1.703915650452e+00
16 5 3.600240676101e-41 -8.878385059416e-25 2.927347291482e-21 -3.190016063288e-20 -1.171956321872e-01 2.129894563065e+00
16 6 4.020208809953e-36 -2.951487883737e-22 7.518592361482e-18 1.041535394729e-17 2.996171210673e-01 2.555873475678e+00
16 7 5.428067831646e-32 -1.950874572460e-20 -1.448035349557e-15 -9.673003334887e-16 1.716442776888e-01 2.981852388291e+00
16 8 1.505956653241e-27 -1.757777137522e-18 2.742970181355e-13 1.861416187510e-13 -2.782101291926e-01 3.407831300904e+00
16 9 0.000000000000e+00 -4.492205773872e-17 0.000000000000e+00 0.000000000000e+00 -2.345346279383e-01 3.833810213517e+00
16 10 0.000000000000e+00 -2.100822754808e-15 0.000000000000e+00 0.000000000000e+00 2.398723533170e-01 4.259789126130e+00
16 11 0.000000000000e+00 -3.112444490152e-14 0.000000000000e+00 0.000000000000e+00 3.093970103366e-01 4.685768038743e+00
16 12 0.000000000000e+00 -1.034715568095e-12 0.000000000000e+00 0.000000000000e+00 -1.677592534041e-01 5.111746951356e+00
16 13 0.000000000000e+00 -1.051679071338e-11 0.000000000000e+00 0.000000000000e+00 -3.989196313763e-01 5.537725863969e+00
16 14 0.000000000000e+00 -3.082337997089e-10 0.000000000000e+00 0.000000000000e+00 1.506564911998e-02 5.963704776582e+00
16 15 9.202550784060e-07 -2.062625569234e-09 1.247437404108e-02 8.970131540994e-03 4.899916978521e-01 6.389683689195e+00
16 16 2.013385858316e-04 -7.865457248976e-08 2.157829880429e-01 -1.104684803359e-01 4.435471644316e-01 6.815662601808e+00
17 1 5.862265140336e-77 -2.319977195139e-49 5.862013958926e-39 -5.698639931831e-39 3.188872313763e-01 4.259789126130e-01
17 2 7.551631061276e-65 -1.589233808533e-39 1.807035321682e-32 -4.225792859668e-33 4.242388180783e-02 8.519578252260e-01
17 3 1.552542375227e-56 -1.092780281944e-33 2.481509380426e-28 3.126191723640e-28 -3.155196598020e-01 1.277936737839e+00
17 4 1.823658926936e-50 -6.211647522267e-30 -4.523129055610e-25 3.578933581947e-25 -8.653603847333e-02 1.703915650452e+00
17 5 9.498275645070e-45 -9.954274542024e-27 -1.464026729592e-22 -4.992985485435e-22 3.079670115673e-01 2.129894563065e+00
17 6 3.971316057347e-40 -1.939180563126e-24 1.148605090346e-19 5.574286354465e-20 1.341688868145e-01 2.555873475678e+00
17 7 2.559543831251e-35 -3.803867855181e-22 -3.778505728999e-17 1.489718238838e-18 -2.943146123269e-01 2.981852388291e+00
17 8 2.356427619368e-31 -1.762792718860e-20 4.070779550878e-15 -7.894792575854e-16 -1.874589808882e-01 3.407831300904e+00
17 9 4.890894174069e-27 -1.280065935543e-18 -6.720687227339e-13 -1.437394590186e-15 2.707837831828e-01 3.833810213517e+00
17 10 0.000000000000e+00 -2.766064575665e-17 0.000000000000e+00 0.000000000000e+00 2.490024361340e-01 4.259789126130e+00
17 11 0.000000000000e+00 -1.180386992644e-15 0.000000000000e+00 0.000000000000e+00 -2.297936734636e-01 4.685768038743e+00
17 12 0.000000000000e+00 -1.596729447825e-14 0.000000000000e+00 0.000000000000e+00 -3.217837503799e-01 5.111746951356e+00
17 13 0.000000000000e+00 -5.136483923536e-13 0.000000000000e+00 0.000000000000e+00 1.544877608492e-01 5.537725863969e+00
17 14 0.000000000000e+00 -4.918563039568e-12 0.000000000000e+00 0.000000000000e+00 4.074160327959e-01 5.963704776582e+00
17 15 0.000000000000e+00 -1.443323749489e-10 0.000000000000e+00 0.000000000000e+00 1.213601675019e-03 6.389683689195e+00
17 16 6.847683919700e-07 -9.168335068720e-10 -1.156055775108e-02 -8.137559960438e-03 -4.905660044013e-01 6.815662601808e+00
17 17 1.450351406879e-04 -3.637051160471e-08 -1.926096173506e-01 1.033946249610e-01 -4.565989606890e-01 7.241641514421e+00
18 1 1.988112407043e-82 -4.945666241847e-53 1.024097707047e-41 -1.103602891779e-41 1.994438883423e-02 4.259789126130e-01
18 2 3.355343347669e-69 -2.996731204473e-42 1.166129034862e-34 -4.127470146437e-35 -3.177258343919e-01 8.519578252260e-01
18 3 4.333186403006e-61 -1.945753394618e-36 1.583724485934e-30 1.392189053294e-30 -6.053696992387e-02 1.277936737839e+00
18 4 2.943674622130e-54 -4.299879344770e-32 -4.403919919109e-27 5.856999840979e-27 3.130311443029e-01 1.703915650452e+00
18 5 6.466627782168e-49 -4.416421352058e-29 -2.538905476795e-24 -3.462083453699e-24 1.032938847336e-01 2.129894563065e+00
18 6 1.297613002989e-43 -2.718873370786e-26 2.307819420897e-21 1.174863461572e-24 -3.040740291592e-01 2.555873475678e+00
18 7 2.982113780185e-39 -2.902782670195e-24 -3.340011716124e-19 2.346140239096e-19 -1.498407422293e-01 2.981852388291e+00
18 8 1.279953660760e-34 -3.921454630259e-22 5.982039240717e-17 -7.590233184350e-17 2.887820007782e-01 3.407831300904e+00
18 9 8.658932166453e-31 -1.391561098974e-20 -5.752748812628e-15 6.846304920457e-15 2.020918284973e-01 3.833810213517e+00
18 10 1.400645655155e-26 -8.576993133842e-19 1.102680129096e-12 -6.172689073942e-13 -2.632458126256e-01 4.259789126130e+00
18 11 0.000000000000e+00 -1.618532489845e-17 0.000000000000e+00 0.000000000000e+00 -2.623460957144e-01 4.685768038743e+00
18 12 0.000000000000e+00 -6.427200974467e-16 0.000000000000e+00 0.000000000000e+00 2.197846464479e-01 5.111746951356e+00
18 13 0.000000000000e+00 -8.043146070200e-15 0.000000000000e+00 0.000000000000e+00 3.330946026621e-01 5.537725863969e+00
18 14 0.000000000000e+00 -2.522909343506e-13 0.000000000000e+00 0.000000000000e+00 -1.415730008473e-01 5.963704776582e+00
18 15 0.000000000000e+00 -2.289643692195e-12 0.000000000000e+00 0.000000000000e+00 -4.149900149123e-01 6.389683689195e+00
18 16 0.000000000000e+00 -6.745657848377e-11 0.000000000000e+00 0.000000000000e+00 -1.673407558894e-02 6.815662601808e+00
18 17 5.072486708381e-07 -4.081265447755e-10 1.063721191794e-02 7.347624117161e-03 4.908120873134e-01 7.241641514421e+00
18 18 1.046423674302e-04 -1.683028421154e-08 1.716056227013e-01 -9.595193422566e-02 4.690056638735e-01 7.667620427034e+00
19 1 2.049597368840e-87 -2.178866849725e-56 3.112750657264e-44 -3.698506339487e-44 -3.187741704764e-01 4.259789126130e-01
19 2 3.991207297590e-74 -2.228737571881e-45 3.852591805410e-37 -1.832917950741e-37 -3.795568867014e-02 8.519578252260e-01
19 3 3.742435292874e-65 -7.239683048894e-39 1.666236784672e-32 1.031429328265e-32 3.160870590595e-01 1.277936737839e+00
19 4 1.261950193493e-58 -1.173335306159e-34 -1.892322988279e-29 4.409058862393e-29 7.711857933577e-02 1.703915650452e+00
19 5 1.405660543159e-52 -4.173299502987e-31 -5.164376049592e-26 -3.659954980865e-26 -3.101937072987e-01 2.129894563065e+00
19 6 1.100415626206e-47 -1.493741136074e-28 1.943844148145e-23 -8.591322959387e-24 -1.187774329702e-01 2.555873475678e+00
19 7 1.156699189425e-42 -4.852255360855e-26 -3.378301205329e-21 7.294375804760e-21 2.999174232819e-01 2.981852388291e+00
19 8 1.711549916833e-38 -3.366843551729e-24 1.919355045410e-20 -1.117374470900e-18 1.643918580599e-01 3.407831300904e+00
19 9 5.337633677443e-34 -3.452906923910e-22 2.074375125374e-17 2.210502642269e-16 -2.830682112460e-01 3.833810213517e+00
19 10 2.782223845904e-30 -9.952046742096e-21 1.846909364863e-15 -1.771439676397e-14 -2.156859677021e-01 4.259789126130e+00
19 11 0.000000000000e+00 -5.398060928849e-19 0.000000000000e+00 0.000000000000e+00 2.556367512429e-01 4.685768038743e+00
19 12 0.000000000000e+00 -9.106600415975e-18 0.000000000000e+00 0.000000000000e+00 2.746922277753e-01 5.111746951356e+00
19 13 0.000000000000e+00 -3.414468065505e-16 0.000000000000e+00 0.000000000000e+00 -2.098721234600e-01 5.537725863969e+00
19 14 0.000000000000e+00 -3.993202328062e-15 0.000000000000e+00 0.000000000000e+00 -3.434524765126e-01 5.963704776582e+00
19 15 0.000000000000e+00 -1.228639653241e-13 0.000000000000e+00 0.000000000000e+00 1.290130000291e-01 6.389683689195e+00
19 16 0.000000000000e+00 -1.061909395403e-12 0.000000000000e+00 0.000000000000e+00 4.217590248638e-01 6.815662601808e+00
19 17 0.000000000000e+00 -3.147881699863e-11 0.000000000000e+00 0.000000000000e+00 3.155302630889e-02 7.241641514421e+00
19 18 3.743580594888e-07 -1.819240694539e-10 -9.727586208538e-03 -6.607818684307e-03 -4.907862897313e-01 7.667620427034e+00
19 19 7.560141487571e-05 -7.792265967641e-09 -1.526402279574e-01 8.841740019133e-02 -4.808274549810e-01 8.093599339647e+00
20 1 5.748106485905e-93 -3.765098487135e-60 4.923260628728e-47 -6.426324560432e-47 -1.796633752196e-02 4.259789126130e-01
20 2 1.444272551394e-78 -3.489719532793e-48 2.198849115874e-39 -1.323526410956e-39 3.178371318014e-01 8.519578252260e-01
20 3 8.765095411947e-70 -1.057222052308e-41 8.744549851231e-35 3.670603962489e-35 5.441248576220e-02 1.277936737839e+00
20 4 1.682239587413e-62 -6.832666947798e-37 -1.002149608283e-31 5.448244232235e-31 -3.140742197050e-01 1.703915650452e+00
20 5 8.184078617558e-57 -1.543262446859e-33 -4.589615231446e-28 -1.504262965587e-28 -9.243006000923e-02 2.129894563065e+00
20 6 2.999127729728e-51 -1.788167536432e-30 2.439276953624e-25 -2.521864358285e-25 3.070719726819e-01 2.555873475678e+00
20 7 1.167035134581e-46 -3.145270520137e-28 4.131196217165e-24 8.063969468320e-23 1.331730803495e-01 2.981852388291e+00
20 8 7.664452183172e-42 -6.490082343721e-26 -1.295000498367e-20 -1.978791944333e-20 -2.955450301171e-01 3.407831300904e+00
20 9 8.043901348739e-38 -3.259534301200e-24 1.990955948305e-18 1.861372872120e-18 -1.779632141250e-01 3.833810213517e+00
20 10 1.927620383490e-33 -2.708336937252e-22 -3.250129453155e-16 -3.378479346942e-16 2.772131394816e-01 4.259789126130e+00
20 11 7.988582691134e-30 -6.606960932140e-21 1.346697217211e-14 3.034329784208e-14 2.283577033971e-01 4.685768038743e+00
20 12 0.000000000000e+00 -3.237149915660e-19 0.000000000000e+00 0.000000000000e+00 -2.479893992886e-01 5.111746951356e+00
20 13 0.000000000000e+00 -4.968480892234e-18 0.000000000000e+00 0.000000000000e+00 -2.861468751742e-01 5.537725863969e+00
20 14 0.000000000000e+00 -1.778622784484e-16 0.000000000000e+00 0.000000000000e+00 2.000763636387e-01 5.963704776582e+00
20 15 0.000000000000e+00 -1.959471134096e-15 0.000000000000e+00 0.000000000000e+00 3.529616064338e-01 6.389683689195e+00
20 16 0.000000000000e+00 -5.941761788413e-14 0.000000000000e+00 0.000000000000e+00 -1.168024986671e-01 6.815662601808e+00
20 17 0.000000000000e+00 -4.910363264721e-13 0.000000000000e+00 0.000000000000e+00 -4.278218770347e-01 7.241641514421e+00
20 18 0.000000000000e+00 -1.467118385744e-11 0.000000000000e+00 0.000000000000e+00 -4.572224858942e-02 7.667620427034e+00
20 19 2.754346966812e-07 -8.119615260889e-11 8.848462244404e-03 5.922033445792e-03 4.905344638023e-01 8.093599339647e+00
20 20 5.468365324800e-05 -3.609112145502e-09 1.355702419454e-01 -8.099010052618e-02 4.921167114390e-01 8.519578252260e+00
21 1 4.850251963492e-98 -1.382351382486e-63 1.347661088587e-49 -1.927108967049e-49 3.186913856249e-01 4.259789126130e-01
21 2 1.440371119239e-83 -2.135012243805e-51 6.527968699581e-42 -4.803570996362e-42 3.434749682454e-02 8.519578252260e-01
21 3 6.262708094072e-74 -3.309614114736e-44 7.767656461013e-37 1.981533910575e-37 -3.164959120800e-01 1.277936737839e+00
21 4 6.141594894714e-67 -1.553119621796e-39 9.447753659061e-35 3.345842840785e-33 -6.958863293454e-02 1.703915650452e+00
21 5 1.489945084329e-60 -1.242400034719e-35 -6.512436855804e-30 -2.379272550303e-31 3.117590465562e-01 2.129894563065e+00
21 6 2.201343930492e-55 -8.311243340099e-33 1.194672725010e-27 -2.758285356435e-27 1.066660690870e-01 2.555873475678e+00
21 7 3.808791801704e-50 -4.539267706650e-30 7.003506697432e-25 1.279590158943e-24 -3.037148366339e-01 2.981852388291e+00
21 8 8.921069887331e-46 -4.798637090995e-28 -2.309171307057e-22 -1.085038310415e-22 -1.466244911402e-01 3.407831300904e+00
21 9 4.081220677872e-41 -7.072288154657e-26 6.117187265623e-20 5.200543295457e-21 2.909954634756e-01 3.833810213517e+00
21 10 3.233606872380e-37 -2.763140548170e-24 -6.071730659903e-18 -3.940679206261e-20 1.906676101729e-01 4.259789126130e+00
21 11 0.000000000000e+00 -1.946589190735e-22 0.000000000000e+00 0.000000000000e+00 -2.712497243450e-01 4.685768038743e+00
21 12 0.000000000000e+00 -4.141180731928e-21 0.000000000000e+00 0.000000000000e+00 -2.402033830117e-01 5.111746951356e+00
21 13 0.000000000000e+00 -1.868816980916e-19 0.000000000000e+00 0.000000000000e+00 2.403303954203e-01 5.537725863969e+00
21 14 0.000000000000e+00 -2.644877586309e-18 0.000000000000e+00 0.000000000000e+00 2.968000410627e-01 5.963704776582e+00
21 15 0.000000000000e+00 -9.118361313969e-17 0.000000000000e+00 0.000000000000e+00 -1.904124811664e-01 6.389683689195e+00
21 16 0.000000000000e+00 -9.523768698500e-16 0.000000000000e+00 0.000000000000e+00 -3.617111999166e-01 6.815662601808e+00
21 17 0.000000000000e+00 -2.856929675174e-14 0.000000000000e+00 0.000000000000e+00 1.049339803662e-01 7.241641514421e+00
21 18 0.000000000000e+00 -2.265121444990e-13 0.000000000000e+00 0.000000000000e+00 4.332623444657e-01 7.667620427034e+00
21 19 0.000000000000e+00 -6.830563886814e-12 0.000000000000e+00 0.000000000000e+00 5.928864686688e-02 8.093599339647e+00
21 20 0.000000000000e+00 -3.628210471723e-11 0.000000000000e+00 0.000000000000e+00 -4.900941975041e-01 8.519578252260e+00
21 21 3.959314783608e-05 -1.672055295829e-09 -1.202480028351e-01 7.380938033169e-02 -5.029192766975e-01 8.945557164873e+00
22 1 1.142943801967e-103 -1.974646303298e-67 1.944596528234e-52 -3.041322152218e-52 1.634748385308e-02 4.259789126130e-01
22 2 4.324322349384e-88 -2.817848934177e-54 3.332631431941e-44 -2.935098527247e-44 -3.179192194504e-01 8.519578252260e-01
22 3 1.246305657335e-78 -4.031530998938e-47 3.554493437585e-39 3.926583734988e-40 -4.942869696029e-02 1.277936737839e+00
22 4 6.868089570413e-71 -7.700780068786e-42 7.934765885291e-36 3.449531533672e-35 3.148322872111e-01 1.703915650452e+00
22 5 7.482895442557e-65 -3.880803932876e-38 -4.499868970787e-32 1.039204765592e-32 8.368780582607e-02 2.129894563065e+00
22 6 5.082238948820e-59 -8.570837769746e-35 3.286487014900e-30 -4.555431777519e-29 -3.091939657409e-01 2.555873475678e+00
22 7 3.357208706947e-54 -2.522236827560e-32 1.090014724092e-26 8.291114932899e-27 -1.199755157617e-01 2.981852388291e+00
22 8 3.379890417509e-49 -8.063318213968e-30 -4.952844253040e-24 3.632116937859e-25 3.001607833146e-01 3.407831300904e+00
22 9 5.364569918953e-45 -5.819499457167e-28 6.062035687527e-22 -3.576870761444e-22 1.592451717472e-01 3.833810213517e+00
22 10 1.834986666090e-40 -6.626342088985e-26 -1.078869012071e-19 9.634174473500e-20 -2.863005584790e-01 4.259789126130e+00
22 11 1.144528964163e-36 -2.118243000475e-24 9.931374994639e-18 -7.698229438111e-18 -2.025972297750e-01 4.685768038743e+00
22 12 1.789377737926e-32 -1.307562920493e-22 -1.627317108212e-15 5.381709537476e-16 2.652053961075e-01 5.111746951356e+00
22 13 0.000000000000e+00 -2.480606975973e-21 0.000000000000e+00 0.000000000000e+00 2.513041159573e-01 5.537725863969e+00
22 14 0.000000000000e+00 -1.046470408988e-19 0.000000000000e+00 0.000000000000e+00 -2.326814172447e-01 5.963704776582e+00
22 15 0.000000000000e+00 0.000000000000e+00 0.000000000000e+00 0.000000000000e+00 -3.067289672643e-01 6.389683689195e+00
22 16 0.000000000000e+00 -4.613764454538e-17 0.000000000000e+00 0.000000000000e+00 1.808915550751e-01 6.815662601808e+00
22 17 0.000000000000e+00 -4.592528231977e-16 0.000000000000e+00 0.000000000000e+00 3.697782039066e-01 7.241641514421e+00
22 18 0.000000000000e+00 -1.367066909437e-14 0.000000000000e+00 0.000000000000e+00 -9.339841903269e-02 7.667620427034e+00
22 19 0.000000000000e+00 -1.042829169477e-13 0.000000000000e+00 0.000000000000e+00 -4.381519316166e-01 8.093599339647e+00
22 20 0.000000000000e+00 -3.177346334497e-12 0.000000000000e+00 0.000000000000e+00 -7.229475316142e-02 8.519578252260e+00
22 21 0.000000000000e+00 -1.623027342771e-11 0.000000000000e+00 0.000000000000e+00 4.894965064211e-01 8.945557164873e+00
22 22 2.869198152253e-05 -7.747745552060e-10 1.065273405737e-01 -6.696925119296e-02 5.132754833791e-01 9.371536077486e+00
23 1 8.036987771685e-109 -6.132154366430e-71 4.834772012799e-55 -8.261806481591e-55 -3.186289452671e-01 4.259789126130e-01
23 2 3.664666113765e-93 -1.442283587971e-57 8.955645609132e-47 -9.323352179652e-47 -3.137102069293e-02 8.519578252260e-01
23 3 7.483429246868e-83 -1.075449635033e-49 2.770389257515e-41 -6.202690811798e-43 3.168006414113e-01 1.277936737839e+00
23 4 2.156924789860e-75 -1.478945761014e-44 7.967863944606e-38 1.816542395413e-37 6.342236236358e-02 1.703915650452e+00
23 5 1.156659431199e-68 -2.688717569277e-40 -5.105769732621e-34 2.626746505094e-34 -3.129044526085e-01 2.129894563065e+00
23 6 3.252908708130e-63 -3.407134198497e-37 -8.851894590889e-32 -3.545130673879e-31 -9.686527627948e-02 2.555873475678e+00
23 7 9.363819814081e-58 -3.166300211988e-34 2.211826290978e-28 5.822981403317e-29 3.064189980976e-01 2.981852388291e+00
23 8 3.460391717413e-53 -5.170554197318e-32 -4.278676563694e-26 2.634942608344e-26 1.324750356057e-01 3.407831300904e+00
23 9 2.308912096955e-48 -1.109860766742e-29 6.527307588906e-24 -1.306232539633e-23 -2.964410214865e-01 3.833810213517e+00
23 10 2.683116681084e-44 -5.956704486965e-28 -2.779743943793e-22 1.726801671247e-21 -1.711267523809e-01 4.259789126130e+00
23 11 7.199457135518e-40 -5.536132423919e-26 3.444665633754e-20 -3.132641895572e-19 2.814869582255e-01 4.685768038743e+00
23 12 3.639032293205e-36 -1.502008176460e-24 -7.578570355837e-18 2.323831469749e-17 2.138287737642e-01 5.111746951356e+00
23 13 0.000000000000e+00 -8.325846507760e-23 0.000000000000e+00 0.000000000000e+00 -2.591031375829e-01 5.537725863969e+00
23 14 0.000000000000e+00 -1.432819884536e-21 0.000000000000e+00 0.000000000000e+00 -2.617291076782e-01 5.963704776582e+00
23 15 0.000000000000e+00 -5.716204431968e-20 0.000000000000e+00 0.000000000000e+00 2.250601153786e-01 6.389683689195e+00
23 16 0.000000000000e+00 -7.084094285800e-19 0.000000000000e+00 0.000000000000e+00 3.160005654554e-01 6.815662601808e+00
23 17 0.000000000000e+00 -2.309183036700e-17 0.000000000000e+00 0.000000000000e+00 -1.715214877749e-01 7.241641514421e+00
23 18 0.000000000000e+00 -2.200059848784e-16 0.000000000000e+00 0.000000000000e+00 -3.772294431764e-01 7.667620427034e+00
23 19 0.000000000000e+00 -6.514986864704e-15 0.000000000000e+00 0.000000000000e+00 8.218582247273e-02 8.093599339647e+00
23 20 0.000000000000e+00 -4.793260437724e-14 0.000000000000e+00 0.000000000000e+00 4.425520440438e-01 8.519578252260e+00
23 21 0.000000000000e+00 -1.476883274930e-12 0.000000000000e+00 0.000000000000e+00 8.477919323933e-02 8.945557164873e+00
23 22 0.000000000000e+00 -7.267797915286e-12 0.000000000000e+00 0.000000000000e+00 -4.887671340052e-01 9.371536077486e+00
23 23 2.080789044932e-05 -3.590414392765e-10 -9.426623857142e-02 6.052902345143e-02 -5.232209854409e-01 9.797514990099e+00
24 1 1.613064802644e-114 -7.360289956509e-75 6.403435477697e-58 -1.195437535378e-57 -1.499767466536e-02 4.259789126130e-01
24 2 9.271057597263e-98 -1.625389137598e-60 4.117916109334e-49 -5.032273415877e-49 3.179815392313e-01 8.519578252260e-01
24 3 1.279566346701e-87 -1.108635016951e-52 1.133265756602e-43 -1.694067197072e-44 4.529094716966e-02 1.277936737839e+00
24 4 2.050794914341e-79 -6.311684934717e-47 1.077420122155e-39 1.606317835485e-39 -3.154014390425e-01 1.703915650452e+00
24 5 5.052289468725e-73 -7.178915531002e-43 -2.877679669765e-36 2.473799299076e-36 -7.649035348996e-02 2.129894563065e+00
24 6 6.441425784843e-67 -3.052674915161e-39 -2.657538012503e-33 -4.401842913532e-33 3.107556270044e-01 2.555873475678e+00
24 7 7.261909274739e-62 -1.521599427334e-36 2.001520825356e-30 -2.255999638447e-31 1.092420599246e-01 2.981852388291e+00
24 8 1.127785216649e-56 -7.621995471195e-34 -4.897855409759e-28 7.635700789198e-28 -3.034658038742e-01 3.407831300904e+00
24 9 2.681703048832e-52 -8.003361351529e-32 -1.157212387173e-26 -1.569453806676e-25 -1.442579157253e-01 3.833810213517e+00
24 10 1.291841543836e-47 -1.264717749426e-29 1.756552449317e-23 3.412221276857e-23 2.925814317003e-01 4.259789126130e+00
24 11 1.158446126082e-43 -5.359512939088e-28 -2.373049176395e-21 -3.217161506121e-21 1.823445989953e-01 4.685768038743e+00
24 12 2.521620213950e-39 -4.231022846481e-26 3.367987037648e-19 5.482377495042e-19 -2.765772024716e-01 5.111746951356e+00
24 13 0.000000000000e+00 -1.001283464525e-24 0.000000000000e+00 0.000000000000e+00 -2.244270432878e-01 5.537725863969e+00
24 14 0.000000000000e+00 -5.078321095089e-23 0.000000000000e+00 0.000000000000e+00 2.529622895554e-01 5.963704776582e+00
24 15 0.000000000000e+00 -8.034412000638e-22 0.000000000000e+00 0.000000000000e+00 2.715380787803e-01 6.389683689195e+00
24 16 0.000000000000e+00 -3.059165237461e-20 0.000000000000e+00 0.000000000000e+00 -2.174808503560e-01 6.815662601808e+00
24 17 0.000000000000e+00 -3.587081643951e-19 0.000000000000e+00 0.000000000000e+00 -3.246732614242e-01 7.241641514421e+00
24 18 0.000000000000e+00 -1.145200933612e-17 0.000000000000e+00 0.000000000000e+00 1.623076741726e-01 7.667620427034e+00
24 19 0.000000000000e+00 -1.048113455333e-16 0.000000000000e+00 0.000000000000e+00 3.841233003642e-01 8.093599339647e+00
24 20 0.000000000000e+00 -3.094099983970e-15 0.000000000000e+00 0.000000000000e+00 -7.128562847527e-02 8.519578252260e+00
24 21 0.000000000000e+00 -2.200225044092e-14 0.000000000000e+00 0.000000000000e+00 -4.465157063059e-01 8.945557164873e+00
24 22 0.000000000000e+00 -6.860360897023e-13 0.000000000000e+00 0.000000000000e+00 -9.677710305126e-02 9.371536077486e+00
24 23 0.000000000000e+00 -3.257567979303e-12 0.000000000000e+00 0.000000000000e+00 4.879275614283e-01 9.797514990099e+00
24 24 1.510010918995e-05 -1.663931632384e-10 8.332967568635e-02 -5.452220002495e-02 5.327874406008e-01 1.022349390271e+01
25 1 9.596021761379e-120 -1.957956967435e-78 1.455676020491e-60 -2.970145176172e-60 3.185806839378e-01 4.259789126130e-01
25 2 6.754722378982e-103 -7.059981048930e-64 1.005192563958e-51 -1.438785806688e-51 2.887267298135e-02 8.519578252260e-01
25 3 6.543675756069e-92 -2.548376199835e-55 7.900889609276e-46 -2.173010613775e-46 -3.170340437218e-01 1.277936737839e+00
25 4 5.591519100663e-84 -1.036833410013e-49 6.955438227478e-42 7.322787475535e-42 -5.827540390296e-02 1.703915650452e+00
25 5 6.708736998363e-77 -4.320179868787e-45 -2.604629074830e-38 3.512557884416e-38 3.137694784468e-01 2.129894563065e+00
25 6 3.620399389205e-71 -1.048270439379e-41 -2.833449980332e-35 -2.613700961726e-35 8.875856090932e-02 2.555873475678e+00
25 7 1.751838637617e-65 -1.673691234852e-38 2.802101241469e-32 -1.391097921794e-32 -3.084191266234e-01 2.981852388291e+00
25 8 1.023183155502e-60 -4.269575682451e-36 -1.275131553422e-30 8.546010015312e-30 -1.209143613209e-01 3.407831300904e+00
25 9 9.973239507029e-56 -1.349098817022e-33 -1.655731252607e-27 -2.543409041736e-27 3.003601528638e-01 3.833810213517e+00
25 10 1.673241561468e-51 -1.005682777196e-31 3.830799587450e-25 2.098136812476e-25 1.554001631369e-01 4.259789126130e+00
25 11 6.170356369675e-47 -1.247993120246e-29 -8.959971869728e-23 -2.200645011751e-23 -2.886038354298e-01 4.685768038743e+00
25 12 4.430271955788e-43 -4.361570935912e-28 8.334399977311e-21 1.809336658794e-21 -1.929617151318e-01 5.111746951356e+00
25 13 8.013645885350e-39 -3.013021523163e-26 -1.132874474404e-18 -5.105747106790e-19 2.715905106614e-01 5.537725863969e+00
25 14 0.000000000000e+00 -6.351191138075e-25 0.000000000000e+00 0.000000000000e+00 2.344475047316e-01 5.963704776582e+00
25 15 0.000000000000e+00 -2.990683131439e-23 0.000000000000e+00 0.000000000000e+00 -2.467991784718e-01 6.389683689195e+00
25 16 0.000000000000e+00 -4.396369660563e-22 0.000000000000e+00 0.000000000000e+00 -2.807830623350e-01 6.815662601808e+00
25 17 0.000000000000e+00 0.000000000000e+00 0.000000000000e+00 0.000000000000e+00 2.099552802899e-01 7.241641514421e+00
25 18 0.000000000000e+00 -1.795578639163e-19 0.000000000000e+00 0.000000000000e+00 3.327984219350e-01 7.667620427034e+00
25 19 0.000000000000e+00 -5.635466240659e-18 0.000000000000e+00 0.000000000000e+00 -1.532535266187e-01 8.093599339647e+00
25 20 0.000000000000e+00 -4.969780402645e-17 0.000000000000e+00 0.000000000000e+00 -3.905110545796e-01 8.519578252260e+00
25 21 0.000000000000e+00 -1.465096768831e-15 0.000000000000e+00 0.000000000000e+00 6.068699311554e-02 8.945557164873e+00
25 22 0.000000000000e+00 -1.008834200282e-14 0.000000000000e+00 0.000000000000e+00 4.500889364645e-01 9.371536077486e+00
25 23 0.000000000000e+00 -3.184960838864e-13 0.000000000000e+00 0.000000000000e+00 1.083204989995e-01 9.797514990099e+00
25 24 0.000000000000e+00 -1.461406154892e-12 0.000000000000e+00 0.000000000000e+00 -4.869957993652e-01 1.022349390271e+01
25 25 1.096426676741e-05 -7.711300567419e-11 -7.359071963555e-02 4.896291895726e-02 -5.420030741619e-01 1.064947281533e+01
26 1 1.659641935151e-125 -2.002057544044e-82 1.778033885835e-63 -3.969980483384e-63 1.385471251379e-02 4.259789126130e-01
26 2 1.459118573018e-107 -6.869962690965e-67 4.173868244514e-54 -7.008742986969e-54 -3.180299901917e-01 8.519578252260e-01
26 3 9.709280596295e-97 -2.250841896013e-58 2.927588668221e-48 -1.179881943038e-48 -4.179880498992e-02 1.277936737839e+00
26 4 4.572786863282e-88 -3.845551876458e-52 7.269385538338e-44 5.529331211797e-44 3.158401436405e-01 1.703915650452e+00
26 5 2.568288282038e-81 -9.963946249870e-48 -1.118458069671e-40 2.463642922638e-40 7.045517210064e-02 2.129894563065e+00
26 6 6.214095748296e-75 -8.225377667144e-44 -4.486210181592e-37 -2.319391088900e-37 -3.119408571607e-01 2.555873475678e+00
26 7 1.202882431584e-69 -7.014405641630e-41 1.822987801035e-34 -1.843043471120e-34 -1.003267332998e-01 2.981852388291e+00
26 8 2.903464078004e-64 -5.556419445431e-38 3.604291010810e-32 1.410215622369e-31 3.059214627463e-01 3.407831300904e+00
26 9 1.032075782057e-59 -8.575413178462e-36 -2.680020227119e-29 -1.532580626005e-29 1.319600341645e-01 3.833810213517e+00
26 10 6.979143484520e-55 -1.899799393183e-33 8.905994441247e-27 -5.048589563965e-28 -2.971234938663e-01 4.259789126130e+00
26 11 8.800840924883e-51 -1.077768299094e-31 -1.010669364549e-24 4.389517222291e-25 -1.659647292701e-01 4.685768038743e+00
26 12 2.589436920641e-46 -1.100710319424e-29 1.769894156995e-22 -1.057731382491e-22 2.845268609601e-01 5.111746951356e+00
26 13 1.528672952619e-42 -3.277452194255e-28 -1.551338327073e-20 7.340559004948e-21 2.030315188306e-01 5.537725863969e+00
26 14 0.000000000000e+00 -2.026816188878e-26 0.000000000000e+00 0.000000000000e+00 -2.665433675104e-01 5.963704776582e+00
26 15 0.000000000000e+00 -3.868265624866e-25 0.000000000000e+00 0.000000000000e+00 -2.439381681100e-01 6.389683689195e+00
26 16 0.000000000000e+00 -1.710877727434e-23 0.000000000000e+00 0.000000000000e+00 2.406276153211e-01 6.815662601808e+00
26 17 0.000000000000e+00 -2.357026186841e-22 0.000000000000e+00 0.000000000000e+00 2.895097676228e-01 7.241641514421e+00
26 18 0.000000000000e+00 0.000000000000e+00 0.000000000000e+00 0.000000000000e+00 -2.024928336617e-01 7.667620427034e+00
26 19 0.000000000000e+00 -8.900974366743e-20 0.000000000000e+00 0.000000000000e+00 -3.404214777396e-01 8.093599339647e+00
26 20 0.000000000000e+00 -2.754810426969e-18 0.000000000000e+00 0.000000000000e+00 1.443608891348e-01 8.519578252260e+00
26 21 0.000000000000e+00 -2.347024964355e-17 0.000000000000e+00 0.000000000000e+00 3.964379610680e-01 8.945557164873e+00
26 22 0.000000000000e+00 -6.919667050635e-16 0.000000000000e+00 0.000000000000e+00 -5.037899982377e-02 9.371536077486e+00
26 23 0.000000000000e+00 -4.621357591676e-15 0.000000000000e+00 0.000000000000e+00 -4.533118561514e-01 9.797514990099e+00
26 24 0.000000000000e+00 -1.477909156773e-13 0.000000000000e+00 0.000000000000e+00 -1.194386062291e-01 1.022349390271e+01
26 25 0.000000000000e+00 -6.561594315099e-13 0.000000000000e+00 0.000000000000e+00 4.859870142000e-01 1.064947281533e+01
26 26 7.965202426006e-06 0.000000000000e+00 6.493137397454e-02 -4.385138815275e-02 5.508931480309e-01 1.107545172794e+01
27 1 8.460135114312e-131 -4.612277551705e-86 3.714305633835e-66 -9.091801200177e-66 -3.185426084598e-01 4.259789126130e-01
27 2 9.233416645724e-113 -2.563347820837e-70 9.245317951580e-57 -1.831986774787e-56 -2.674517889672e-02 8.519578252260e-01
27 3 4.277971325655e-101 -4.502314301943e-61 1.845824330585e-50 -9.912864354739e-51 3.172168847024e-01 1.277936737839e+00
27 4 1.091523800664e-92 -5.461748588572e-55 3.923378530885e-46 2.125757090178e-46 5.391146435365e-02 1.703915650452e+00
27 5 2.959557527764e-85 -5.252128643659e-50 -6.459942323743e-43 2.831682402127e-42 -3.144396808238e-01 2.129894563065e+00
27 6 3.087087410914e-79 -2.461920966371e-46 -3.472115717125e-39 -7.844191816119e-40 -8.193375274222e-02 2.555873475678e+00
27 7 2.534527692337e-73 -6.807282940571e-43 1.693586074076e-36 -3.360254116090e-36 3.099436853382e-01 2.981852388291e+00
27 8 2.348383227406e-68 -2.737995997842e-40 7.686332598298e-34 1.059615683292e-33 1.112752476646e-01 3.407831300904e+00
27 9 3.359035457168e-63 -1.284753330440e-37 -5.555317075792e-31 -3.993042505178e-32 -3.032842957784e-01 3.833810213517e+00
27 10 8.085741326858e-59 -1.342531175586e-35 8.019094451135e-29 -5.280383226574e-29 -1.424430974319e-01 4.259789126130e+00
27 11 4.064637325106e-54 -2.246017989085e-33 -1.237668415963e-26 2.018811258648e-26 2.937739909640e-01 4.685768038743e+00
27 12 4.028975327599e-50 -1.019959107832e-31 8.247045101959e-25 -2.436105178637e-24 1.760045147288e-01 5.111746951356e+00
27 13 9.746365433277e-46 -8.878719290968e-30 -1.362577918051e-22 4.113750566415e-22 -2.803665594307e-01 5.537725863969e+00
27 14 0.000000000000e+00 -2.309246859156e-28 0.000000000000e+00 0.000000000000e+00 -2.125998613313e-01 5.963704776582e+00
27 15 0.000000000000e+00 -1.301300080268e-26 0.000000000000e+00 0.000000000000e+00 2.614499747921e-01 6.389683689195e+00
27 16 0.000000000000e+00 -2.278149257187e-25 0.000000000000e+00 0.000000000000e+00 2.529409913569e-01 6.815662601808e+00
27 17 0.000000000000e+00 -9.552784041278e-24 0.000000000000e+00 0.000000000000e+00 -2.344592981330e-01 7.241641514421e+00
27 18 0.000000000000e+00 -1.241430244906e-22 0.000000000000e+00 0.000000000000e+00 -2.977586344656e-01 7.667620427034e+00
27 19 0.000000000000e+00 0.000000000000e+00 0.000000000000e+00 0.000000000000e+00 1.951010925016e-01 8.093599339647e+00
27 20 0.000000000000e+00 -4.375794336112e-20 0.000000000000e+00 0.000000000000e+00 3.475828207748e-01 8.519578252260e+00
27 21 0.000000000000e+00 -1.338957839900e-18 0.000000000000e+00 0.000000000000e+00 -1.356303659446e-01 8.945557164873e+00
27 22 0.000000000000e+00 -1.104571015283e-17 0.000000000000e+00 0.000000000000e+00 -4.019441313917e-01 9.371536077486e+00
27 23 0.000000000000e+00 -3.260893303272e-16 0.000000000000e+00 0.000000000000e+00 4.035080990950e-02 9.797514990099e+00
27 24 0.000000000000e+00 0.000000000000e+00 0.000000000000e+00 0.000000000000e+00 4.562195946574e-01 1.022349390271e+01
27 25 0.000000000000e+00 -6.854885127062e-14 0.000000000000e+00 0.000000000000e+00 1.301581492688e-01 1.064947281533e+01
27 26 0.000000000000e+00 0.000000000000e+00 0.000000000000e+00 0.000000000000e+00 -4.849140272314e-01 1.107545172794e+01
27 27 5.789051206663e-06 0.000000000000e+00 -5.724270042911e-02 3.917766677850e-02 -5.594803533267e-01 1.150143064055e+01
28 1 1.273683735045e-136 -4.065303932977e-90 4.198132714425e-69 -1.129569620975e-68 -1.287426504549e-02 4.259789126130e-01
28 2 1.722517735643e-117 -2.174903807379e-73 3.454752875255e-59 -8.162153844623e-59 3.180684169019e-01 8.519578252260e-01
28 3 5.556930998364e-106 -3.443976395177e-64 6.240305496977e-53 -4.251990566563e-53 3.881095721899e-02 1.277936737839e+00
28 4 7.755938187916e-97 -1.775732433848e-57 3.534082088810e-48 1.287929954529e-48 -3.161857306512e-01 1.703915650452e+00
28 5 1.000076007861e-89 -1.056148455005e-52 -5.293115845246e-46 1.687528097165e-44 -6.531784158362e-02 2.129894563065e+00
28 6 4.634822351143e-83 -1.704222860878e-48 -4.360658471938e-41 9.062039349865e-43 3.128631385240e-01 2.555873475678e+00
28 7 1.549726449281e-77 -2.507203922345e-45 4.944561685211e-39 -2.900569952792e-38 9.279436242022e-02 2.981852388291e+00
28 8 5.857784565035e-72 -3.164806608729e-42 1.723461325202e-35 1.141939030676e-35 -3.078004768495e-01 3.407831300904e+00
28 9 3.116455611293e-67 -7.240455414624e-40 -5.034869593272e-33 1.852250897738e-33 -1.216698693327e-01 3.833810213517e+00
28 10 2.962329929320e-62 -2.267609445312e-37 8.679961371441e-31 -1.619887998089e-30 3.005257077091e-01 4.259789126130e+00
28 11 5.198616921000e-58 -1.736576332188e-35 7.078101752921e-30 2.677089463626e-28 1.524169559077e-01 4.685768038743e+00
28 12 2.040667310910e-53 -2.315643134922e-33 -1.914506341077e-26 -5.462436370104e-26 -2.903272336670e-01 5.111746951356e+00
28 13 1.642599061455e-49 -8.742184558093e-32 2.394996341062e-24 5.090583317641e-24 -1.855645488582e-01 5.537725863969e+00
28 14 3.340401438673e-45 -6.662879833300e-30 -2.815023601101e-22 -8.168376516302e-22 2.761368596384e-01 5.963704776582e+00
28 15 0.000000000000e+00 -1.543474227246e-28 0.000000000000e+00 0.000000000000e+00 2.217065233717e-01 6.389683689195e+00
28 16 0.000000000000e+00 -8.038209879605e-27 0.000000000000e+00 0.000000000000e+00 -2.563226086265e-01 6.815662601808e+00
28 17 0.000000000000e+00 -1.304469919329e-25 0.000000000000e+00 0.000000000000e+00 -2.614929499746e-01 7.241641514421e+00
28 18 0.000000000000e+00 -5.225684142927e-24 0.000000000000e+00 0.000000000000e+00 2.283041405251e-01 7.667620427034e+00
28 19 0.000000000000e+00 0.000000000000e+00 0.000000000000e+00 0.000000000000e+00 3.055656620631e-01 8.093599339647e+00
28 20 0.000000000000e+00 -2.167486870372e-21 0.000000000000e+00 0.000000000000e+00 -1.877861049159e-01 8.519578252260e+00
28 21 0.000000000000e+00 -2.135818422165e-20 0.000000000000e+00 0.000000000000e+00 -3.543185304274e-01 8.945557164873e+00
28 22 0.000000000000e+00 -6.475676398404e-19 0.000000000000e+00 0.000000000000e+00 1.270615831979e-01 9.371536077486e+00
28 23 0.000000000000e+00 -5.182833231070e-18 0.000000000000e+00 0.000000000000e+00 4.070652578008e-01 9.797514990099e+00
28 24 0.000000000000e+00 -1.533704263494e-16 0.000000000000e+00 0.000000000000e+00 -3.059176965823e-02 1.022349390271e+01
28 25 0.000000000000e+00 -9.676386952728e-16 0.000000000000e+00 0.000000000000e+00 -4.588430309060e-01 1.064947281533e+01
28 26 0.000000000000e+00 -3.178258280109e-14 0.000000000000e+00 0.000000000000e+00 -1.405036091953e-01 1.107545172794e+01
28 27 0.000000000000e+00 0.000000000000e+00 0.000000000000e+00 0.000000000000e+00 4.837877155561e-01 1.150143064055e+01
28 28 4.209119574237e-06 0.000000000000e+00 5.042471323831e-02 -3.492470044695e-02 5.677851409379e-01 1.192740955316e+01
29 1 5.624940686123e-142 -8.188310661902e-94 8.086539169598e-72 -2.399847396810e-71 3.185120395536e-01 4.259789126130e-01
29 2 9.552698722003e-123 -7.044906710071e-77 6.880652815195e-62 -1.970560973447e-61 2.491126945337e-02 8.519578252260e-01
29 3 2.130756796302e-110 -6.046879621912e-67 3.578776420131e-55 -3.009402347493e-55 -3.173628532987e-01 1.277936737839e+00
29 4 1.633137843166e-101 -2.201173695126e-60 1.688691303981e-50 3.570944417281e-51 -5.016269530074e-02 1.703915650452e+00
29 5 1.009068899059e-93 -4.913374172015e-55 2.588620109876e-47 1.676059667284e-46 3.149700403753e-01 2.129894563065e+00
29 6 2.047600186476e-87 -4.482078628468e-51 -2.806730504363e-43 7.256763464837e-44 7.610406649606e-02 2.555873475678e+00
29 7 2.876018949457e-81 -2.160589223921e-47 -4.607589031688e-41 -3.981838506956e-40 -3.111344962059e-01 2.981852388291e+00
29 8 4.246305897146e-76 -1.380879114873e-44 1.707991254239e-37 4.257182854830e-38 -1.031048835840e-01 3.407831300904e+00
29 9 8.962313825856e-71 -9.692691032825e-42 -6.623725055855e-35 6.236508077587e-35 3.055297028692e-01 3.833810213517e+00
29 10 3.090679297541e-66 -1.430974410265e-39 3.961911773454e-34 -1.876757918056e-32 1.315651613321e-01 4.259789126130e+00
29 11 2.113874555220e-61 -3.253199814462e-37 2.920041593845e-30 4.542640398192e-30 -2.976610568466e-01 4.685768038743e+00
29 12 2.850642909791e-57 -1.934127854181e-35 -5.617758649347e-28 -3.904159455760e-28 -1.619267389721e-01 5.111746951356e+00
29 13 9.057970249702e-53 -2.140447127150e-33 1.208384104819e-25 5.339683767123e-26 2.867967409788e-01 5.537725863969e+00
29 14 6.065565545973e-49 -6.915468237344e-32 -1.059841530478e-23 -4.818565587283e-24 1.946835995487e-01 5.963704776582e+00
29 15 0.000000000000e+00 -4.712405941377e-30 0.000000000000e+00 0.000000000000e+00 -2.718499147150e-01 6.389683689195e+00
29 16 0.000000000000e+00 -9.874787333949e-29 0.000000000000e+00 0.000000000000e+00 -2.303863441760e-01 6.815662601808e+00
29 17 0.000000000000e+00 -4.807049309405e-27 0.000000000000e+00 0.000000000000e+00 2.511719075691e-01 7.241641514421e+00
29 18 0.000000000000e+00 -7.293952188649e-26 0.000000000000e+00 0.000000000000e+00 2.696268657126e-01 7.667620427034e+00
29 19 0.000000000000e+00 -2.808582652626e-24 0.000000000000e+00 0.000000000000e+00 -2.221705423925e-01 8.093599339647e+00
29 20 0.000000000000e+00 0.000000000000e+00 0.000000000000e+00 0.000000000000e+00 -3.129630703372e-01 8.519578252260e+00
29 21 0.000000000000e+00 -1.088875986822e-21 0.000000000000e+00 0.000000000000e+00 1.805526414036e-01 8.945557164873e+00
29 22 0.000000000000e+00 -1.036035234118e-20 0.000000000000e+00 0.000000000000e+00 3.606609682757e-01 9.371536077486e+00
29 23 0.000000000000e+00 -3.118321876942e-19 0.000000000000e+00 0.000000000000e+00 -1.186533982796e-01 9.797514990099e+00
29 24 0.000000000000e+00 0.000000000000e+00 0.000000000000e+00 0.000000000000e+00 -4.118332144113e-01 1.022349390271e+01
29 25 0.000000000000e+00 -7.201180073416e-17 0.000000000000e+00 0.000000000000e+00 2.109148512520e-02 1.064947281533e+01
29 26 0.000000000000e+00 -4.423893163832e-16 0.000000000000e+00 0.000000000000e+00 4.612094066345e-01 1.107545172794e+01
29 27 0.000000000000e+00 0.000000000000e+00 0.000000000000e+00 0.000000000000e+00 1.504974512030e-01 1.150143064055e+01
29 28 0.000000000000e+00 0.000000000000e+00 0.000000000000e+00 0.000000000000e+00 -4.826173361804e-01 1.192740955316e+01
29 29 0.000000000000e+00 0.000000000000e+00 0.000000000000e+00 0.000000000000e+00 -5.758260013445e-01 1.235338846578e+01
30 1 7.437222529544e-148 -6.284854587651e-98 8.473233703503e-75 -2.785942706498e-74 1.202386219411e-02 4.259789126130e-01
30 2 1.554263959853e-127 -5.256722145262e-80 2.276920595913e-64 -8.105456700991e-64 -3.180994143765e-01 8.519578252260e-01
30 3 2.442184607014e-115 -4.043624501073e-70 1.106916944483e-57 -1.131685386077e-57 -3.622478636448e-02 1.277936737839e+00
30 4 1.017249863791e-105 -6.321767664692e-63 1.358612062328e-52 9.927665941260e-54 3.164629891582e-01 1.703915650452e+00
30 5 3.029443035264e-98 -8.686122866804e-58 3.013869239458e-49 8.790102492630e-49 6.088934984720e-02 2.129894563065e+00
30 6 2.710584633988e-91 -2.755542819341e-53 -2.965889027456e-45 1.526123731488e-45 -3.135958012155e-01 2.555873475678e+00
30 7 1.574326136204e-85 -7.042638965944e-50 -1.118540398652e-42 -2.746650758361e-42 -8.634029569974e-02 2.981852388291e+00
30 8 9.384694862567e-80 -1.425748456303e-46 2.608316738340e-39 -2.111036011311e-40 3.092730913098e-01 3.407831300904e+00
30 9 7.493226636008e-75 -4.870322026254e-44 -3.482297766877e-37 7.554748030459e-37 1.129214291170e-01 3.833810213517e+00
30 10 1.004609601856e-69 -2.171424339329e-41 -1.398687072361e-34 -3.081813538461e-34 -3.031468280946e-01 4.259789126130e+00
30 11 2.442883612762e-65 -2.260920755300e-39 5.142104382644e-32 2.694415228346e-32 -1.410069682030e-01 4.685768038743e+00
30 12 1.272684403154e-60 -3.966403398270e-37 -1.445346082624e-29 -2.144363064579e-31 2.947035695400e-01 5.111746951356e+00
30 13 1.370667826755e-56 -1.911473070673e-35 1.570776626859e-27 -4.167743750496e-28 1.710110277979e-01 5.537725863969e+00
30 14 3.621504483956e-52 -1.810846518310e-33 -2.683277168973e-25 9.449167356461e-26 -2.831943311022e-01 5.963704776582e+00
30 15 0.000000000000e+00 -5.121697081716e-32 0.000000000000e+00 0.000000000000e+00 -2.033953821726e-01 6.389683689195e+00
30 16 0.000000000000e+00 -3.172863039770e-30 0.000000000000e+00 0.000000000000e+00 2.675163735903e-01 6.815662601808e+00
30 17 0.000000000000e+00 -6.090039092496e-29 0.000000000000e+00 0.000000000000e+00 2.386700873288e-01 7.241641514421e+00
30 18 0.000000000000e+00 -2.797028431219e-27 0.000000000000e+00 0.000000000000e+00 -2.460071084770e-01 7.667620427034e+00
30 19 0.000000000000e+00 -3.996896030285e-26 0.000000000000e+00 0.000000000000e+00 -2.773720585159e-01 8.093599339647e+00
30 20 0.000000000000e+00 0.000000000000e+00 0.000000000000e+00 0.000000000000e+00 2.160656146355e-01 8.519578252260e+00
30 21 0.000000000000e+00 0.000000000000e+00 0.000000000000e+00 0.000000000000e+00 3.199798346941e-01 8.945557164873e+00
30 22 0.000000000000e+00 -5.427152608442e-22 0.000000000000e+00 0.000000000000e+00 -1.734044061065e-01 9.371536077486e+00
30 23 0.000000000000e+00 -4.998423555286e-21 0.000000000000e+00 0.000000000000e+00 -3.666392701386e-01 9.797514990099e+00
30 24 0.000000000000e+00 -1.495906668222e-19 0.000000000000e+00 0.000000000000e+00 1.104040677488e-01 1.022349390271e+01
30 25 0.000000000000e+00 -1.132549638331e-18 0.000000000000e+00 0.000000000000e+00 4.162765599145e-01 1.064947281533e+01
30 26 0.000000000000e+00 0.000000000000e+00 0.000000000000e+00 0.000000000000e+00 -1.183987286495e-02 1.107545172794e+01
30 27 0.000000000000e+00 0.000000000000e+00 0.000000000000e+00 0.000000000000e+00 -4.633428363872e-01 1.150143064055e+01
30 28 0.000000000000e+00 0.000000000000e+00 0.000000000000e+00 0.000000000000e+00 -1.601603261014e-01 1.192740955316e+01
30 29 0.000000000000e+00 0.000000000000e+00 0.000000000000e+00 0.000000000000e+00 4.814107897098e-01 1.235338846578e+01
30 30 0.000000000000e+00 0.000000000000e+00 0.000000000000e+00 0.000000000000e+00 5.836197026854e-01 1.277936737839e+01
