2 1 2.569674760227e-07 -9.584288645056e-05 -2.392059164772e-04 5.207864621188e-04 2.808742817349e-01 4.510219639585e-01
2 2 2.076013953745e-02 -5.180475825066e-03 -2.718988088372e-01 1.794650971854e-01 9.828204926932e-02 9.020439279169e-01
3 1 1.363711096928e-11 -3.607376366913e-07 1.536594509399e-06 3.881866426191e-06 -3.381663448945e-01 4.510219639585e-01
3 2 1.099620741465e-06 -6.927543419030e-05 6.667787041453e-04 -2.275355377460e-03 -3.463527108561e-01 9.020439279169e-01
3 3 1.754657611311e-02 -2.646648730555e-03 3.307679127435e-01 -3.040295051424e-01 -1.456941976300e-01 1.353065891875e+00
4 1 1.136929801825e-16 -1.141398449719e-09 9.131139524844e-09 7.869992040732e-09 -9.333241605441e-02 4.510219639585e-01
4 2 1.376038703174e-10 -7.283558256905e-07 -2.385610372903e-05 -1.159263632460e-05 3.049452793749e-01 9.020439279169e-01
4 3 2.400272486445e-06 -3.683235965703e-05 -2.307694917190e-03 4.720730968219e-03 3.860763547531e-01 1.353065891875e+00
4 4 1.240466926832e-02 -1.179610252929e-03 -4.016346368757e-01 3.039181275778e-01 1.839230607425e-01 1.804087855834e+00
5 1 5.973546035526e-21 -3.703512797254e-12 7.930900725588e-11 3.667497378515e-11 3.253099752896e-01 4.510219639585e-01
5 2 2.711156530862e-15 -5.179437522083e-09 -1.079676211022e-07 4.694509487619e-08 1.533849891022e-01 9.020439279169e-01
5 3 6.040136342913e-10 -6.253562674702e-07 8.202519296189e-05 1.483046939117e-05 -2.746706320624e-01 1.353065891875e+00
5 4 3.664751188043e-06 -1.807398575785e-05 6.033709804323e-03 -6.207965821779e-03 -4.135442427047e-01 1.804087855834e+00
5 5 8.603348582297e-03 -5.277095927304e-04 4.780997253528e-01 -2.152341575045e-01 -2.168163824475e-01 2.255109819792e+00
6 1 4.692612613424e-26 -6.924038700311e-15 2.393822695078e-13 5.170927953422e-14 5.853557063839e-02 4.510219639585e-01
6 2 3.140979550791e-19 -4.593528015624e-11 -7.200730227512e-10 1.042750088862e-09 -3.142514978390e-01 9.020439279169e-01
6 3 1.866684559485e-14 -6.313782573527e-09 2.395665965250e-07 -3.966558393255e-07 -1.985636128627e-01 1.353065891875e+00
6 4 1.821206891693e-09 -4.124537617711e-07 -1.896475490403e-04 -3.574427216509e-05 2.461552311675e-01 1.804087855834e+00
6 5 4.480641357681e-06 -8.619149084486e-06 -1.095714360666e-02 4.807507807808e-03 4.336330801832e-01 2.255109819792e+00
6 6 6.008487136267e-03 -2.409615552324e-04 -5.217513001459e-01 6.513308943133e-02 2.459318822821e-01 2.706131783751e+00
7 1 1.455819843374e-30 -1.600259235444e-17 1.362796077436e-15 5.928598381962e-17 -3.219226056084e-01 4.510219639585e-01
7 2 6.390479788886e-24 -2.236039411739e-13 -9.547628839669e-13 5.635592286907e-12 -1.025489606074e-01 9.020439279169e-01
7 3 3.090519330573e-18 -9.087787982530e-11 -1.661745548461e-09 -5.726201998214e-09 3.019445654319e-01 1.353065891875e+00
7 4 8.206313778289e-14 -5.058518395981e-09 -3.143553785523e-07 1.256733581409e-06 2.347330600961e-01 1.804087855834e+00
7 5 0.000000000000e+00 -2.423375289045e-07 0.000000000000e+00 0.000000000000e+00 -2.191778160278e-01 2.255109819792e+00
7 6 4.753604241049e-06 -4.064152051528e-06 1.478897537488e-02 1.113149336023e-04 -4.487824346124e-01 2.706131783751e+00
7 7 4.240836400772e-03 -1.121183632946e-04 5.028172249600e-01 1.130117097881e-01 -2.721283462463e-01 3.157153747709e+00
8 1 8.332231093555e-36 -1.810471044974e-20 3.246659070822e-18 -3.299771215112e-19 -4.318299159491e-02 4.510219639585e-01
8 2 5.178282396212e-28 -1.521563914044e-15 9.001320343840e-15 5.065949890955e-14 3.162832017541e-01 9.020439279169e-01
8 3 9.640811594424e-23 -6.860040719047e-13 -2.672828306971e-11 -1.986450108809e-11 1.383345402487e-01 1.353065891875e+00
8 4 1.748971376449e-17 -9.801779466585e-11 1.404268578694e-08 1.266764406301e-08 -2.888284492865e-01 1.804087855834e+00
8 5 2.750980049846e-13 -3.353879307747e-09 5.016248597128e-07 -2.922097254320e-06 -2.646562577278e-01 2.255109819792e+00
8 6 0.000000000000e+00 -1.340378984103e-07 0.000000000000e+00 0.000000000000e+00 1.936490837007e-01 2.706131783751e+00
8 7 4.594902030061e-06 -1.908160866476e-06 -1.529394312656e-02 -7.339392112756e-03 4.604205386509e-01 3.157153747709e+00
8 8 3.022445951703e-03 -5.294311872781e-05 -4.110824155469e-01 -2.797291926763e-01 2.959613364591e-01 3.608175711668e+00
9 1 1.635797981504e-40 -2.954737890257e-23 1.410011859974e-20 -3.203593414785e-21 3.205227432709e-01 4.510219639585e-01
9 2 8.501352655353e-33 -4.970533024111e-18 9.407620660624e-17 1.860457611862e-16 7.798566019008e-02 9.020439279169e-01
9 3 1.206513334920e-26 -7.960192204491e-15 -3.698586941333e-13 -4.463068425621e-14 -3.094668097503e-01 1.353065891875e+00
9 4 7.078273523282e-22 -9.524328774301e-13 1.194073926297e-10 -1.473119261614e-11 -1.686241099141e-01 1.804087855834e+00
9 5 7.418048158250e-17 -7.989516902565e-11 -4.444100140878e-08 -1.988230595271e-08 2.752371000277e-01 2.255109819792e+00
9 6 0.000000000000e+00 -2.008739649422e-09 0.000000000000e+00 0.000000000000e+00 2.899241480864e-01 2.706131783751e+00
9 7 0.000000000000e+00 -7.157367519504e-08 0.000000000000e+00 0.000000000000e+00 -1.694915194098e-01 3.157153747709e+00
9 8 4.169694719358e-06 -8.948979216790e-07 1.150068040030e-02 1.445049786947e-02 -4.694633332333e-01 3.608175711668e+00
9 9 2.171716158898e-03 -2.527945928042e-05 2.578505690144e-01 3.979293675796e-01 -3.178253524000e-01 4.059197675626e+00
10 1 6.826788395797e-46 -2.200062413810e-26 2.792740931109e-23 -9.623542208695e-24 3.436494230106e-02 4.510219639585e-01
10 2 4.828102748821e-37 -2.532395896944e-20 1.032123344614e-18 1.184525162980e-18 -3.170769634710e-01 9.020439279169e-01
10 3 3.247052627260e-31 -4.345513877830e-17 -1.833996592255e-15 6.095886022329e-16 -1.074308684014e-01 1.353065891875e+00
10 4 1.146083505242e-25 -1.536152869501e-14 1.049181765328e-12 -1.114885092543e-12 3.018234139139e-01 1.804087855834e+00
10 5 3.664986655265e-21 -9.134070807853e-13 -2.752999330479e-10 2.032688912117e-10 1.948747153751e-01 2.255109819792e+00
10 6 0.000000000000e+00 -5.586692961117e-11 0.000000000000e+00 0.000000000000e+00 -2.614133306395e-01 2.706131783751e+00
10 7 0.000000000000e+00 -1.132151792952e-09 0.000000000000e+00 0.000000000000e+00 -3.115662444891e-01 3.157153747709e+00
10 8 0.000000000000e+00 -3.738476750708e-08 0.000000000000e+00 0.000000000000e+00 1.466233878927e-01 3.608175711668e+00
10 9 3.619936068958e-06 -4.198571597319e-07 -4.107347564659e-03 -1.891815396060e-02 4.765339681700e-01 4.059197675626e+00
10 10 1.570899520529e-03 -1.217116387785e-05 -7.163604881664e-02 -4.423231403975e-01 3.380172049148e-01 4.510219639585e+00
11 1 9.139997378944e-51 -2.627107588882e-29 9.835530849736e-26 -4.481455308650e-26 -3.198064924094e-01 4.510219639585e-01
11 2 6.185461596452e-42 -5.817976850427e-23 4.530520152783e-21 3.331320996848e-21 -6.321256699048e-02 9.020439279169e-01
11 3 3.060684668481e-35 -3.948691536847e-19 -1.437502460135e-17 1.205962727294e-17 3.126953038481e-01 1.353065891875e+00
11 4 4.122931280841e-30 -1.140328287196e-16 1.514273170383e-15 -9.056560870418e-15 1.330772502608e-01 1.804087855834e+00
11 5 7.143349628192e-25 -1.849458206299e-14 -3.393543853270e-13 4.765519282282e-12 -2.935845227371e-01 2.255109819792e+00
11 6 1.525686148527e-20 -7.143769824486e-13 4.834008630848e-10 -6.843486342017e-10 -2.179774561872e-01 2.706131783751e+00
11 7 0.000000000000e+00 -3.558552321587e-11 0.000000000000e+00 0.000000000000e+00 2.475299777132e-01 3.157153747709e+00
11 8 0.000000000000e+00 -6.136323408769e-10 0.000000000000e+00 0.000000000000e+00 3.302997964387e-01 3.608175711668e+00
11 9 0.000000000000e+00 -1.924371091848e-08 0.000000000000e+00 0.000000000000e+00 -1.249602127839e-01 4.059197675626e+00
11 10 3.043672472803e-06 -1.972044325325e-07 -4.873449078968e-03 1.911205390786e-02 -4.820743595621e-01 4.510219639585e+00
11 11 1.142534600142e-03 -5.896502124717e-06 -1.104799365194e-01 4.055755322614e-01 -3.567688572501e-01 4.961241603543e+00
12 1 2.865016289307e-56 -1.375894451205e-32 1.665906115306e-28 -9.416060611374e-29 -2.859420673526e-02 4.510219639585e-01
12 2 2.556855753110e-46 -2.261189148101e-25 3.272220808784e-23 1.537710603017e-23 3.174749926736e-01 9.020439279169e-01
12 3 6.792328757720e-40 -1.598267650165e-21 -4.539891695086e-20 7.584374470573e-20 8.825323335856e-02 1.353065891875e+00
12 4 5.250007218472e-34 -1.489225881550e-18 -3.462115443355e-17 -9.766108727374e-17 -3.076309750266e-01 1.804087855834e+00
12 5 3.128691234738e-29 -1.683934471242e-16 1.951651829405e-14 2.487618462506e-14 -1.558356196877e-01 2.255109819792e+00
12 6 3.478074992030e-24 -1.712304431379e-14 -5.094511680591e-12 -1.157936029923e-11 2.849196034709e-01 2.706131783751e+00
12 7 5.396250078107e-20 -4.932004034598e-13 -7.995922483280e-10 1.655366257156e-09 2.385309643454e-01 3.157153747709e+00
12 8 0.000000000000e+00 -2.132445813896e-11 0.000000000000e+00 0.000000000000e+00 -2.337087794009e-01 3.608175711668e+00
12 9 0.000000000000e+00 -3.238902085455e-10 0.000000000000e+00 0.000000000000e+00 -3.466500820343e-01 4.059197675626e+00
12 10 0.000000000000e+00 -9.806170810665e-09 0.000000000000e+00 0.000000000000e+00 1.044181302580e-01 4.510219639585e+00
12 11 2.499097004940e-06 -9.276118130719e-08 1.291640071408e-02 -1.482098058401e-02 4.864077521767e-01 4.961241603543e+00
12 12 8.347304500869e-04 -2.870012087807e-06 2.530589523267e-01 -2.993225455370e-01 3.742664471491e-01 5.412263567501e+00
13 1 2.770554926692e-61 -1.246089073768e-35 4.934151713527e-31 -3.326478441951e-31 3.193902304329e-01 4.510219639585e-01
13 2 2.577316907117e-51 -3.822872124055e-28 1.108485187955e-25 2.981940499038e-26 5.326050319646e-02 9.020439279169e-01
13 3 4.912781591904e-44 -1.146854694644e-23 -1.813194663763e-22 7.295540836463e-22 -3.144022287766e-01 1.353065891875e+00
13 4 1.619609303245e-38 -8.545890340580e-21 -4.081116023336e-19 -4.057788673007e-19 -1.104734413299e-01 1.804087855834e+00
13 5 4.883691733603e-33 -2.830699330404e-18 3.806828884436e-16 1.055009092625e-16 3.020461756887e-01 2.255109819792e+00
13 6 1.771783757685e-28 -1.801665640756e-16 -8.688524562179e-14 -2.456440935763e-14 1.762906922982e-01 2.706131783751e+00
13 7 1.427070143430e-23 -1.348353666488e-14 2.012808318471e-11 2.210455830988e-11 -2.759573986788e-01 3.157153747709e+00
13 8 0.000000000000e+00 -3.137101139442e-13 0.000000000000e+00 0.000000000000e+00 -2.569648340953e-01 3.608175711668e+00
13 9 0.000000000000e+00 -1.225132907679e-11 0.000000000000e+00 0.000000000000e+00 2.200347514648e-01 4.059197675626e+00
13 10 0.000000000000e+00 -1.677871849808e-10 0.000000000000e+00 0.000000000000e+00 3.610157615229e-01 4.510219639585e+00
13 11 0.000000000000e+00 -4.961114551105e-09 0.000000000000e+00 0.000000000000e+00 -8.491637543654e-02 4.961241603543e+00
13 12 2.015311951933e-06 -4.370275915839e-08 -1.785707530824e-02 7.214199096889e-03 -4.897763710742e-01 5.412263567501e+00
13 13 6.121324686289e-04 -1.401853530729e-06 -3.311790800403e-01 1.501450250953e-01 -3.906622641903e-01 5.863285531460e+00
14 1 6.722542885974e-67 -4.825608786075e-39 7.289664763996e-34 -5.725702520522e-34 2.450755154168e-02 4.510219639585e-01
14 2 8.045438783851e-56 -1.161775708343e-30 6.379652502210e-28 6.576639466664e-29 -3.177048402632e-01 9.020439279169e-01
14 3 8.939694495690e-49 -3.548997171546e-26 7.773913173137e-26 3.205845362288e-24 -7.506805457698e-02 1.353065891875e+00
14 4 1.645848783529e-42 -9.060476794669e-23 -5.377696261650e-21 -2.176726803256e-21 3.107737876581e-01 1.804087855834e+00
14 5 1.878332357401e-37 -2.060041449526e-20 2.346519386859e-18 -7.040825264124e-19 1.304919093900e-01 2.255109819792e+00
14 6 3.224633008770e-32 -3.653719189631e-18 -1.076299846989e-15 5.703678396319e-16 -2.960579787673e-01 2.706131783751e+00
14 7 8.273317663758e-28 -1.578883652678e-16 2.235526911641e-13 -4.287961038846e-14 -1.948457448957e-01 3.157153747709e+00
14 8 0.000000000000e+00 -9.539433934240e-15 0.000000000000e+00 0.000000000000e+00 2.667972189436e-01 3.608175711668e+00
14 9 0.000000000000e+00 -1.885319763513e-13 0.000000000000e+00 0.000000000000e+00 2.736023554910e-01 4.059197675626e+00
14 10 0.000000000000e+00 -6.828627054498e-12 0.000000000000e+00 0.000000000000e+00 -2.065665777333e-01 4.510219639585e+00
14 11 0.000000000000e+00 -8.574285417150e-11 0.000000000000e+00 0.000000000000e+00 -3.737075828629e-01 4.961241603543e+00
14 12 0.000000000000e+00 -2.496663051849e-09 0.000000000000e+00 0.000000000000e+00 6.637873165900e-02 5.412263567501e+00
14 13 1.602677741767e-06 -2.062316962349e-08 1.853353112379e-02 1.641084266111e-03 4.923653089979e-01 5.863285531460e+00
14 14 4.502983598362e-04 -6.865630548215e-07 3.357720844972e-01 7.935656332524e-03 4.060827797678e-01 6.314307495418e+00
15 1 4.904598136514e-72 -3.417643592729e-42 1.861177929978e-36 -1.674733997941e-36 -3.191267017363e-01 4.510219639585e-01
15 2 6.490640277135e-61 -1.500264952177e-33 1.819814615989e-30 -8.142050528076e-32 -4.606827267589e-02 9.020439279169e-01
15 3 5.076275809329e-53 -2.044811422485e-28 6.384562988741e-27 2.330601409014e-26 3.154227496756e-01 1.353065891875e+00
15 4 4.304849006616e-47 -4.103044096866e-25 -2.966179522915e-23 -7.234803224646e-25 9.468428523994e-02 1.804087855834e+00
15 5 2.402784825673e-41 -2.874066064776e-22 1.946337545766e-20 -1.972169501524e-20 -3.067091945921e-01 2.255109819792e+00
15 6 1.456438164554e-36 -3.157491406750e-20 -3.247358578477e-18 7.514607112018e-18 -1.487236900830e-01 2.706131783751e+00
15 7 1.710412253164e-31 -3.705413978497e-18 1.548363398508e-15 -2.883506451869e-15 2.897563782350e-01 3.157153747709e+00
15 8 0.000000000000e+00 -1.211995156913e-16 0.000000000000e+00 0.000000000000e+00 2.117946797370e-01 3.608175711668e+00
15 9 0.000000000000e+00 -6.263916652331e-15 0.000000000000e+00 0.000000000000e+00 -2.575162484476e-01 4.059197675626e+00
15 10 0.000000000000e+00 -1.087599381207e-13 0.000000000000e+00 0.000000000000e+00 -2.886955031163e-01 4.510219639585e+00
15 11 0.000000000000e+00 -3.721491789863e-12 0.000000000000e+00 0.000000000000e+00 1.933440054611e-01 4.961241603543e+00
15 12 0.000000000000e+00 -4.337233019452e-11 0.000000000000e+00 0.000000000000e+00 3.849728432560e-01 5.412263567501e+00
15 13 0.000000000000e+00 -1.251445728484e-09 0.000000000000e+00 0.000000000000e+00 -4.873421776671e-02 5.863285531460e+00
15 14 1.260627570068e-06 -9.747461687178e-09 -1.503359001731e-02 -9.476050533283e-03 -4.943183133208e-01 6.314307495418e+00
15 15 3.321211753579e-04 -3.369291583373e-07 -2.744395889921e-01 -1.421060160461e-01 -4.206342914739e-01 6.765329459377e+00
16 1 9.456811168087e-78 -1.016736936558e-45 2.434307200049e-39 -2.482174198360e-39 -2.145503071801e-02 4.510219639585e-01
16 2 1.578538354245e-65 -3.648572245116e-36 8.837391215063e-33 -1.613582109294e-33 3.178502831948e-01 9.020439279169e-01
16 3 7.627032961386e-58 -4.973437776397e-31 4.417794958281e-29 8.259430351337e-29 6.539763917224e-02 1.353065891875e+00
16 4 3.545002387090e-51 -3.571512503746e-27 -2.569889584421e-25 8.032617918839e-26 -3.126830808527e-01 1.804087855834e+00
16 5 8.035507936679e-46 -1.694648720917e-24 5.126699093675e-23 -1.518149145736e-22 -1.125516083386e-01 2.255109819792e+00
16 6 2.205331505425e-40 -5.409426760895e-22 1.952259706264e-20 9.882405944548e-20 3.022940548346e-01 2.706131783751e+00
16 7 8.765886347642e-36 -3.644984673947e-20 -6.821835657751e-18 -2.241553066735e-17 1.654628377777e-01 3.157153747709e+00
16 8 7.762999224788e-31 -3.199487483085e-18 -3.443063509532e-16 7.961348376905e-15 -2.832128461099e-01 3.608175711668e+00
16 9 0.000000000000e+00 -8.481483281068e-17 0.000000000000e+00 0.000000000000e+00 -2.273610254859e-01 4.059197675626e+00
16 10 0.000000000000e+00 -3.896575271456e-15 0.000000000000e+00 0.000000000000e+00 2.481747259168e-01 4.510219639585e+00
16 11 0.000000000000e+00 -6.085876721700e-14 0.000000000000e+00 0.000000000000e+00 3.024459509690e-01 4.961241603543e+00
16 12 0.000000000000e+00 -1.993689924682e-12 0.000000000000e+00 0.000000000000e+00 -1.803931047050e-01 5.412263567501e+00
16 13 0.000000000000e+00 -2.176973496749e-11 0.000000000000e+00 0.000000000000e+00 -3.950116430595e-01 5.863285531460e+00
16 14 0.000000000000e+00 -6.253709250538e-10 0.000000000000e+00 0.000000000000e+00 3.191728586124e-02 6.314307495418e+00
16 15 9.829394744982e-07 -4.614127987951e-09 8.539212005981e-03 1.448292101231e-02 4.957485653691e-01 6.765329459377e+00
16 16 2.455046987936e-04 -1.656023095512e-07 1.680761840416e-01 2.282101871073e-01 4.344070360808e-01 7.216351423335e+00
17 1 5.383803457407e-83 -5.775488439374e-49 5.453988968484e-42 -6.250283751081e-42 3.189492363651e-01 4.510219639585e-01
17 2 1.037551475844e-70 -3.708602731193e-39 2.195319047263e-35 -6.964766249810e-36 4.061400589400e-02 9.020439279169e-01
17 3 3.474560501588e-62 -2.341179947989e-33 4.060658180244e-31 4.845568686143e-31 -3.160847831164e-01 1.353065891875e+00
17 4 7.865311743489e-56 -1.302801839033e-29 -1.043792147448e-27 7.203897047367e-28 -8.296938752039e-02 1.804087855834e+00
17 5 8.536917565698e-50 -1.977397562371e-26 -1.426867495262e-25 -1.645437483205e-24 3.095772240692e-01 2.255109819792e+00
17 6 8.812470505939e-45 -3.872268811807e-24 4.299330510930e-22 4.697266930981e-22 1.289783798666e-01 2.706131783751e+00
17 7 1.515108125206e-39 -7.330904058711e-22 -2.592512341152e-19 -1.663658583606e-19 -2.975940448980e-01 3.157153747709e+00
17 8 4.426592274521e-35 -3.480480122356e-20 4.544513967583e-17 3.944246181374e-17 -1.809271664336e-01 3.608175711668e+00
17 9 0.000000000000e+00 -2.467914086584e-18 0.000000000000e+00 0.000000000000e+00 2.764851530778e-01 4.059197675626e+00
17 10 0.000000000000e+00 -5.549477541697e-17 0.000000000000e+00 0.000000000000e+00 2.417205439542e-01 4.510219639585e+00
17 11 0.000000000000e+00 -2.327794064680e-15 0.000000000000e+00 0.000000000000e+00 -2.388197696879e-01 4.961241603543e+00
17 12 0.000000000000e+00 -3.327142819766e-14 0.000000000000e+00 0.000000000000e+00 -3.150184722739e-01 5.412263567501e+00
17 13 0.000000000000e+00 -1.053904388688e-12 0.000000000000e+00 0.000000000000e+00 1.677300279115e-01 5.863285531460e+00
17 14 0.000000000000e+00 -1.086113865514e-11 0.000000000000e+00 0.000000000000e+00 4.039881214329e-01 6.314307495418e+00
17 15 0.000000000000e+00 -3.117647892677e-10 0.000000000000e+00 0.000000000000e+00 -1.586772647131e-02 6.765329459377e+00
17 16 7.610110859379e-07 -2.187337591599e-09 -8.802007084008e-04 -1.575529043251e-02 -4.967462397853e-01 7.216351423335e+00
17 17 1.818224051402e-04 -8.148978728297e-08 -4.466424466442e-02 -2.552775386342e-01 -4.474782711815e-01 7.667373387294e+00
18 1 8.433452707347e-89 -1.359983471669e-52 6.387823458096e-45 -8.184513191196e-45 1.908518032595e-02 4.510219639585e-01
18 2 2.017198695457e-75 -7.364867738775e-42 9.250727897133e-38 -4.189722345629e-38 -3.179484401479e-01 9.020439279169e-01
18 3 4.356988526364e-67 -4.582065926772e-36 1.739124282089e-33 1.409740149210e-33 -5.798026228235e-02 1.353065891875e+00
18 4 5.329321507240e-60 -9.433334160302e-32 -6.636214662568e-30 8.058893370540e-30 3.139368063531e-01 1.804087855834e+00
18 5 2.476231244958e-54 -9.591394102776e-29 -3.994197421697e-27 -7.947959726403e-27 9.911168307307e-02 2.255109819792e+00
18 6 1.128174991112e-48 -5.634663605033e-26 6.810708037018e-24 2.350454779494e-24 -3.061707382628e-01 2.706131783751e+00
18 7 6.939175661562e-44 -6.086676421942e-24 -2.079805961051e-21 1.424851400862e-22 -1.441888195039e-01 3.157153747709e+00
18 8 8.545459104360e-39 -7.966645729029e-22 8.326187989443e-19 -7.594462209663e-20 2.926617203942e-01 3.608175711668e+00
18 9 1.958881647006e-34 -2.908174777333e-20 -1.369589055757e-16 -3.901643735549e-17 1.952839927845e-01 4.059197675626e+00
18 10 0.000000000000e+00 -1.753312740400e-18 0.000000000000e+00 0.000000000000e+00 -2.696204744871e-01 4.510219639585e+00
18 11 0.000000000000e+00 -3.452641917302e-17 0.000000000000e+00 0.000000000000e+00 -2.550151129024e-01 4.961241603543e+00
18 12 0.000000000000e+00 -1.348061849206e-15 0.000000000000e+00 0.000000000000e+00 2.294882582715e-01 5.412263567501e+00
18 13 0.000000000000e+00 -1.786213492907e-14 0.000000000000e+00 0.000000000000e+00 3.265499103491e-01 5.863285531460e+00
18 14 0.000000000000e+00 -5.512472596805e-13 0.000000000000e+00 0.000000000000e+00 -1.553637172691e-01 6.314307495418e+00
18 15 0.000000000000e+00 -5.393077950715e-12 0.000000000000e+00 0.000000000000e+00 -4.120384740031e-01 6.765329459377e+00
18 16 0.000000000000e+00 -1.551292466137e-10 0.000000000000e+00 0.000000000000e+00 5.304104246220e-04 7.216351423335e+00
18 17 5.857897658886e-07 -1.038326129323e-09 -6.028115938218e-03 1.341792464288e-02 4.973839256941e-01 7.667373387294e+00
18 18 1.348781250152e-04 -4.013523082929e-08 -6.786461421070e-02 2.263832127330e-01 4.599146354093e-01 8.118395351252e+00
19 1 3.847954381486e-94 -6.327393161031e-56 1.272673258147e-47 -1.816174895049e-47 -3.188239994399e-01 4.510219639585e-01
19 2 1.098150440678e-80 -6.038043204703e-45 2.036877842014e-40 -1.210556749885e-40 -3.632920901886e-02 9.020439279169e-01
19 3 1.623238467436e-71 -1.790726578907e-38 1.197875254714e-35 6.575215903603e-36 3.165400895244e-01 1.353065891875e+00
19 4 1.008501307495e-64 -2.823379367907e-34 -1.894365655962e-32 4.127386803039e-32 7.390263735971e-02 1.804087855834e+00
19 5 2.210462867087e-58 -9.454424809752e-31 -6.119824738173e-29 -5.760143594379e-29 -3.114781033456e-01 2.255109819792e+00
19 6 3.979184967472e-53 -3.378636940497e-28 4.245418937816e-26 -5.345315210494e-27 -1.140608464086e-01 2.706131783751e+00
19 7 1.025927731399e-47 -1.053280245525e-25 -2.016717160581e-23 1.535601955321e-23 3.025138014021e-01 3.157153747709e+00
19 8 4.369012779538e-43 -7.433661744393e-24 4.069262114765e-21 -4.379473555993e-21 1.583519245835e-01 3.608175711668e+00
19 9 4.170117920164e-38 -7.408244769633e-22 -1.681609861346e-18 1.220431187719e-18 -2.875402237159e-01 4.059197675626e+00
19 10 7.792687613170e-34 -2.204180952262e-20 3.151680611946e-16 -1.642628343012e-17 -2.086657284737e-01 4.510219639585e+00
19 11 0.000000000000e+00 -1.170924160766e-18 0.000000000000e+00 0.000000000000e+00 2.626575805105e-01 4.961241603543e+00
19 12 0.000000000000e+00 -2.066455683178e-17 0.000000000000e+00 0.000000000000e+00 2.673616801993e-01 5.412263567501e+00
19 13 0.000000000000e+00 -7.618811493850e-16 0.000000000000e+00 0.000000000000e+00 -2.202090260360e-01 5.863285531460e+00
19 14 0.000000000000e+00 -9.452124246473e-15 0.000000000000e+00 0.000000000000e+00 -3.371554296422e-01 6.314307495418e+00
19 15 0.000000000000e+00 -2.858816900935e-13 0.000000000000e+00 0.000000000000e+00 1.432978697491e-01 6.765329459377e+00
19 16 0.000000000000e+00 -2.667816062285e-12 0.000000000000e+00 0.000000000000e+00 4.192768252267e-01 7.216351423335e+00
19 17 0.000000000000e+00 -7.707214781093e-11 0.000000000000e+00 0.000000000000e+00 1.414505141977e-02 7.667373387294e+00
19 18 4.487705483138e-07 -4.935226302822e-10 1.068920765495e-02 -8.460682968969e-03 -4.977205892030e-01 8.118395351252e+00
19 19 1.001945893595e-04 -1.978058119675e-08 1.478408583277e-01 -1.561197679786e-01 -4.717739882537e-01 8.569417315211e+00
20 1 4.988777906471e-100 -1.207916876257e-59 1.346570744529e-50 -2.136131369034e-50 -1.719051519673e-02 4.510219639585e-01
20 2 1.743556092197e-85 -9.962820604264e-48 7.569498990940e-43 -5.642905718451e-43 3.180179407389e-01 9.020439279169e-01
20 3 1.718287140402e-76 -2.876667132288e-41 4.200628463909e-38 1.456186729868e-38 5.210006922442e-02 1.353065891875e+00
20 4 5.703114723437e-69 -1.722414284775e-36 -6.419132292185e-35 3.354231455729e-34 -3.148075032845e-01 1.804087855834e+00
20 5 5.572522068163e-63 -3.827449490486e-33 -3.836623925484e-31 -1.756799681187e-31 -8.863156625991e-02 2.255109819792e+00
20 6 4.352707450034e-57 -4.208406044367e-30 3.820360220923e-28 -2.330843542602e-28 3.087605604418e-01 2.706131783751e+00
20 7 4.201490108500e-52 -7.440915892296e-28 -6.076669483096e-26 1.504016957474e-25 1.279928762812e-01 3.157153747709e+00
20 8 7.257953190211e-47 -1.480005543587e-25 6.274700939733e-24 -7.679622469032e-23 -2.986465827554e-01 3.608175711668e+00
20 9 2.340343463631e-42 -7.593749675711e-24 -1.871467387678e-21 1.545283318118e-20 -1.715990072647e-01 4.059197675626e+00
20 10 0.000000000000e+00 -6.145446065640e-22 0.000000000000e+00 0.000000000000e+00 2.822655312340e-01 4.510219639585e+00
20 11 0.000000000000e+00 -1.552268634574e-20 0.000000000000e+00 0.000000000000e+00 2.211797565306e-01 4.961241603543e+00
20 12 0.000000000000e+00 -7.455636072923e-19 0.000000000000e+00 0.000000000000e+00 -2.556284688065e-01 5.412263567501e+00
20 13 0.000000000000e+00 -1.199738825440e-17 0.000000000000e+00 0.000000000000e+00 -2.788582866282e-01 5.863285531460e+00
20 14 0.000000000000e+00 -4.222858001879e-16 0.000000000000e+00 0.000000000000e+00 2.110045521183e-01 6.314307495418e+00
20 15 0.000000000000e+00 -4.943907757050e-15 0.000000000000e+00 0.000000000000e+00 3.469330182777e-01 6.765329459377e+00
20 16 0.000000000000e+00 -1.472310989423e-13 0.000000000000e+00 0.000000000000e+00 -1.315323741512e-01 7.216351423335e+00
20 17 0.000000000000e+00 -1.315687755973e-12 0.000000000000e+00 0.000000000000e+00 -4.257996236846e-01 7.667373387294e+00
20 18 0.000000000000e+00 -3.824371175564e-11 0.000000000000e+00 0.000000000000e+00 -2.820468099278e-02 8.118395351252e+00
20 19 3.424396146070e-07 -2.348552570205e-10 -1.234447687165e-02 2.370084112983e-03 4.978045179690e-01 8.569417315211e+00
20 20 7.452006402541e-05 -9.753697154803e-09 -1.837793349794e-01 6.575490450612e-02 4.831068654566e-01 9.020439279169e+00
21 1 1.864211782706e-105 -4.684344670732e-63 2.409593227933e-53 -4.245105750042e-53 3.187323095553e-01 4.510219639585e-01
21 2 7.977276994615e-91 -6.721820259550e-51 1.492202550235e-45 -1.360783771064e-45 3.287086177704e-02 9.020439279169e-01
21 3 5.323239103774e-81 -9.467564753677e-44 2.436589918428e-40 4.317929657294e-41 -3.168673089283e-01 1.353065891875e+00
21 4 9.272763574257e-74 -4.298475377415e-39 5.151359860026e-38 1.376094072655e-36 -6.666225579835e-02 1.804087855834e+00
21 5 4.225379919108e-67 -3.219983650217e-35 -3.645534940064e-33 -4.599391890179e-34 3.128081580493e-01 2.255109819792e+00
21 6 1.355559839794e-61 -2.137832997788e-32 1.470726622919e-30 -2.018479757647e-30 1.023524784065e-01 2.706131783751e+00
21 7 5.375931602906e-56 -1.114765568156e-29 2.039455308495e-28 1.823531270083e-27 -3.058239191443e-01 3.157153747709e+00
21 8 3.346985934819e-51 -1.191198218720e-27 -2.658121129852e-25 -4.506978836956e-25 -1.410427349559e-01 3.608175711668e+00
21 9 4.290873086905e-46 -1.698147937365e-25 1.243262583584e-22 1.701933685996e-22 2.946022216285e-01 4.059197675626e+00
21 10 1.107553777163e-41 -6.803407317880e-24 -1.455006680416e-20 -3.469717561492e-20 1.840347677269e-01 4.510219639585e+00
21 11 0.000000000000e+00 -4.676579413429e-22 0.000000000000e+00 0.000000000000e+00 -2.768679466947e-01 4.961241603543e+00
21 12 0.000000000000e+00 -1.032866131332e-20 0.000000000000e+00 0.000000000000e+00 -2.329149373655e-01 5.412263567501e+00
21 13 0.000000000000e+00 -4.572231268395e-19 0.000000000000e+00 0.000000000000e+00 2.485596231085e-01 5.863285531460e+00
21 14 0.000000000000e+00 -6.798010568324e-18 0.000000000000e+00 0.000000000000e+00 2.895882657865e-01 6.314307495418e+00
21 15 0.000000000000e+00 -2.303903157395e-16 0.000000000000e+00 0.000000000000e+00 -2.018922696401e-01 6.765329459377e+00
21 16 0.000000000000e+00 -2.561408245722e-15 0.000000000000e+00 0.000000000000e+00 -3.559668219494e-01 7.216351423335e+00
21 17 0.000000000000e+00 -7.538947414295e-14 0.000000000000e+00 0.000000000000e+00 1.200643692023e-01 7.667373387294e+00
21 18 0.000000000000e+00 -6.472552279763e-13 0.000000000000e+00 0.000000000000e+00 4.316889927515e-01 8.118395351252e+00
21 19 0.000000000000e+00 -1.895724475018e-11 0.000000000000e+00 0.000000000000e+00 4.169050912077e-02 8.569417315211e+00
21 20 2.604268289589e-07 -1.118870326265e-10 1.105394434264e-02 3.309700942873e-03 -4.976755411680e-01 9.020439279169e+00
21 21 5.548296908923e-05 -4.811261146555e-09 1.754124590064e-01 2.244452302430e-02 -4.939576444494e-01 9.471461243128e+00
22 1 2.032068157755e-111 -7.393242290460e-67 2.318469340249e-56 -4.538412284590e-56 1.564032769207e-02 4.510219639585e-01
22 2 1.052949239015e-95 -9.353237259894e-54 4.935901605552e-48 -5.428548936170e-48 -3.180690172513e-01 9.020439279169e-01
22 3 4.809132214843e-86 -1.269449873538e-46 7.435313175222e-43 1.908191594717e-44 -4.731843246978e-02 1.353065891875e+00
22 4 4.433295585250e-78 -2.235453190601e-41 2.360061736100e-39 9.224500244745e-39 3.154383715481e-01 1.804087855834e+00
22 5 9.298079123835e-72 -1.102313898218e-37 -1.701700208385e-35 2.743290022695e-36 8.021133591772e-02 2.255109819792e+00
22 6 1.278347284369e-65 -2.298500930626e-34 6.296361632990e-33 -2.342131462890e-32 -3.105841021407e-01 2.706131783751e+00
22 7 1.969034581239e-60 -6.760295342475e-32 6.015692777413e-30 9.334287885888e-30 -1.152064643459e-01 3.157153747709e+00
22 8 4.855857954747e-55 -2.073359280735e-29 -5.619676563933e-27 -2.853126227539e-27 3.026999724128e-01 3.608175711668e+00
22 9 2.182244496631e-50 -1.519595543762e-27 1.457288217847e-24 3.681818358757e-25 1.533165843613e-01 4.059197675626e+00
22 10 2.215148503285e-45 -1.678283527306e-25 -5.018431964823e-22 -1.768568005142e-22 -2.904086096389e-01 4.510219639585e+00
22 11 0.000000000000e+00 -5.519185779524e-24 0.000000000000e+00 0.000000000000e+00 -1.957445384792e-01 4.961241603543e+00
22 12 0.000000000000e+00 -3.328920743860e-22 0.000000000000e+00 0.000000000000e+00 2.713731677464e-01 5.412263567501e+00
22 13 0.000000000000e+00 -6.571894084669e-21 0.000000000000e+00 0.000000000000e+00 2.439460449487e-01 5.863285531460e+00
22 14 0.000000000000e+00 -2.720789712146e-19 0.000000000000e+00 0.000000000000e+00 -2.414730039059e-01 6.314307495418e+00
22 15 0.000000000000e+00 0.000000000000e+00 0.000000000000e+00 0.000000000000e+00 -2.996232652462e-01 6.765329459377e+00
22 16 0.000000000000e+00 -1.240738720065e-16 0.000000000000e+00 0.000000000000e+00 1.928855877506e-01 7.216351423335e+00
22 17 0.000000000000e+00 -1.316648799298e-15 0.000000000000e+00 0.000000000000e+00 3.643296705542e-01 7.667373387294e+00
22 18 0.000000000000e+00 -3.841771349976e-14 0.000000000000e+00 0.000000000000e+00 -1.088890271770e-01 8.118395351252e+00
22 19 0.000000000000e+00 -3.177743505121e-13 0.000000000000e+00 0.000000000000e+00 -4.370153252514e-01 8.569417315211e+00
22 20 0.000000000000e+00 -9.388933512118e-12 0.000000000000e+00 0.000000000000e+00 -5.464093820639e-02 9.020439279169e+00
22 21 0.000000000000e+00 -5.335975855336e-11 0.000000000000e+00 0.000000000000e+00 4.973667247602e-01 9.471461243128e+00
22 22 4.134706373152e-05 -2.373903485360e-09 -1.320216296677e-01 -9.026745272065e-02 5.043654875450e-01 9.922483207086e+00
23 1 6.330920518484e-117 -2.425473117266e-70 3.753328148365e-59 -8.174959570984e-59 -3.186631584091e-01 4.510219639585e-01
23 2 4.101176665160e-101 -5.281138632632e-57 8.750616977766e-51 -1.153690980906e-50 -3.001906552997e-02 9.020439279169e-01
23 3 1.256868116647e-90 -3.562802377590e-49 3.776757368393e-45 -4.405438162274e-46 3.171107128786e-01 1.353065891875e+00
23 4 6.241867968577e-83 -4.717251573955e-44 1.560246677301e-41 3.214079467479e-41 6.073863587628e-02 1.804087855834e+00
23 5 6.049302224191e-76 -7.992286381286e-40 -1.264745266206e-37 5.773812189269e-38 -3.137779227814e-01 2.255109819792e+00
23 6 3.523415650067e-70 -9.998083184639e-37 -1.042895018459e-35 -1.268992712546e-34 -9.289559578382e-02 2.706131783751e+00
23 7 2.198608802005e-64 -8.828883763567e-34 9.893025176694e-32 6.310579168484e-32 3.081676654589e-01 3.157153747709e+00
23 8 2.022778448342e-59 -1.449279871170e-31 -4.060600999652e-29 2.406667736961e-30 1.273035012373e-01 3.608175711668e+00
23 9 3.513888671090e-54 -2.995996651261e-29 1.761714760411e-26 -7.309174147074e-27 -2.994149727685e-01 4.059197675626e+00
23 10 1.224904850389e-49 -1.639358906434e-27 -3.594717612867e-24 1.653447829991e-24 -1.648998037167e-01 4.510219639585e+00
23 11 1.027023111346e-44 -1.481114631015e-25 1.243605995255e-21 -2.043881058359e-22 2.860895383016e-01 4.961241603543e+00
23 12 0.000000000000e+00 -4.145619761965e-24 0.000000000000e+00 0.000000000000e+00 2.067991758886e-01 5.412263567501e+00
23 13 0.000000000000e+00 -2.247838005522e-22 0.000000000000e+00 0.000000000000e+00 -2.658030884821e-01 5.863285531460e+00
23 14 0.000000000000e+00 -4.034082331300e-21 0.000000000000e+00 0.000000000000e+00 -2.543368853182e-01 6.314307495418e+00
23 15 0.000000000000e+00 -1.579857991333e-19 0.000000000000e+00 0.000000000000e+00 2.343868390802e-01 6.765329459377e+00
23 16 0.000000000000e+00 -2.064250114688e-18 0.000000000000e+00 0.000000000000e+00 3.090254790993e-01 7.216351423335e+00
23 17 0.000000000000e+00 -6.610028415071e-17 0.000000000000e+00 0.000000000000e+00 -1.839946947240e-01 7.667373387294e+00
23 18 0.000000000000e+00 -6.723672369685e-16 0.000000000000e+00 0.000000000000e+00 -3.720850310252e-01 8.118395351252e+00
23 19 0.000000000000e+00 -1.949796681884e-14 0.000000000000e+00 0.000000000000e+00 9.800013696947e-02 8.569417315211e+00
23 20 0.000000000000e+00 -1.557533228137e-13 0.000000000000e+00 0.000000000000e+00 4.418393201861e-01 9.020439279169e+00
23 21 0.000000000000e+00 -4.646661443112e-12 0.000000000000e+00 0.000000000000e+00 6.709108265464e-02 9.471461243128e+00
23 22 0.000000000000e+00 -2.547259042092e-11 0.000000000000e+00 0.000000000000e+00 -4.969056809900e-01 9.922483207086e+00
23 23 3.083745305738e-05 -1.171510860331e-09 6.887214139849e-02 1.269125280595e-01 -5.143651123402e-01 1.037350517104e+01
24 1 5.880560862886e-123 -3.216862402713e-74 3.299052784004e-62 -8.017325119302e-62 -1.434803887322e-02 4.510219639585e-01
24 2 4.568609269388e-106 -6.277036208353e-60 2.584288528244e-53 -4.083940635839e-53 3.181076881025e-01 9.020439279169e-01
24 3 9.789108077857e-96 -4.044771275328e-52 1.027916028271e-47 -2.635279179741e-48 4.335061292649e-02 1.353065891875e+00
24 4 2.552263975299e-87 -2.113599585951e-46 1.369273430711e-43 1.828795563417e-43 -3.159109207986e-01 1.804087855834e+00
24 5 1.168187924853e-80 -2.340835726881e-42 -4.742850517155e-40 3.851336007518e-40 -7.328715193818e-02 2.255109819792e+00
24 6 2.887953586249e-74 -9.354536481211e-39 -4.555346932921e-37 -1.058920993783e-36 3.119206486899e-01 2.706131783751e+00
24 7 7.211407816406e-69 -4.636143693066e-36 6.630673015345e-34 1.094564005876e-34 1.048300315180e-01 3.157153747709e+00
24 8 2.585687959083e-63 -2.218111196008e-33 -3.912845166897e-31 2.416746544674e-31 -3.055847235288e-01 3.608175711668e+00
24 9 1.626066051553e-58 -2.352609614876e-31 7.118165793578e-29 -1.084785834169e-28 -1.387311703610e-01 4.059197675626e+00
24 10 2.156765005311e-53 -3.591618396893e-29 -2.172765944453e-26 4.779682305058e-26 2.959910922714e-01 4.510219639585e+00
24 11 6.115422743408e-49 -1.557035705094e-27 5.175316872297e-24 -8.233677055422e-24 1.758623964087e-01 4.961241603543e+00
24 12 0.000000000000e+00 -1.197055163929e-25 0.000000000000e+00 0.000000000000e+00 -2.816654886800e-01 5.412263567501e+00
24 13 0.000000000000e+00 -2.929883965857e-24 0.000000000000e+00 0.000000000000e+00 -2.172584578518e-01 5.863285531460e+00
24 14 0.000000000000e+00 -1.454803684575e-22 0.000000000000e+00 0.000000000000e+00 2.601764256428e-01 6.314307495418e+00
24 15 0.000000000000e+00 -2.404900173550e-21 0.000000000000e+00 0.000000000000e+00 2.641425490267e-01 6.765329459377e+00
24 16 0.000000000000e+00 -8.989982382417e-20 0.000000000000e+00 0.000000000000e+00 -2.273162612269e-01 7.216351423335e+00
24 17 0.000000000000e+00 -1.113150515940e-18 0.000000000000e+00 0.000000000000e+00 -3.178493366008e-01 7.667373387294e+00
24 18 0.000000000000e+00 -3.489648625420e-17 0.000000000000e+00 0.000000000000e+00 1.752271928357e-01 8.118395351252e+00
24 19 0.000000000000e+00 -3.414579780949e-16 0.000000000000e+00 0.000000000000e+00 3.792885422762e-01 8.569417315211e+00
24 20 0.000000000000e+00 -9.861604024918e-15 0.000000000000e+00 0.000000000000e+00 -8.739053944779e-02 9.020439279169e+00
24 21 0.000000000000e+00 -7.623512160544e-14 0.000000000000e+00 0.000000000000e+00 -4.462136006482e-01 9.471461243128e+00
24 22 0.000000000000e+00 -2.298241937506e-12 0.000000000000e+00 0.000000000000e+00 -7.907308298674e-02 9.922483207086e+00
24 23 0.000000000000e+00 -1.217110887773e-11 0.000000000000e+00 0.000000000000e+00 4.963155903975e-01 1.037350517104e+01
24 24 2.301539778569e-05 -5.782037609303e-10 -2.874812189291e-03 -1.301374132685e-01 5.239874261558e-01 1.082452713500e+01
25 1 1.550497715348e-128 -9.041381429306e-78 4.854460839502e-65 -1.321393494413e-64 3.186097136079e-01 4.510219639585e-01
25 2 1.532004826287e-111 -3.008463001162e-63 4.111925600523e-56 -7.836846394826e-56 2.762605473782e-02 9.020439279169e-01
25 3 2.185441945671e-100 -9.787756442869e-55 4.657494663974e-50 -1.856681624108e-50 -3.172968606090e-01 1.353065891875e+00
25 4 3.135766603514e-92 -3.817471811682e-49 5.877091504612e-46 5.439347979233e-46 -5.579772017421e-02 1.804087855834e+00
25 5 6.581716885276e-85 -1.475912674539e-44 -2.769737895654e-42 3.655035888708e-42 3.145082582454e-01 2.255109819792e+00
25 6 7.069341014312e-79 -3.518431575688e-41 -3.729643901054e-39 -4.314823953082e-39 8.508446243197e-02 2.706131783751e+00
25 7 7.076143408078e-73 -5.314626267226e-38 6.501234955894e-36 -1.432026420588e-36 -3.098933817126e-01 3.157153747709e+00
25 8 9.740582756413e-68 -1.356045695520e-35 -1.483895877485e-33 2.401225728835e-33 -1.161056446231e-01 3.608175711668e+00
25 9 2.323612549902e-62 -4.109661922919e-33 3.570015840977e-32 -1.550589776761e-30 3.028566415072e-01 4.059197675626e+00
25 10 1.090263046189e-57 -3.107280292343e-31 8.792522208114e-29 3.627933543348e-28 1.495605570387e-01 4.510219639585e+00
25 11 1.165347003321e-52 -3.734797903623e-29 -2.977807309364e-26 -1.309037881167e-25 -2.924473578811e-01 4.961241603543e+00
25 12 2.775335588086e-48 -1.339284418006e-27 -1.643678556704e-24 2.254109796809e-23 -1.862627319997e-01 5.412263567501e+00
25 13 0.000000000000e+00 -9.023243280784e-26 0.000000000000e+00 0.000000000000e+00 2.771542060870e-01 5.863285531460e+00
25 14 0.000000000000e+00 -1.971598117666e-24 0.000000000000e+00 0.000000000000e+00 2.271735048180e-01 6.314307495418e+00
25 15 0.000000000000e+00 -9.095151375110e-23 0.000000000000e+00 0.000000000000e+00 -2.545092196089e-01 6.765329459377e+00
25 16 0.000000000000e+00 -1.399478371113e-21 0.000000000000e+00 0.000000000000e+00 -2.734110776450e-01 7.216351423335e+00
25 17 0.000000000000e+00 0.000000000000e+00 0.000000000000e+00 0.000000000000e+00 2.202738253307e-01 7.667373387294e+00
25 18 0.000000000000e+00 -5.934829311807e-19 0.000000000000e+00 0.000000000000e+00 3.261428055885e-01 8.118395351252e+00
25 19 0.000000000000e+00 -1.828159171102e-17 0.000000000000e+00 0.000000000000e+00 -1.665886030913e-01 8.569417315211e+00
25 20 0.000000000000e+00 -1.725933586679e-16 0.000000000000e+00 0.000000000000e+00 -3.859892392668e-01 9.020439279169e+00
25 21 0.000000000000e+00 -4.973022443851e-15 0.000000000000e+00 0.000000000000e+00 7.705245319738e-02 9.471461243128e+00
25 22 0.000000000000e+00 -3.727113324433e-14 0.000000000000e+00 0.000000000000e+00 4.501840126334e-01 9.922483207086e+00
25 23 0.000000000000e+00 -1.136102764400e-12 0.000000000000e+00 0.000000000000e+00 9.061639245479e-02 1.037350517104e+01
25 24 0.000000000000e+00 -5.820492649172e-12 0.000000000000e+00 0.000000000000e+00 -4.956160069591e-01 1.082452713500e+01
25 25 1.718803879829e-05 -2.853940464027e-10 -5.140329024323e-02 1.052998165020e-01 -5.332600523636e-01 1.127554909896e+01
26 1 1.241519697348e-134 -1.021631912864e-81 3.906411628854e-68 -1.197590861453e-67 1.325395706074e-02 4.510219639585e-01
26 2 1.458977656320e-116 -3.088507119335e-66 1.078026767005e-58 -2.509365375150e-58 -3.181376892903e-01 9.020439279169e-01
26 3 1.480946556149e-105 -9.524638121377e-58 1.144182012310e-52 -6.280178352388e-53 -4.000324923998e-02 1.353065891875e+00
26 4 1.107930745427e-96 -1.487681348205e-51 3.996905740346e-48 2.584962005999e-48 3.162745001973e-01 1.804087855834e+00
26 5 1.121741951612e-89 -3.736868798156e-47 -7.720331061477e-45 1.728669093283e-44 6.748635451656e-02 2.255109819792e+00
26 6 5.074185101783e-83 -2.886832587752e-43 -4.073911440312e-41 -2.598257716025e-41 -3.129317401503e-01 2.706131783751e+00
26 7 2.083133986764e-77 -2.436339098948e-40 3.028357983853e-38 -1.968599314702e-38 -9.622558830225e-02 3.157153747709e+00
26 8 1.104316453651e-71 -1.835717435378e-37 -3.501513367725e-36 2.985086704198e-35 3.077176417733e-01 3.608175711668e+00
26 9 9.800821821636e-67 -2.847950365758e-35 -4.836182763836e-33 -8.836167508054e-33 1.267957712905e-01 4.059197675626e+00
26 10 1.712039984855e-61 -6.072277644079e-33 3.541856958450e-30 3.055708957925e-30 -3.000014808189e-01 4.510219639585e+00
26 11 6.358014378106e-57 -3.506555048613e-31 -8.096921695565e-28 -5.724419070157e-28 -1.598503399058e-01 4.961241603543e+00
26 12 5.683196193633e-52 -3.476050756188e-29 2.281902304547e-25 2.291918581292e-25 2.888002837001e-01 5.412263567501e+00
26 13 0.000000000000e+00 -1.064818447696e-27 0.000000000000e+00 0.000000000000e+00 1.961501976729e-01 5.863285531460e+00
26 14 0.000000000000e+00 -6.429852867530e-26 0.000000000000e+00 0.000000000000e+00 -2.725711375690e-01 6.314307495418e+00
26 15 0.000000000000e+00 -1.274654408452e-24 0.000000000000e+00 0.000000000000e+00 -2.365885450471e-01 6.765329459377e+00
26 16 0.000000000000e+00 -5.525693008302e-23 0.000000000000e+00 0.000000000000e+00 2.488152421698e-01 7.216351423335e+00
26 17 0.000000000000e+00 -7.981491349395e-22 0.000000000000e+00 0.000000000000e+00 2.821847234954e-01 7.667373387294e+00
26 18 0.000000000000e+00 -2.774873687617e-20 0.000000000000e+00 0.000000000000e+00 -2.132699319516e-01 8.118395351252e+00
26 19 0.000000000000e+00 -3.133826743537e-19 0.000000000000e+00 0.000000000000e+00 -3.339484164949e-01 8.569417315211e+00
26 20 0.000000000000e+00 -9.514468578540e-18 0.000000000000e+00 0.000000000000e+00 1.580827685768e-01 9.020439279169e+00
26 21 0.000000000000e+00 -8.688844598332e-17 0.000000000000e+00 0.000000000000e+00 3.922305414984e-01 9.471461243128e+00
26 22 0.000000000000e+00 -2.501403399560e-15 0.000000000000e+00 0.000000000000e+00 -6.697771839222e-02 9.922483207086e+00
26 23 0.000000000000e+00 -1.820421370505e-14 0.000000000000e+00 0.000000000000e+00 -4.537906775134e-01 1.037350517104e+01
26 24 0.000000000000e+00 -5.613540868963e-13 0.000000000000e+00 0.000000000000e+00 -1.017480366400e-01 1.082452713500e+01
26 25 0.000000000000e+00 -2.785726755206e-12 0.000000000000e+00 0.000000000000e+00 4.948234978185e-01 1.127554909896e+01
26 26 1.284317490589e-05 0.000000000000e+00 8.452747758257e-02 -6.286348962450e-02 5.422077699476e-01 1.172657106292e+01
27 1 2.805754027806e-140 -2.486995724044e-85 5.233593154196e-71 -1.819949250109e-70 -3.185675507651e-01 4.510219639585e-01
27 2 4.254063296157e-122 -1.271852753450e-69 1.517678047504e-61 -4.409722014996e-61 -2.558871670272e-02 9.020439279169e-01
27 3 2.855256612244e-110 -2.006625234436e-60 4.666822742995e-55 -3.326452259931e-55 3.174425093979e-01 1.353065891875e+00
27 4 1.196535652096e-101 -2.324393024125e-54 1.435138661985e-50 6.223369379365e-51 5.161078808509e-02 1.804087855834e+00
27 5 5.519436949110e-94 -2.065743633026e-49 -2.671845463818e-47 1.300866178805e-46 -3.150728497870e-01 2.255109819792e+00
27 6 1.107642628427e-87 -9.471937127346e-46 -2.162117233618e-43 -6.494707688180e-44 -7.851574809804e-02 2.706131783751e+00
27 7 1.807665401736e-81 -2.467725627633e-42 2.046418469977e-40 -2.670822167251e-40 3.112039809023e-01 3.157153747709e+00
27 8 3.767971956919e-76 -9.882630465281e-40 5.123449752721e-38 1.679201397991e-37 1.067867674382e-01 3.608175711668e+00
27 9 1.251453043516e-70 -4.430465962059e-37 -9.541006979527e-35 -6.207281742422e-35 -3.054112040778e-01 4.059197675626e+00
27 10 7.936294168281e-66 -4.673948041940e-35 3.158746042743e-32 4.073626601715e-33 -1.369604883384e-01 4.510219639585e+00
27 11 1.083553130755e-60 -7.547117743109e-33 -1.291424683977e-29 8.932235753088e-31 2.970347800444e-01 4.961241603543e+00
27 12 3.317682980130e-56 -3.499655772391e-31 2.470928350630e-27 -2.712285251923e-29 1.696496873251e-01 5.412263567501e+00
27 13 2.544973844763e-51 -2.962218228885e-29 -7.059670475299e-25 -2.265728701244e-25 -2.850643202575e-01 5.863285531460e+00
27 14 0.000000000000e+00 -7.945011406682e-28 0.000000000000e+00 0.000000000000e+00 -2.055671175869e-01 6.314307495418e+00
27 15 0.000000000000e+00 -4.375921857769e-26 0.000000000000e+00 0.000000000000e+00 2.679297765004e-01 6.765329459377e+00
27 16 0.000000000000e+00 -7.972131178297e-25 0.000000000000e+00 0.000000000000e+00 2.455422288730e-01 7.216351423335e+00
27 17 0.000000000000e+00 -3.277714663907e-23 0.000000000000e+00 0.000000000000e+00 -2.431063325525e-01 7.667373387294e+00
27 18 0.000000000000e+00 -4.475393494516e-22 0.000000000000e+00 0.000000000000e+00 -2.905009202907e-01 8.118395351252e+00
27 19 0.000000000000e+00 -1.512265280103e-20 0.000000000000e+00 0.000000000000e+00 2.063131750721e-01 8.569417315211e+00
27 20 0.000000000000e+00 -1.641196821802e-19 0.000000000000e+00 0.000000000000e+00 3.413040793883e-01 9.020439279169e+00
27 21 0.000000000000e+00 -4.923674000234e-18 0.000000000000e+00 0.000000000000e+00 -1.497121783325e-01 9.471461243128e+00
27 22 0.000000000000e+00 -4.359070904070e-17 0.000000000000e+00 0.000000000000e+00 -3.980510600973e-01 9.922483207086e+00
27 23 0.000000000000e+00 -1.255402841775e-15 0.000000000000e+00 0.000000000000e+00 5.715797915625e-02 1.037350517104e+01
27 24 0.000000000000e+00 -8.884235212643e-15 0.000000000000e+00 0.000000000000e+00 4.570688521100e-01 1.082452713500e+01
27 25 0.000000000000e+00 -2.772545038037e-13 0.000000000000e+00 0.000000000000e+00 1.124928474412e-01 1.127554909896e+01
27 26 0.000000000000e+00 -1.334274305728e-12 0.000000000000e+00 0.000000000000e+00 -4.939521555831e-01 1.172657106292e+01
27 27 9.601233518155e-06 -6.953370556102e-11 -9.335453479085e-02 1.519703198153e-02 -5.508528828502e-01 1.217759302688e+01
28 1 1.956258710189e-146 -2.422512192931e-89 3.851287585916e-74 -1.533632966113e-73 -1.231555802010e-02 4.510219639585e-01
28 2 3.502102211517e-127 -1.138760756203e-72 3.441952718992e-64 -1.293053478603e-63 3.181614433963e-01 9.020439279169e-01
28 3 1.697419671915e-115 -1.691705521897e-63 1.039656448285e-57 -9.336413560946e-58 3.714018995510e-02 1.353065891875e+00
28 4 3.686629096531e-106 -7.945587428111e-57 8.409707290343e-53 2.160722598481e-53 -3.165604919661e-01 1.804087855834e+00
28 5 8.349346711955e-99 -4.563153747458e-52 2.631985430026e-51 5.165094124412e-49 -6.255204237598e-02 2.255109819792e+00
28 6 7.010796099454e-92 -6.863760669118e-48 -1.795304279212e-45 -5.233912769476e-47 3.137164590334e-01 2.706131783751e+00
28 7 4.789999470033e-86 -9.950586116515e-45 5.613505125217e-43 -1.638531580757e-42 8.896534035447e-02 3.157153747709e+00
28 8 3.810037017842e-80 -1.190127464451e-41 1.120018369803e-39 1.364618236799e-39 -3.093431807998e-01 3.608175711668e+00
28 9 4.818047432041e-75 -2.724978063397e-39 -7.019581406996e-37 -7.784853370573e-38 -1.168301301544e-01 4.059197675626e+00
28 10 1.120098556985e-69 -8.183857046604e-37 3.452612720827e-34 -1.547833477360e-34 3.029890980970e-01 4.510219639585e+00
28 11 5.444551484199e-65 -6.350848122887e-35 -6.945064883304e-32 5.997344140205e-32 1.466497425240e-01 4.961241603543e+00
28 12 6.080874012882e-60 -8.193294441825e-33 2.428593294759e-29 -2.300833063633e-29 -2.939700819585e-01 5.412263567501e+00
28 13 1.579909732363e-55 -3.167308998073e-31 -4.967265819749e-27 3.074567502698e-27 -1.790003499163e-01 5.863285531460e+00
28 14 0.000000000000e+00 -2.350693028288e-29 0.000000000000e+00 0.000000000000e+00 2.812521881850e-01 6.314307495418e+00
28 15 0.000000000000e+00 -5.627599167845e-28 0.000000000000e+00 0.000000000000e+00 2.145501697705e-01 6.765329459377e+00
28 16 0.000000000000e+00 -2.866764056366e-26 0.000000000000e+00 0.000000000000e+00 -2.632419410402e-01 7.216351423335e+00
28 17 0.000000000000e+00 -4.849685560794e-25 0.000000000000e+00 0.000000000000e+00 -2.540686258921e-01 7.667373387294e+00
28 18 0.000000000000e+00 -1.905368033751e-23 0.000000000000e+00 0.000000000000e+00 2.373926768788e-01 8.118395351252e+00
28 19 0.000000000000e+00 0.000000000000e+00 0.000000000000e+00 0.000000000000e+00 2.983930439138e-01 8.569417315211e+00
28 20 0.000000000000e+00 -8.156866786387e-21 0.000000000000e+00 0.000000000000e+00 -1.994106294237e-01 9.020439279169e+00
28 21 0.000000000000e+00 -8.534177719008e-20 0.000000000000e+00 0.000000000000e+00 -3.482437447878e-01 9.471461243128e+00
28 22 0.000000000000e+00 -2.535450564300e-18 0.000000000000e+00 0.000000000000e+00 1.414782285418e-01 9.922483207086e+00
28 23 0.000000000000e+00 -2.180325341139e-17 0.000000000000e+00 0.000000000000e+00 4.034852631969e-01 1.037350517104e+01
28 24 0.000000000000e+00 -6.288399512377e-16 0.000000000000e+00 0.000000000000e+00 -4.758481948203e-02 1.082452713500e+01
28 25 0.000000000000e+00 -4.332845728421e-15 0.000000000000e+00 0.000000000000e+00 -4.600496369189e-01 1.127554909896e+01
28 26 0.000000000000e+00 -1.368872777645e-13 0.000000000000e+00 0.000000000000e+00 -1.228736733224e-01 1.172657106292e+01
28 27 0.000000000000e+00 -6.395274968490e-13 0.000000000000e+00 0.000000000000e+00 4.930140115410e-01 1.217759302688e+01
28 28 7.180721607371e-06 -3.432082608256e-11 8.058619239006e-02 2.648281601439e-02 5.592155320720e-01 1.262861499084e+01
29 1 3.830997090514e-152 -5.156440653171e-93 4.684421159306e-77 -2.162655039977e-76 3.185337016581e-01 4.510219639585e-01
29 2 8.957074157345e-133 -4.071727254122e-76 4.073527135345e-67 -2.100806561017e-66 2.383283439008e-02 9.020439279169e-01
29 3 2.853387837039e-120 -3.129685652866e-66 3.825415488680e-60 -4.264882019604e-60 -3.175586749653e-01 1.353065891875e+00
29 4 3.523578666130e-111 -1.084002229611e-59 2.670858328375e-55 2.688234900482e-56 -4.801564921280e-02 1.804087855834e+00
29 5 3.615394644211e-103 -2.228105031090e-54 6.873808047412e-52 3.328644541228e-51 3.155188340989e-01 2.255109819792e+00
29 6 1.370613274686e-96 -1.980287777510e-50 -7.747068591220e-48 1.746009964713e-48 7.290971678405e-02 2.706131783751e+00
29 7 3.697370952279e-90 -8.960705379288e-47 3.326531003924e-46 -1.521347354904e-44 -3.122246203958e-01 3.157153747709e+00
29 8 1.179882322442e-84 -5.678442915422e-44 8.565646171701e-42 4.810873829278e-42 -9.889966992616e-02 3.608175711668e+00
29 9 5.526724239180e-79 -3.794209220638e-41 -7.152692404437e-39 2.460972269575e-39 3.073643915496e-01 4.059197675626e+00
29 10 4.769642717980e-74 -5.630945963726e-39 1.453688512930e-36 -1.995749558481e-36 1.264070349022e-01 4.510219639585e+00
29 11 8.375229910690e-69 -1.231401674381e-36 -2.841986846421e-34 1.102040072457e-33 -3.004642652311e-01 4.961241603543e+00
29 12 3.277985960189e-64 -7.442930792528e-35 2.689635691193e-32 -2.441478747162e-31 -1.559056143481e-01 5.412263567501e+00
29 13 3.093915491226e-59 -7.985277942680e-33 -1.676885939301e-29 8.001118104733e-29 2.908193040939e-01 5.863285531460e+00
29 14 6.962696846429e-55 -2.648335075733e-31 6.895522404503e-27 -1.126396033779e-26 1.879382000930e-01 6.314307495418e+00
29 15 0.000000000000e+00 -1.759511917678e-29 0.000000000000e+00 0.000000000000e+00 -2.773751355041e-01 6.765329459377e+00
29 16 0.000000000000e+00 -3.817833118851e-28 0.000000000000e+00 0.000000000000e+00 -2.231314510432e-01 7.216351423335e+00
29 17 0.000000000000e+00 -1.819077728037e-26 0.000000000000e+00 0.000000000000e+00 2.585180034230e-01 7.667373387294e+00
29 18 0.000000000000e+00 -2.881874505930e-25 0.000000000000e+00 0.000000000000e+00 2.621979947022e-01 8.118395351252e+00
29 19 0.000000000000e+00 -1.088601260357e-23 0.000000000000e+00 0.000000000000e+00 -2.316830422350e-01 8.569417315211e+00
29 20 0.000000000000e+00 0.000000000000e+00 0.000000000000e+00 0.000000000000e+00 -3.058910178893e-01 9.020439279169e+00
29 21 0.000000000000e+00 -4.360430102901e-21 0.000000000000e+00 0.000000000000e+00 1.925680888817e-01 9.471461243128e+00
29 22 0.000000000000e+00 -4.410503564259e-20 0.000000000000e+00 0.000000000000e+00 3.547979445636e-01 9.922483207086e+00
29 23 0.000000000000e+00 -1.300032668761e-18 0.000000000000e+00 0.000000000000e+00 -1.333814339955e-01 1.037350517104e+01
29 24 0.000000000000e+00 -1.087709116186e-17 0.000000000000e+00 0.000000000000e+00 -4.085640292345e-01 1.082452713500e+01
29 25 0.000000000000e+00 -3.144539978142e-16 0.000000000000e+00 0.000000000000e+00 3.824986393656e-02 1.127554909896e+01
29 26 0.000000000000e+00 -2.111918260360e-15 0.000000000000e+00 0.000000000000e+00 4.627605633528e-01 1.172657106292e+01
29 27 0.000000000000e+00 -6.756281630992e-14 0.000000000000e+00 0.000000000000e+00 1.329115678708e-01 1.217759302688e+01
29 28 0.000000000000e+00 -3.067340416413e-13 0.000000000000e+00 0.000000000000e+00 -4.920193711853e-01 1.262861499084e+01
29 29 5.372427869739e-06 0.000000000000e+00 -5.310196645420e-02 -5.436033697121e-02 -5.673139607791e-01 1.307963695480e+01
30 1 2.346418942290e-158 -4.374090262654e-97 3.129702311468e-80 -1.703255595803e-79 1.150170881253e-02 4.510219639585e-01
30 2 6.436167134094e-138 -3.206816760214e-79 7.176959906980e-70 -5.691218027842e-69 -3.181805790407e-01 9.020439279169e-01
30 3 1.499313228670e-125 -2.307284809527e-69 7.708213322453e-63 -1.063259544497e-62 -3.466266753986e-02 1.353065891875e+00
30 4 9.544946070021e-116 -3.275114269302e-62 1.395722485843e-57 -6.252085252756e-59 3.167896686114e-01 1.804087855834e+00
30 5 4.880770483851e-108 -4.329345587816e-57 4.793792499776e-54 1.153152693299e-53 5.830097216967e-02 2.255109819792e+00
30 6 7.699255657604e-101 -1.275658506773e-52 -5.329410555187e-50 2.650233969958e-50 -3.143385085310e-01 2.706131783751e+00
30 7 8.847224506701e-95 -3.200208903620e-49 -2.002823138067e-47 -7.169201702880e-47 -8.275090516501e-02 3.157153747709e+00
30 8 1.069459624803e-88 -6.116507506080e-46 9.237033768623e-44 1.469486928943e-44 3.106129312762e-01 3.608175711668e+00
30 9 1.945218649795e-83 -2.082593751967e-43 -3.279313768475e-41 3.063441583193e-41 1.083718835392e-01 4.059197675626e+00
30 10 6.083667671615e-78 -8.873352684950e-41 3.806214951426e-39 -2.762399220036e-38 -3.052803438279e-01 4.510219639585e+00
30 11 3.885446486573e-73 -9.323409236124e-39 2.445056063253e-36 7.356059477772e-36 -1.355604893607e-01 4.961241603543e+00
30 12 5.438151861806e-68 -1.577490341119e-36 -1.660759044271e-33 -2.692738794959e-33 2.978480062321e-01 5.412263567501e+00
30 13 1.775542815656e-63 -7.751212351594e-35 3.264506153106e-31 5.262646584653e-31 1.647639836885e-01 5.863285531460e+00
30 14 1.449986029117e-58 -7.131053487658e-33 -6.042701300092e-29 -1.807559112552e-28 -2.875930096179e-01 6.314307495418e+00
30 15 0.000000000000e+00 -2.075052175893e-31 0.000000000000e+00 0.000000000000e+00 -1.964943839066e-01 6.765329459377e+00
30 16 0.000000000000e+00 -1.254620314786e-29 0.000000000000e+00 0.000000000000e+00 2.734431421656e-01 7.216351423335e+00
30 17 0.000000000000e+00 -2.498049003361e-28 0.000000000000e+00 0.000000000000e+00 2.313392907113e-01 7.667373387294e+00
30 18 0.000000000000e+00 -1.123518308281e-26 0.000000000000e+00 0.000000000000e+00 -2.537670814187e-01 8.118395351252e+00
30 19 0.000000000000e+00 -1.678643381373e-25 0.000000000000e+00 0.000000000000e+00 -2.699573864422e-01 8.569417315211e+00
30 20 0.000000000000e+00 0.000000000000e+00 0.000000000000e+00 0.000000000000e+00 2.259849738581e-01 9.020439279169e+00
30 21 0.000000000000e+00 0.000000000000e+00 0.000000000000e+00 0.000000000000e+00 3.130218018922e-01 9.471461243128e+00
30 22 0.000000000000e+00 -2.312882462654e-21 0.000000000000e+00 0.000000000000e+00 -1.857902650717e-01 9.922483207086e+00
30 23 0.000000000000e+00 -2.267158767093e-20 0.000000000000e+00 0.000000000000e+00 -3.609942393986e-01 1.037350517104e+01
30 24 0.000000000000e+00 -6.640717991327e-19 0.000000000000e+00 0.000000000000e+00 1.254215999011e-01 1.082452713500e+01
30 25 0.000000000000e+00 -5.413899799681e-18 0.000000000000e+00 0.000000000000e+00 4.133151105929e-01 1.127554909896e+01
30 26 0.000000000000e+00 -1.570073824477e-16 0.000000000000e+00 0.000000000000e+00 -2.914485157900e-02 1.172657106292e+01
30 27 0.000000000000e+00 -1.028900683360e-15 0.000000000000e+00 0.000000000000e+00 -4.652260837711e-01 1.217759302688e+01
30 28 0.000000000000e+00 0.000000000000e+00 0.000000000000e+00 0.000000000000e+00 -1.426259587329e-01 1.262861499084e+01
30 29 0.000000000000e+00 0.000000000000e+00 0.000000000000e+00 0.000000000000e+00 4.909770883448e-01 1.307963695480e+01
30 30 0.000000000000e+00 0.000000000000e+00 0.000000000000e+00 0.000000000000e+00 5.751647405911e-01 1.353065891875e+01
