2 1 1.324703559200e-12 -8.817668989406e-06 -9.996562094199e-07 1.027974141924e-06 2.770698752406e-01 4.970119717036e-01
2 2 1.539240860782e-03 -4.481538883173e-04 -9.385075119570e-02 2.735186606726e-02 9.294875203968e-02 9.940239434072e-01
3 1 4.982511594135e-20 -3.583628862508e-08 6.658017520394e-11 2.699991688624e-10 -3.419771796617e-01 4.970119717036e-01
3 2 2.049493919596e-11 -7.443123412494e-06 1.127732693901e-05 -2.467420843092e-07 -3.417171664541e-01 9.940239434072e-01
3 3 1.480865689679e-03 -2.773059621303e-04 -6.124014960033e-02 1.301361472957e-01 -1.373034148494e-01 1.491035915111e+00
4 1 8.989695409909e-28 -1.302227335318e-10 2.688530277863e-14 2.593166838130e-14 -8.728165394532e-02 4.970119717036e-01
4 2 2.586661536443e-19 -8.062547497931e-08 -6.578006828910e-10 -1.083133668168e-09 3.135277312416e-01 9.940239434072e-01
4 3 5.888848404353e-10 -4.529979715496e-06 2.592859726277e-05 -8.691182418643e-05 3.818252700378e-01 1.491035915111e+00
4 4 1.149536160907e-03 -1.433434790381e-04 1.573407683185e-02 1.682235331314e-01 1.731817768274e-01 1.988047886814e+00
5 1 1.292739950802e-34 -4.547352950387e-13 1.276671807088e-17 6.136305518198e-18 3.265392308984e-01 4.970119717036e-01
5 2 4.184834868892e-27 -6.447252029546e-10 -1.609257704462e-13 9.146501617227e-15 1.438410951748e-01 9.940239434072e-01
5 3 2.381696277109e-18 -7.743062034076e-08 5.263629962299e-10 5.743879310338e-09 -2.874667847423e-01 1.491035915111e+00
5 4 1.121173971072e-08 -2.520064756720e-06 7.661678523178e-05 -5.220668516482e-04 -4.102548454329e-01 1.988047886814e+00
5 5 8.568547770585e-04 -7.260033823813e-05 7.804071531688e-02 1.647946751395e-01 -2.042495396122e-01 2.485059858518e+00
6 1 3.351192063120e-42 -9.974247435928e-16 2.236119541688e-21 4.484207630439e-22 5.414755897965e-02 4.970119717036e-01
6 2 7.228134003807e-34 -6.014855040485e-12 -5.008781917386e-17 4.448215086573e-17 -3.177775507287e-01 9.940239434072e-01
6 3 1.994479679853e-26 -8.716264146281e-10 5.182860369207e-13 -9.991257925890e-14 -1.869994065935e-01 1.491035915111e+00
6 4 4.325481135913e-17 -5.707462014328e-08 2.768793473281e-08 -1.753669843587e-08 2.625503443772e-01 1.988047886814e+00
6 5 5.400385838252e-08 -1.355095241813e-06 6.639017188130e-04 -1.286347404715e-03 4.315823454316e-01 2.485059858518e+00
6 6 6.359091911352e-04 -3.708461038797e-05 1.177762880818e-01 1.471735439776e-01 2.319458453524e-01 2.982071830222e+00
7 1 3.421809066900e-49 -2.507831082437e-18 7.287437914929e-25 4.896463939577e-27 -3.225424843264e-01 4.970119717036e-01
7 2 3.206486560983e-41 -3.383838918728e-14 -4.595820301408e-21 1.333968281426e-20 -9.504408067821e-02 9.940239434072e-01
7 3 2.389388396769e-33 -1.299528497878e-11 5.871554899390e-17 -1.730004068653e-16 3.080065046888e-01 1.491035915111e+00
7 4 1.600476590716e-25 -7.783286488585e-10 -1.954783016569e-12 -3.915696680603e-13 2.220666336048e-01 1.988047886814e+00
7 5 0.000000000000e+00 -3.742785129174e-08 0.000000000000e+00 0.000000000000e+00 -2.386239096518e-01 2.485059858518e+00
7 6 1.140696189215e-07 -7.180991805169e-07 1.801806410473e-03 -1.768364242892e-03 -4.480879464705e-01 2.982071830222e+00
7 7 4.740504347443e-04 -1.919040191618e-05 1.400185922333e-01 1.282466189162e-01 -2.570405657289e-01 3.479083801925e+00
8 1 7.182648382969e-57 -3.350648748399e-21 1.043006216823e-28 -1.641376005481e-29 -3.978577728673e-02 4.970119717036e-01
8 2 6.269434989129e-48 -2.464579952124e-16 4.186746046314e-25 6.224734723283e-24 3.182291724876e-01 9.940239434072e-01
8 3 9.757570157275e-41 -1.123429004977e-13 -1.662520151493e-20 -3.296374756709e-20 1.285901900745e-01 1.491035915111e+00
8 4 1.105682902410e-32 -1.544713195463e-11 -1.479230062269e-16 5.026885495707e-16 -2.974054346659e-01 1.988047886814e+00
8 5 0.000000000000e+00 -5.761193064259e-10 0.000000000000e+00 0.000000000000e+00 -2.514959687932e-01 2.485059858518e+00
8 6 0.000000000000e+00 -2.307833167509e-08 0.000000000000e+00 0.000000000000e+00 2.156772154316e-01 2.982071830222e+00
8 7 1.659030670707e-07 -3.780787394489e-07 3.090323428543e-03 -1.751323038828e-03 4.611111664350e-01 3.479083801925e+00
8 8 3.556139654025e-04 -1.004996844676e-05 1.504835722460e-01 1.126006028993e-01 2.800208130614e-01 3.976095773629e+00
9 1 4.941902101566e-64 -5.981120738473e-24 2.651407309281e-32 -8.001607764565e-33 3.208988747766e-01 4.970119717036e-01
9 2 2.977200780792e-55 -9.390517378278e-19 5.336826643659e-28 1.250408756158e-27 7.194869851264e-02 9.940239434072e-01
9 3 1.992935883221e-47 -1.378493823941e-15 -1.478330870511e-23 -7.735701320929e-24 -3.130295182318e-01 1.491035915111e+00
9 4 3.297982111875e-40 -1.709349844536e-13 6.577696800924e-20 6.215586647137e-20 -1.572692802924e-01 1.988047886814e+00
9 5 8.038917926392e-32 -1.393513897965e-11 1.059118516323e-15 -1.413338271234e-15 2.862113860540e-01 2.485059858518e+00
9 6 0.000000000000e+00 -3.854130995629e-10 0.000000000000e+00 0.000000000000e+00 2.766878534932e-01 2.982071830222e+00
9 7 0.000000000000e+00 -1.372568861698e-08 0.000000000000e+00 0.000000000000e+00 -1.937047956460e-01 3.479083801925e+00
9 8 1.984512114432e-07 -1.985261804446e-07 4.245632415398e-03 -1.298983898591e-03 -4.715179981872e-01 3.976095773629e+00
9 9 2.684018004019e-04 -5.315379133929e-06 1.532842170698e-01 1.012273367543e-01 -3.012280521761e-01 4.473107745332e+00
10 1 7.901945792317e-72 -5.281368012405e-27 3.205541163103e-36 -1.410298835445e-36 3.160051155546e-02 4.970119717036e-01
10 2 4.889256659148e-62 -5.162050671174e-21 3.497228676990e-31 4.257161516900e-31 -3.183179373666e-01 9.940239434072e-01
10 3 1.142519833274e-54 -8.706300897965e-18 -3.992040723495e-27 1.520884440083e-28 -9.932351078758e-02 1.491035915111e+00
10 4 5.588414310742e-47 -2.887505386801e-15 3.705538566343e-23 -3.831874376333e-24 3.071113454622e-01 1.988047886814e+00
10 5 1.565511784972e-39 -1.808217266666e-13 -1.755790170194e-19 -1.729650901590e-19 1.823771679503e-01 2.485059858518e+00
10 6 0.000000000000e+00 -1.080740827490e-11 0.000000000000e+00 0.000000000000e+00 -2.746304798164e-01 2.982071830222e+00
10 7 0.000000000000e+00 -2.426344589030e-10 0.000000000000e+00 0.000000000000e+00 -2.985467791155e-01 3.479083801925e+00
10 8 0.000000000000e+00 -7.979465538080e-09 0.000000000000e+00 0.000000000000e+00 1.726866600131e-01 3.976095773629e+00
10 9 2.114249674207e-07 -1.041654571043e-07 5.126641181188e-03 -5.454750896589e-04 4.799039431130e-01 4.473107745332e+00
10 10 2.036805563690e-04 -2.833512292992e-06 1.510740364504e-01 9.375205840196e-02 3.209178789493e-01 4.970119717036e+00
11 1 3.818574057588e-79 -6.926407253496e-30 6.675530971352e-40 -3.834649612436e-40 -3.200596690026e-01 4.970119717036e-01
11 2 2.053597652535e-69 -1.390118397039e-23 9.105944756467e-35 6.676490634854e-35 -5.818641923982e-02 9.940239434072e-01
11 3 2.421036257071e-61 -8.451034127667e-20 -1.632334662488e-30 8.469693926886e-31 3.150538809343e-01 1.491035915111e+00
11 4 3.013506177249e-54 -2.465741491744e-17 5.912858470198e-27 -6.314527332116e-27 1.233374330958e-01 1.988047886814e+00
11 5 1.963837603697e-46 -3.804611954903e-15 -8.231900003435e-23 2.904574906799e-23 -3.006166491785e-01 2.485059858518e+00
11 6 1.086799232205e-38 -1.565618188773e-13 3.392057667077e-19 7.015600248187e-19 -2.046945706808e-01 2.982071830222e+00
11 7 0.000000000000e+00 -7.643824324747e-12 0.000000000000e+00 0.000000000000e+00 2.628246417698e-01 3.479083801925e+00
11 8 0.000000000000e+00 -1.468670150779e-10 0.000000000000e+00 0.000000000000e+00 3.177042896833e-01 3.976095773629e+00
11 9 0.000000000000e+00 -4.569140498203e-09 0.000000000000e+00 0.000000000000e+00 -1.525901922300e-01 4.473107745332e+00
11 10 2.090421956491e-07 -5.466834679775e-08 5.683532961653e-03 3.774046959860e-04 -4.866964396103e-01 4.970119717036e+00
11 11 1.552915298398e-04 -1.519891532683e-06 1.455206075862e-01 8.937408529264e-02 -3.392901307995e-01 5.467131688739e+00
12 1 4.690876790314e-87 -4.317628848726e-33 6.952396477955e-44 -4.946741779113e-44 -2.626580547242e-02 4.970119717036e-01
12 2 2.685308624638e-76 -5.857946016842e-26 3.741764704062e-38 1.634145542085e-38 3.183376055630e-01 9.940239434072e-01
12 3 1.431399716399e-68 -3.980252605330e-22 -2.900206799207e-34 3.403468495041e-34 8.136352981071e-02 1.491035915111e+00
12 4 6.444267789297e-61 -3.411656477295e-19 5.862228306761e-31 -3.957215405705e-30 -3.112372241717e-01 1.988047886814e+00
12 5 8.760772929019e-54 -3.968861569458e-17 -5.607433630618e-27 1.756393411297e-26 -1.448085260737e-01 2.485059858518e+00
12 6 9.465902189344e-46 -3.873926764161e-15 2.213018697618e-22 -6.257820974576e-23 2.936678200344e-01 2.982071830222e+00
12 7 0.000000000000e+00 -1.199221219828e-13 0.000000000000e+00 0.000000000000e+00 2.247410612544e-01 3.479083801925e+00
12 8 0.000000000000e+00 -5.089274682189e-12 0.000000000000e+00 0.000000000000e+00 -2.509166621665e-01 3.976095773629e+00
12 9 0.000000000000e+00 -8.655126267194e-11 0.000000000000e+00 0.000000000000e+00 -3.346251042670e-01 4.473107745332e+00
12 10 0.000000000000e+00 -2.589031107674e-09 0.000000000000e+00 0.000000000000e+00 1.333748033672e-01 4.970119717036e+00
12 11 1.963891909482e-07 -2.871342982067e-08 5.918819052548e-03 1.360057238760e-03 4.922121353107e-01 5.467131688739e+00
12 12 1.188735259078e-04 -8.192547417145e-07 1.376848515282e-01 8.724118861654e-02 3.565058145660e-01 5.964143660443e+00
13 1 1.664256154402e-94 -4.311164342704e-36 1.222820306740e-47 -1.042960217477e-47 3.195724864049e-01 4.970119717036e-01
13 2 9.495016457633e-84 -1.164790780226e-28 7.505675454564e-42 1.616435617010e-42 4.896162618337e-02 9.940239434072e-01
13 3 2.741698973147e-75 -3.069961176364e-24 -6.981615438437e-38 1.828214506092e-37 -3.160838067700e-01 1.491035915111e+00
13 4 4.155294841343e-68 -2.265628191697e-21 -3.788228222670e-34 -9.425433698315e-34 -1.020403850354e-01 1.988047886814e+00
13 5 1.664381334028e-60 -7.019360827727e-19 3.643311911593e-30 7.162927018621e-30 3.069612081012e-01 2.485059858518e+00
13 6 3.240440039720e-53 -4.656853331795e-17 6.406789824086e-27 -4.206593399399e-26 1.642539409987e-01 2.982071830222e+00
13 7 0.000000000000e+00 -3.365315879291e-15 0.000000000000e+00 0.000000000000e+00 -2.863680755232e-01 3.479083801925e+00
13 8 0.000000000000e+00 -8.474414678707e-14 0.000000000000e+00 0.000000000000e+00 -2.428876077731e-01 3.976095773629e+00
13 9 0.000000000000e+00 -3.249742479183e-12 0.000000000000e+00 0.000000000000e+00 2.389983031929e-01 4.473107745332e+00
13 10 0.000000000000e+00 -5.004687027811e-11 0.000000000000e+00 0.000000000000e+00 3.496641568249e-01 4.970119717036e+00
13 11 0.000000000000e+00 -1.456058239641e-09 0.000000000000e+00 0.000000000000e+00 -1.149958034629e-01 5.467131688739e+00
13 12 1.778762819704e-07 -1.509698528815e-08 5.863557180564e-03 2.318169962482e-03 -4.966913818338e-01 5.964143660443e+00
13 13 9.130789503429e-05 -4.432931519798e-07 1.282686425068e-01 8.658709818828e-02 -3.726974802536e-01 6.461155632147e+00
14 1 1.603762131883e-102 -1.994350074598e-39 1.113738483408e-51 -1.117475127823e-51 2.249710676544e-02 4.970119717036e-01
14 2 9.873268166319e-91 -3.851466557422e-31 2.474582391890e-45 7.794405231178e-47 -3.183400818591e-01 9.940239434072e-01
14 3 1.504411369387e-82 -1.109741836918e-26 -2.634436700127e-42 4.576600571563e-41 -6.909257199023e-02 1.491035915111e+00
14 4 9.069700025977e-75 -2.563309697230e-23 -3.561814453269e-37 -3.136317928419e-37 3.133988308265e-01 1.988047886814e+00
14 5 1.022156301584e-67 -5.887046558860e-21 1.817411417569e-33 8.143597157805e-34 1.207774520964e-01 2.485059858518e+00
14 6 5.072956491907e-60 -9.876746333776e-19 -1.222315806915e-29 -1.157777585357e-29 -3.023019530758e-01 2.982071830222e+00
14 7 1.591218550778e-52 -4.493485736705e-17 -2.688290612685e-26 1.066715382813e-25 -1.820261628273e-01 3.479083801925e+00
14 8 0.000000000000e+00 -2.632012284263e-15 0.000000000000e+00 0.000000000000e+00 2.788030060994e-01 3.976095773629e+00
14 9 0.000000000000e+00 -5.663006404084e-14 0.000000000000e+00 0.000000000000e+00 2.594128641851e-01 4.473107745332e+00
14 10 0.000000000000e+00 -2.013562230867e-12 0.000000000000e+00 0.000000000000e+00 -2.271376018790e-01 4.970119717036e+00
14 11 0.000000000000e+00 -2.853934025965e-11 0.000000000000e+00 0.000000000000e+00 -3.631001237265e-01 5.467131688739e+00
14 12 0.000000000000e+00 -8.143749917170e-10 0.000000000000e+00 0.000000000000e+00 9.740709407394e-02 5.964143660443e+00
14 13 1.568029261489e-07 -7.947084462971e-09 5.563151574613e-03 3.190758512192e-03 5.003202002805e-01 6.461155632147e+00
14 14 7.034028233535e-05 -2.405884996210e-07 1.177648148420e-01 8.677255435348e-02 3.879760258910e-01 6.958167603850e+00
15 1 4.336031225653e-110 -1.563330732868e-42 1.689523727188e-55 -1.968595603387e-55 -3.192642606903e-01 4.970119717036e-01
15 2 2.910989805423e-98 -5.864757054494e-34 4.212727067136e-49 -5.703198029010e-50 -4.231516002035e-02 9.940239434072e-01
15 3 2.491228667857e-89 -6.902524898149e-29 4.079046497484e-45 1.820312361100e-44 3.166842206784e-01 1.491035915111e+00
15 4 5.977311560266e-82 -1.348947113137e-25 -1.163092016591e-40 -3.627363409546e-41 8.727605315088e-02 1.988047886814e+00
15 5 2.223987611101e-74 -8.710097094324e-23 9.144652815384e-37 -1.634131611671e-37 -3.103500734425e-01 2.485059858518e+00
15 6 2.734597708830e-67 -9.805301497842e-21 -3.897027024830e-33 3.044560291762e-34 -1.379454203467e-01 2.982071830222e+00
15 7 1.956439792101e-59 -1.097121258591e-18 3.050389437855e-29 2.360975698293e-29 2.973241992537e-01 3.479083801925e+00
15 8 0.000000000000e+00 -3.808330089432e-17 0.000000000000e+00 0.000000000000e+00 1.983798616176e-01 3.976095773629e+00
15 9 0.000000000000e+00 -1.913221929527e-15 0.000000000000e+00 0.000000000000e+00 -2.710429047609e-01 4.473107745332e+00
15 10 0.000000000000e+00 -3.634592799859e-14 0.000000000000e+00 0.000000000000e+00 -2.745341268676e-01 4.970119717036e+00
15 11 0.000000000000e+00 -1.219980405568e-12 0.000000000000e+00 0.000000000000e+00 2.153846636894e-01 5.467131688739e+00
15 12 0.000000000000e+00 -1.610567464830e-11 0.000000000000e+00 0.000000000000e+00 3.751565106306e-01 5.964143660443e+00
15 13 0.000000000000e+00 -4.535976947880e-10 0.000000000000e+00 0.000000000000e+00 -8.056290734735e-02 6.461155632147e+00
15 14 1.354052126479e-07 -4.188497569407e-09 5.068742652688e-03 3.936890003608e-03 -5.032448825780e-01 6.958167603850e+00
15 15 5.432429571095e-05 -1.308862057125e-07 1.065444677307e-01 8.728845847052e-02 -4.024354065571e-01 7.455179575554e+00
16 1 3.348836183601e-118 -5.576873390584e-46 1.361218148122e-59 -1.828863152257e-59 -1.968646787775e-02 4.970119717036e-01
16 2 2.436524857960e-105 -1.556154425591e-36 1.179475480785e-52 -3.485804525868e-53 3.183379410482e-01 9.940239434072e-01
16 3 1.218510682583e-96 -1.966813516505e-31 1.888440693378e-48 3.668079248397e-48 6.012759307923e-02 1.491035915111e+00
16 4 1.224523446407e-88 -1.259370334953e-27 -5.498071011647e-44 4.243953259215e-45 -3.146830690938e-01 1.988047886814e+00
16 5 1.532535231836e-81 -5.943737588946e-25 1.843765496637e-40 -1.595952597133e-40 -1.039155110334e-01 2.485059858518e+00
16 6 5.469543312318e-74 -1.771729809148e-22 -1.201085498409e-36 1.270232511073e-36 3.069897748585e-01 2.982071830222e+00
16 7 8.776862070583e-67 -1.236830169791e-20 7.694053998468e-33 -2.747939636254e-33 1.538038101382e-01 3.479083801925e+00
16 8 0.000000000000e+00 -1.041071959373e-18 0.000000000000e+00 0.000000000000e+00 -2.920834909475e-01 3.976095773629e+00
16 9 0.000000000000e+00 -2.948094569326e-17 0.000000000000e+00 0.000000000000e+00 -2.135075793605e-01 4.473107745332e+00
16 10 0.000000000000e+00 -1.318822755938e-15 0.000000000000e+00 0.000000000000e+00 2.631452203077e-01 4.970119717036e+00
16 11 0.000000000000e+00 -2.263572279092e-14 0.000000000000e+00 0.000000000000e+00 2.884257013554e-01 5.467131688739e+00
16 12 0.000000000000e+00 -7.266289415538e-13 0.000000000000e+00 0.000000000000e+00 -2.037760688525e-01 5.964143660443e+00
16 13 0.000000000000e+00 -9.016553624207e-12 0.000000000000e+00 0.000000000000e+00 -3.860156283957e-01 6.461155632147e+00
16 14 0.000000000000e+00 -2.518489911573e-10 0.000000000000e+00 0.000000000000e+00 6.441887197365e-02 6.958167603850e+00
16 15 1.150659607295e-07 -2.210248582356e-09 4.431893441065e-03 4.532259460824e-03 5.055820339988e-01 7.455179575554e+00
16 16 4.204642073434e-05 -7.133968457190e-08 9.490609772909e-02 8.774520333841e-02 4.161560324735e-01 7.952191547257e+00
17 1 7.112072589756e-126 -3.520660440799e-49 1.807287813345e-63 -2.787867073529e-63 3.190567829446e-01 4.970119717036e-01
17 2 6.012171278762e-113 -1.869267709455e-39 1.756485741912e-56 -8.045505396689e-57 3.728473240265e-02 9.940239434072e-01
17 3 1.722406238758e-103 -1.002744496478e-33 1.011038978604e-51 1.176341053686e-51 -3.170669987470e-01 1.491035915111e+00
17 4 7.695371144436e-96 -5.355387970127e-30 -1.259701862474e-47 5.693522043340e-48 -7.637416782952e-02 1.988047886814e+00
17 5 3.387521039261e-88 -7.396387328024e-27 4.173600236707e-44 -1.067817825756e-43 3.123882346148e-01 2.485059858518e+00
17 6 3.619141628309e-81 -1.462986168379e-24 -4.445546515931e-41 4.474847118015e-40 1.192885826774e-01 2.982071830222e+00
17 7 1.530402176010e-73 -2.610913851279e-22 1.165809983880e-36 -3.206224440699e-36 -3.033615452908e-01 3.479083801925e+00
17 8 3.511395537985e-66 -1.295551542747e-20 -1.722152682797e-32 7.226095724478e-33 -1.685429932143e-01 3.976095773629e+00
17 9 0.000000000000e+00 -8.846151417325e-19 0.000000000000e+00 0.000000000000e+00 2.866274752689e-01 4.473107745332e+00
17 10 0.000000000000e+00 -2.136788155809e-17 0.000000000000e+00 0.000000000000e+00 2.275601566361e-01 4.970119717036e+00
17 11 0.000000000000e+00 -8.736577716504e-16 0.000000000000e+00 0.000000000000e+00 -2.551568006377e-01 5.467131688739e+00
17 12 0.000000000000e+00 -1.377625958087e-14 0.000000000000e+00 0.000000000000e+00 -3.012304915955e-01 5.964143660443e+00
17 13 0.000000000000e+00 -4.270488573489e-13 0.000000000000e+00 0.000000000000e+00 1.923381775973e-01 6.461155632147e+00
17 14 0.000000000000e+00 -5.016424237779e-12 0.000000000000e+00 0.000000000000e+00 3.958282476431e-01 6.958167603850e+00
17 15 0.000000000000e+00 -1.394884421154e-10 0.000000000000e+00 0.000000000000e+00 -4.893262754329e-02 7.455179575554e+00
17 16 9.654567206440e-08 -1.167734206196e-09 3.701309408845e-03 4.965983571586e-03 -5.074256739548e-01 7.952191547257e+00
17 17 3.260494824122e-05 -3.894180061989e-08 8.310212204887e-02 8.785787039038e-02 -4.292073029151e-01 8.449203518961e+00
18 1 4.488480869044e-134 -9.981668308277e-53 1.298481698333e-67 -2.297916035289e-67 1.750671358139e-02 4.970119717036e-01
18 2 4.112423480308e-120 -4.059763281047e-42 4.275874008069e-60 -2.692231608377e-60 -3.183347631665e-01 9.940239434072e-01
18 3 7.398679545478e-111 -2.304477072983e-36 2.572930393852e-55 1.927439955431e-55 -5.326907486577e-02 1.491035915111e+00
18 4 1.427304845208e-102 -4.174812436448e-32 -4.380908054095e-51 4.031409422296e-51 3.155129827009e-01 1.988047886814e+00
18 5 2.378210713412e-95 -4.165674632721e-29 -2.145914212383e-48 -3.030160456468e-47 9.135570977291e-02 2.485059858518e+00
18 6 7.934158134273e-88 -2.258913783131e-26 1.000291344735e-43 1.852731257965e-43 -3.098384102314e-01 2.982071830222e+00
18 7 9.189362754032e-81 -2.494050488266e-24 -3.533711185324e-40 -7.576256824916e-40 -1.335949021226e-01 3.479083801925e+00
18 8 5.145666636534e-73 -3.099023137139e-22 -1.026043148998e-36 7.075357573430e-36 2.995029893484e-01 3.976095773629e+00
18 9 0.000000000000e+00 -1.190932336047e-20 0.000000000000e+00 0.000000000000e+00 1.823080801191e-01 4.473107745332e+00
18 10 0.000000000000e+00 -6.935516501331e-19 0.000000000000e+00 0.000000000000e+00 -2.809969524627e-01 4.970119717036e+00
18 11 0.000000000000e+00 -1.474165603919e-17 0.000000000000e+00 0.000000000000e+00 -2.406591314387e-01 5.467131688739e+00
18 12 0.000000000000e+00 -5.613413766947e-16 0.000000000000e+00 0.000000000000e+00 2.471158146712e-01 5.964143660443e+00
18 13 0.000000000000e+00 -8.234722909636e-15 0.000000000000e+00 0.000000000000e+00 3.130676912142e-01 6.461155632147e+00
18 14 0.000000000000e+00 -2.483354927814e-13 0.000000000000e+00 0.000000000000e+00 -1.810896037964e-01 6.958167603850e+00
18 15 0.000000000000e+00 -2.777193027161e-12 0.000000000000e+00 0.000000000000e+00 -4.047204941434e-01 7.455179575554e+00
18 16 0.000000000000e+00 -7.710640199421e-11 0.000000000000e+00 0.000000000000e+00 3.406414353848e-02 7.952191547257e+00
18 17 8.018055275455e-08 -6.176577201728e-10 2.920865768584e-03 5.237707103767e-03 5.088523733292e-01 8.449203518961e+00
18 18 2.532513598313e-05 -2.128204561242e-08 7.135231126251e-02 8.743101528319e-02 4.416495453308e-01 8.946215490665e+00
19 1 7.675060789095e-142 -5.183799060861e-56 1.523444020726e-71 -3.097000488580e-71 -3.189104085178e-01 4.970119717036e-01
19 2 8.562469639764e-128 -3.941138064930e-45 5.640598909145e-64 -4.619754336950e-64 -3.333827860785e-02 9.940239434072e-01
19 3 8.923763368893e-118 -9.779432024850e-39 1.010077266078e-58 4.756867700004e-59 3.173269853219e-01 1.491035915111e+00
19 4 8.276848335774e-110 -1.460313511044e-34 -7.254810832354e-55 1.236562814570e-54 6.796422026579e-02 1.988047886814e+00
19 5 5.041378327708e-102 -4.397742092670e-31 -6.432589133423e-51 -1.241922374873e-50 -3.137168021050e-01 2.485059858518e+00
19 6 5.703843923887e-95 -1.567565418127e-28 4.861598091115e-47 2.869666237379e-47 -1.052863891242e-01 2.982071830222e+00
19 7 1.889111380069e-87 -4.558946245539e-26 -3.450330002785e-43 -1.569159001210e-43 3.070651270101e-01 3.479083801925e+00
19 8 2.695038096995e-80 -3.319981165218e-24 1.142850093061e-39 1.170878218215e-39 1.469834823198e-01 3.976095773629e+00
19 9 2.126016140352e-72 -3.157981295645e-22 2.054007421644e-36 -1.621913199508e-35 -2.954469508923e-01 4.473107745332e+00
19 10 0.000000000000e+00 -9.951833044096e-21 0.000000000000e+00 0.000000000000e+00 -1.952132315160e-01 4.970119717036e+00
19 11 0.000000000000e+00 -5.118307420217e-19 0.000000000000e+00 0.000000000000e+00 2.752268096069e-01 5.467131688739e+00
19 12 0.000000000000e+00 -9.791306882806e-18 0.000000000000e+00 0.000000000000e+00 2.529046507591e-01 5.964143660443e+00
19 13 0.000000000000e+00 -3.521227114355e-16 0.000000000000e+00 0.000000000000e+00 -2.390533469259e-01 6.461155632147e+00
19 14 0.000000000000e+00 -4.852244036098e-15 0.000000000000e+00 0.000000000000e+00 -3.240381051786e-01 6.958167603850e+00
19 15 0.000000000000e+00 -1.431811139691e-13 0.000000000000e+00 0.000000000000e+00 1.700430713989e-01 7.455179575554e+00
19 16 0.000000000000e+00 -1.531450173554e-12 0.000000000000e+00 0.000000000000e+00 4.127989097604e-01 7.952191547257e+00
19 17 7.449708859723e-10 -4.255652229012e-11 4.417342429980e-04 3.728645507265e-04 -1.977584855578e-02 8.449203518961e+00
19 18 6.603502187064e-08 -3.270621316308e-10 2.128525310579e-03 5.355056442214e-03 -5.099250439035e-01 8.946215490665e+00
19 19 1.969899965302e-05 -1.164168746634e-08 5.984987835450e-02 8.634434166685e-02 -4.535355300821e-01 9.443227462368e+00
20 1 4.025651274790e-150 -1.196776570521e-59 9.803578237605e-76 -2.299352884979e-75 -1.576533718904e-02 4.970119717036e-01
20 2 4.858170832985e-135 -7.127055261325e-48 1.206171548538e-67 -1.249501662103e-67 3.183316296959e-01 9.940239434072e-01
20 3 3.353658546904e-125 -1.848285458994e-41 2.097143836089e-62 5.353631436328e-63 4.784177405588e-02 1.491035915111e+00
20 4 1.368815680321e-116 -9.619900132368e-37 -1.470046431164e-58 5.641906129595e-58 -3.160825759767e-01 1.988047886814e+00
20 5 3.430531874377e-109 -2.072689419790e-33 -2.753755429800e-54 -2.393316622136e-54 -8.160069976099e-02 2.485059858518e+00
20 6 1.267971897996e-101 -2.081435473492e-30 2.660066505142e-50 9.388954231863e-52 3.117086397368e-01 2.982071830222e+00
20 7 1.311613260202e-94 -3.717255104532e-28 -9.750435220814e-47 2.163237656229e-47 1.183240668190e-01 3.479083801925e+00
20 8 4.994970508242e-87 -6.953754863244e-26 7.041171346133e-43 -1.960754700017e-44 -3.040953266404e-01 3.976095773629e+00
20 9 9.437024260951e-80 -3.710367659727e-24 -2.759614938641e-39 -2.061211844718e-39 -1.595691543636e-01 4.473107745332e+00
20 10 0.000000000000e+00 -2.877933270176e-22 0.000000000000e+00 0.000000000000e+00 2.912222476159e-01 4.970119717036e+00
20 11 0.000000000000e+00 -7.739810837770e-21 0.000000000000e+00 0.000000000000e+00 2.073506310555e-01 5.467131688739e+00
20 12 0.000000000000e+00 -3.605034460316e-19 0.000000000000e+00 0.000000000000e+00 -2.693468547314e-01 5.964143660443e+00
20 13 0.000000000000e+00 -6.312127477709e-18 0.000000000000e+00 0.000000000000e+00 -2.643807399678e-01 6.461155632147e+00
20 14 0.000000000000e+00 -2.166861424836e-16 0.000000000000e+00 0.000000000000e+00 2.309946997687e-01 6.958167603850e+00
20 15 0.000000000000e+00 -2.826217793437e-15 0.000000000000e+00 0.000000000000e+00 3.342279619217e-01 7.455179575554e+00
20 16 0.000000000000e+00 -8.197766214113e-14 0.000000000000e+00 0.000000000000e+00 -1.592068145569e-01 7.952191547257e+00
20 17 0.000000000000e+00 -8.418059704468e-13 0.000000000000e+00 0.000000000000e+00 -4.201542520082e-01 8.449203518961e+00
20 18 0.000000000000e+00 -2.345817366936e-11 0.000000000000e+00 0.000000000000e+00 6.032640014179e-03 8.946215490665e+00
20 19 5.401095514697e-08 -1.733673149851e-10 1.355860386961e-03 5.331415489365e-03 5.106957804681e-01 9.443227462368e+00
20 20 1.534208094607e-05 -6.372915412701e-09 4.876366963959e-02 8.453962157554e-02 4.649116737487e-01 9.940239434072e+00
21 1 5.656449957044e-158 -5.204984748174e-63 1.020934807327e-79 -2.781536298472e-79 3.188032652523e-01 4.970119717036e-01
21 2 8.616330910703e-143 -5.704445865594e-51 1.413131440126e-71 -1.830941536793e-71 3.015613273076e-02 9.940239434072e-01
21 3 3.467429307722e-132 -6.619554772904e-44 6.941868503820e-66 4.959347465039e-67 -3.175121157852e-01 1.491035915111e+00
21 4 7.210927887988e-124 -2.811620375499e-39 4.523728463419e-64 1.338165628129e-61 -6.126397643312e-02 1.988047886814e+00
21 5 6.772858282709e-116 -1.873813782694e-35 -1.514556062385e-57 -5.780321575873e-58 3.146347068334e-01 2.485059858518e+00
21 6 9.271724395395e-109 -1.227003378703e-32 6.555134562766e-54 -2.972506686091e-54 9.434745171102e-02 2.982071830222e+00
21 7 2.885549251796e-101 -5.911607120017e-30 -3.230086434371e-50 3.392885312465e-50 -3.095126098372e-01 3.479083801925e+00
21 8 3.213358061385e-94 -6.445304025318e-28 1.271095704584e-46 -1.255484211922e-46 -1.305886788575e-01 3.976095773629e+00
21 9 1.532292011291e-86 -8.696528466559e-26 -1.323353963746e-42 4.184568616724e-43 3.009526050341e-01 4.473107745332e+00
21 10 0.000000000000e+00 -3.647196166255e-24 0.000000000000e+00 0.000000000000e+00 1.714428486861e-01 4.970119717036e+00
21 11 0.000000000000e+00 -2.410641734877e-22 0.000000000000e+00 0.000000000000e+00 -2.868542005317e-01 5.467131688739e+00
21 12 0.000000000000e+00 -5.694747402150e-21 0.000000000000e+00 0.000000000000e+00 -2.187963393075e-01 5.964143660443e+00
21 13 0.000000000000e+00 -2.447547390937e-19 0.000000000000e+00 0.000000000000e+00 2.633825509126e-01 6.461155632147e+00
21 14 0.000000000000e+00 -3.973215018608e-18 0.000000000000e+00 0.000000000000e+00 2.751589446179e-01 6.958167603850e+00
21 15 0.000000000000e+00 -1.312818630147e-16 0.000000000000e+00 0.000000000000e+00 -2.229604493873e-01 7.455179575554e+00
21 16 0.000000000000e+00 -1.630604238206e-15 0.000000000000e+00 0.000000000000e+00 -3.437117245800e-01 7.952191547257e+00
21 17 0.000000000000e+00 -4.666514239501e-14 0.000000000000e+00 0.000000000000e+00 1.485856397017e-01 8.449203518961e+00
21 18 0.000000000000e+00 -4.615174553138e-13 0.000000000000e+00 0.000000000000e+00 4.268644016319e-01 8.946215490665e+00
21 19 0.000000000000e+00 -1.291736926885e-11 0.000000000000e+00 0.000000000000e+00 7.198179453682e-03 9.443227462368e+00
21 20 4.392282248662e-08 -9.198871128644e-11 6.280154978312e-04 5.184038652838e-03 -5.112080234561e-01 9.940239434072e+00
21 21 1.196207901582e-05 -3.490691664525e-09 3.823850778412e-02 8.200889066301e-02 -4.758190081432e-01 1.043725140578e+01
22 1 2.502135141945e-166 -9.982297941558e-67 5.880120433261e-84 -1.880891005768e-83 1.434135551313e-02 4.970119717036e-01
22 2 4.111048844723e-150 -8.716952314285e-54 2.652674695587e-75 -4.299533969899e-75 -3.183288446384e-01 9.940239434072e-01
22 3 1.141555211043e-139 -1.045998824888e-46 1.256790590223e-69 -1.228086457957e-70 -4.343424632003e-02 1.491035915111e+00
22 4 1.057571056976e-130 -1.582791344666e-41 1.247144198107e-65 4.970669698588e-65 3.164915957213e-01 1.988047886814e+00
22 5 4.348221504119e-123 -7.484582199070e-38 -4.104863737960e-61 -1.484656161392e-62 7.378552287609e-02 2.485059858518e+00
22 6 2.003146025342e-115 -1.411462610640e-34 2.197673698626e-57 -2.522453357097e-57 -3.130077497204e-01 2.982071830222e+00
22 7 2.135881257534e-108 -4.148864232460e-32 -2.702401453580e-54 1.245530799667e-53 -1.063318017484e-01 3.479083801925e+00
22 8 6.714435408111e-101 -1.186284875425e-29 8.413205693655e-51 -8.123341649163e-50 3.071490376195e-01 3.976095773629e+00
22 9 8.859229428170e-94 -8.945416456108e-28 -1.309271067933e-46 3.069769398574e-46 1.421737953590e-01 4.473107745332e+00
22 10 5.569640272646e-86 -9.397851441226e-26 2.682165380641e-42 -1.204369346188e-42 -2.976578821414e-01 4.970119717036e+00
22 11 0.000000000000e+00 -3.253516191135e-24 0.000000000000e+00 0.000000000000e+00 -1.826782607425e-01 5.467131688739e+00
22 12 0.000000000000e+00 -1.891691695211e-22 0.000000000000e+00 0.000000000000e+00 2.823650660899e-01 5.964143660443e+00
22 13 0.000000000000e+00 -4.010788357277e-21 0.000000000000e+00 0.000000000000e+00 2.296142490490e-01 6.461155632147e+00
22 14 0.000000000000e+00 -1.613445913581e-19 0.000000000000e+00 0.000000000000e+00 -2.573556528226e-01 6.958167603850e+00
22 15 0.000000000000e+00 -2.452923452737e-18 0.000000000000e+00 0.000000000000e+00 -2.853009292254e-01 7.455179575554e+00
22 16 0.000000000000e+00 -7.852588321815e-17 0.000000000000e+00 0.000000000000e+00 2.149673001018e-01 7.952191547257e+00
22 17 0.000000000000e+00 -9.334225954037e-16 0.000000000000e+00 0.000000000000e+00 3.525542156594e-01 8.449203518961e+00
22 18 0.000000000000e+00 -2.643560103479e-14 0.000000000000e+00 0.000000000000e+00 -1.381817358990e-01 8.946215490665e+00
22 19 0.000000000000e+00 -2.524828910165e-13 0.000000000000e+00 0.000000000000e+00 -4.329966240582e-01 9.443227462368e+00
22 20 0.000000000000e+00 -7.106951789046e-12 0.000000000000e+00 0.000000000000e+00 -1.994700857733e-02 9.940239434072e+00
22 21 3.554639850170e-08 -4.885493320272e-11 -3.603729336474e-05 4.932445449296e-03 5.114982256295e-01 1.043725140578e+01
22 22 9.335876665575e-06 -1.912849723850e-09 2.839488563683e-02 7.878385075308e-02 4.862939697065e-01 1.093426337748e+01
23 1 2.938527014053e-174 -3.691284733291e-70 5.419244744143e-88 -2.065705997285e-87 -3.187224716945e-01 4.970119717036e-01
23 2 6.269772863392e-158 -5.849478289555e-57 2.733009640744e-79 -5.608508423136e-79 -2.753400431692e-02 9.940239434072e-01
23 3 1.018445302865e-146 -3.200592322199e-49 3.647920279271e-73 -9.586643961178e-74 3.176488646436e-01 1.491035915111e+00
23 4 5.026549009733e-138 -3.918554791091e-44 5.106168144938e-69 9.937433897654e-69 5.579169300682e-02 1.988047886814e+00
23 5 7.876201399077e-130 -5.847488524411e-40 -1.683903033582e-64 4.696706129883e-65 -3.152974110683e-01 2.485059858518e+00
23 6 1.434617431856e-122 -7.140999398716e-37 2.783068598914e-61 -8.509612653785e-61 -8.554209800028e-02 2.982071830222e+00
23 7 4.759963952071e-115 -5.774274079743e-34 1.745999001120e-57 5.757767168799e-57 3.112209275155e-01 3.479083801925e+00
23 8 4.820713673736e-108 -9.574256580226e-32 -1.111378522275e-53 -1.885045674239e-53 1.176521363967e-01 3.976095773629e+00
23 9 1.705743784851e-100 -1.858394830166e-29 5.501317058278e-50 1.357124765806e-49 -3.046356281020e-01 4.473107745332e+00
23 10 2.827930674598e-93 -1.053614746709e-27 1.142474452374e-46 -6.525829035578e-46 -1.531541301917e-01 4.970119717036e+00
23 11 2.420132898386e-85 -9.091436442201e-26 -6.246464537114e-42 2.536163903747e-42 2.942298146500e-01 5.467131688739e+00
23 12 0.000000000000e+00 -2.692069235926e-24 0.000000000000e+00 0.000000000000e+00 1.933363133443e-01 5.964143660443e+00
23 13 0.000000000000e+00 -1.409895003759e-22 0.000000000000e+00 0.000000000000e+00 -2.777744091689e-01 6.461155632147e+00
23 14 0.000000000000e+00 -2.727382445328e-21 0.000000000000e+00 0.000000000000e+00 -2.398588418587e-01 6.958167603850e+00
23 15 0.000000000000e+00 -1.038382746458e-19 0.000000000000e+00 0.000000000000e+00 2.512847527114e-01 7.455179575554e+00
23 16 0.000000000000e+00 -1.490355842870e-18 0.000000000000e+00 0.000000000000e+00 2.948603841516e-01 7.952191547257e+00
23 17 0.000000000000e+00 -4.647159139947e-17 0.000000000000e+00 0.000000000000e+00 -2.070287758876e-01 8.449203518961e+00
23 18 0.000000000000e+00 -5.308255705970e-16 0.000000000000e+00 0.000000000000e+00 -3.608122565420e-01 8.946215490665e+00
23 19 0.000000000000e+00 -1.491467072092e-14 0.000000000000e+00 0.000000000000e+00 1.279952965692e-01 9.443227462368e+00
23 20 0.000000000000e+00 -1.378806814663e-13 0.000000000000e+00 0.000000000000e+00 4.386093531663e-01 9.940239434072e+00
23 21 6.261697404627e-10 -3.907358754841e-12 3.435884591409e-05 6.537672690526e-04 3.224207724074e-02 1.043725140578e+01
23 22 2.864960001328e-08 -2.596964329338e-11 -6.230276559754e-04 4.597127597442e-03 -5.115971511785e-01 1.093426337748e+01
23 23 7.292576334651e-06 -1.048580608215e-09 1.932868338596e-02 7.492640905350e-02 -4.963690488977e-01 1.143127534918e+01
24 1 1.110250114610e-182 -5.979573653078e-74 2.764334684052e-92 -1.283269035627e-91 -1.315477244629e-02 4.970119717036e-01
24 2 2.546682770990e-165 -7.650123539342e-60 4.416330255975e-83 -1.177293712639e-82 3.183264576329e-01 9.940239434072e-01
24 3 2.948095570326e-154 -4.288579193161e-52 5.888971141849e-77 -2.549723482710e-77 3.978049388621e-02 1.491035915111e+00
24 4 6.534500368548e-145 -1.904442127898e-46 2.567187730407e-72 3.104325199847e-72 -3.167958499385e-01 1.988047886814e+00
24 5 4.700589024771e-137 -2.002054185574e-42 -3.612406293783e-68 2.278096549412e-68 -6.737267399771e-02 2.485059858518e+00
24 6 2.940583662938e-129 -7.170002088571e-39 -2.414526477710e-65 -4.046252137127e-64 3.139497124047e-01 2.982071830222e+00
24 7 3.579829261353e-122 -3.517138862303e-36 1.147688994605e-60 1.185468477834e-60 9.663800728180e-02 3.479083801925e+00
24 8 1.062290712222e-114 -1.555906978619e-33 -9.258571226012e-57 -4.449649421130e-57 -3.092902358754e-01 3.976095773629e+00
24 9 1.150803410703e-107 -1.681650390870e-31 3.411114662473e-53 1.682856065555e-53 -1.283861885528e-01 4.473107745332e+00
24 10 4.903026931649e-100 -2.424440358378e-29 -1.815210234227e-49 -2.077231930688e-49 3.019881021255e-01 4.970119717036e+00
24 11 1.059925972773e-92 -1.095596727444e-27 -1.286513971134e-46 1.404992937866e-45 1.635905644822e-01 5.467131688739e+00
24 12 0.000000000000e+00 -8.070681152967e-26 0.000000000000e+00 0.000000000000e+00 -2.906850870593e-01 5.964143660443e+00
24 13 0.000000000000e+00 -2.098886729899e-24 0.000000000000e+00 0.000000000000e+00 -2.034682308901e-01 6.461155632147e+00
24 14 0.000000000000e+00 -1.008166289853e-22 0.000000000000e+00 0.000000000000e+00 2.730994311176e-01 6.958167603850e+00
24 15 0.000000000000e+00 -1.802378990095e-21 0.000000000000e+00 0.000000000000e+00 2.495771630988e-01 7.455179575554e+00
24 16 0.000000000000e+00 -6.551842822624e-20 0.000000000000e+00 0.000000000000e+00 -2.451857454943e-01 7.952191547257e+00
24 17 0.000000000000e+00 -8.935502990428e-19 0.000000000000e+00 0.000000000000e+00 -3.038844590936e-01 8.449203518961e+00
24 18 0.000000000000e+00 -2.725618466406e-17 0.000000000000e+00 0.000000000000e+00 1.991557812664e-01 8.946215490665e+00
24 19 0.000000000000e+00 -3.002021960362e-16 0.000000000000e+00 0.000000000000e+00 3.685359553652e-01 9.443227462368e+00
24 20 0.000000000000e+00 -8.385532582872e-15 0.000000000000e+00 0.000000000000e+00 -1.180249988990e-01 9.940239434072e+00
24 21 0.000000000000e+00 -7.518501618688e-14 0.000000000000e+00 0.000000000000e+00 -4.437536155912e-01 1.043725140578e+01
24 22 0.000000000000e+00 -2.146953150916e-12 0.000000000000e+00 0.000000000000e+00 -4.410958672010e-02 1.093426337748e+01
24 23 2.301008391528e-08 -1.381609813561e-11 -1.124792874062e-03 4.198482408620e-03 5.115308986373e-01 1.143127534918e+01
24 24 5.700883234132e-06 -5.749611101919e-10 1.111126163034e-02 7.052029684734e-02 5.060733289552e-01 1.192828732089e+01
25 1 1.105593551249e-190 -1.904603082905e-77 2.212586546745e-96 -1.291128242278e-95 3.186600360615e-01 4.970119717036e-01
25 2 3.369789929915e-173 -4.365466758174e-63 3.837980618000e-87 -1.394550070305e-86 2.533493540521e-02 9.940239434072e-01
25 3 2.285858953882e-161 -1.133315688428e-54 1.520768042329e-80 -9.382499699587e-81 -3.177528787915e-01 1.491035915111e+00
25 4 2.795994032572e-152 -4.041763419569e-49 6.508270348328e-76 5.203463695987e-76 -5.123320919393e-02 1.988047886814e+00
25 5 7.754789217447e-144 -1.363312843300e-44 -1.161339287230e-71 1.288526551657e-71 3.157926273586e-01 2.485059858518e+00
25 6 2.016911440471e-136 -3.142785421561e-41 -4.267402815887e-68 -9.720278772952e-68 7.828783046768e-02 2.982071830222e+00
25 7 7.821297492692e-129 -4.310545383161e-38 7.227316021520e-64 2.692266544820e-64 -3.124642898351e-01 3.479083801925e+00
25 8 8.032270479079e-122 -1.100784124592e-35 -2.809707977796e-60 2.902346433858e-61 -1.071551226743e-01 3.976095773629e+00
25 9 2.429884813659e-114 -3.108730930744e-33 1.707160019392e-56 -3.747201190524e-57 3.072294882141e-01 4.473107745332e+00
25 10 3.033997202329e-107 -2.413087646673e-31 -6.858920296884e-53 -2.126458796018e-54 1.385966018689e-01 4.970119717036e+00
25 11 1.625510528032e-99 -2.751859155170e-29 4.351818232772e-49 3.404262233756e-49 -2.992205701209e-01 5.467131688739e+00
25 12 0.000000000000e+00 -1.034056043642e-27 0.000000000000e+00 0.000000000000e+00 -1.735335965762e-01 5.964143660443e+00
25 13 0.000000000000e+00 -6.692965438704e-26 0.000000000000e+00 0.000000000000e+00 2.870386399551e-01 6.461155632147e+00
25 14 0.000000000000e+00 -1.559935193436e-24 0.000000000000e+00 0.000000000000e+00 2.131177127984e-01 6.958167603850e+00
25 15 0.000000000000e+00 -6.969423535951e-23 0.000000000000e+00 0.000000000000e+00 -2.683552592402e-01 7.455179575554e+00
25 16 0.000000000000e+00 -1.163312134704e-21 0.000000000000e+00 0.000000000000e+00 -2.588102721097e-01 7.952191547257e+00
25 17 0.000000000000e+00 -4.066249914627e-20 0.000000000000e+00 0.000000000000e+00 2.390722233154e-01 8.449203518961e+00
25 18 0.000000000000e+00 -5.297697655626e-19 0.000000000000e+00 0.000000000000e+00 3.124148637943e-01 8.946215490665e+00
25 19 0.000000000000e+00 -1.586479905426e-17 0.000000000000e+00 0.000000000000e+00 -1.913570575941e-01 9.443227462368e+00
25 20 0.000000000000e+00 -1.689754750419e-16 0.000000000000e+00 0.000000000000e+00 -3.757697343261e-01 9.940239434072e+00
25 21 0.000000000000e+00 -4.700625096900e-15 0.000000000000e+00 0.000000000000e+00 1.082683751570e-01 1.043725140578e+01
25 22 0.000000000000e+00 -4.094682004607e-14 0.000000000000e+00 0.000000000000e+00 4.484741803019e-01 1.093426337748e+01
25 23 0.000000000000e+00 -1.179072085785e-12 0.000000000000e+00 0.000000000000e+00 5.557385222759e-02 1.143127534918e+01
25 24 1.842512594659e-08 -7.356074218509e-12 -1.537603827513e-03 3.756032673876e-03 -5.113217137546e-01 1.192828732089e+01
25 25 4.459661651363e-06 -3.153273717884e-10 3.790077241186e-03 6.566372501686e-02 -5.154329362156e-01 1.242529929259e+01
26 1 3.607522005132e-199 -2.643105585545e-81 9.625083962423e-101 -7.420588677223e-100 1.215050901717e-02 4.970119717036e-01
26 2 1.178052919840e-180 -4.940831306117e-66 4.901082056575e-91 -2.659607952732e-90 -3.183244374359e-01 9.940239434072e-01
26 3 5.845430962610e-169 -1.303472937809e-57 2.203034711238e-84 -1.819875508478e-84 -3.670044469068e-02 1.491035915111e+00
26 4 3.228353600717e-159 -1.711527246430e-51 2.512526631493e-79 1.305473463716e-79 3.170286632280e-01 1.988047886814e+00
26 5 4.268246944942e-151 -4.041645721225e-47 -1.853757091899e-75 3.622874009326e-75 6.200910730671e-02 2.485059858518e+00
26 6 3.868199680517e-143 -2.774163816171e-43 -3.162576587684e-71 -3.407580088972e-71 -3.146561422020e-01 2.982071830222e+00
26 7 5.801390365631e-136 -2.296712582560e-40 2.096383385444e-67 -1.313013290889e-68 -8.862371814646e-02 3.479083801925e+00
26 8 1.791683307835e-128 -1.587673212139e-37 -1.086522511100e-63 7.740811171681e-64 3.108541539052e-01 3.976095773629e+00
26 9 1.788085116572e-121 -2.488069747935e-35 3.146204971817e-60 -3.546956575278e-60 1.171589281401e-01 4.473107745332e+00
26 10 5.992477262290e-114 -4.974932387052e-33 -2.272346781465e-56 2.034018875109e-56 -3.050509058140e-01 4.970119717036e+00
26 11 9.052654208523e-107 -2.968287762944e-31 1.261713231872e-52 -3.289092581370e-53 -1.483347592655e-01 5.467131688739e+00
26 12 0.000000000000e+00 -2.802515898050e-29 0.000000000000e+00 0.000000000000e+00 2.963457729512e-01 5.964143660443e+00
26 13 0.000000000000e+00 -9.037779495865e-28 0.000000000000e+00 0.000000000000e+00 1.830257685373e-01 6.461155632147e+00
26 14 0.000000000000e+00 -5.254097798427e-26 0.000000000000e+00 0.000000000000e+00 -2.833038615678e-01 6.958167603850e+00
26 15 0.000000000000e+00 -1.114931871981e-24 0.000000000000e+00 0.000000000000e+00 -2.223225063772e-01 7.455179575554e+00
26 16 0.000000000000e+00 -4.685165587762e-23 0.000000000000e+00 0.000000000000e+00 2.635552016677e-01 7.952191547257e+00
26 17 0.000000000000e+00 -7.361852440318e-22 0.000000000000e+00 0.000000000000e+00 2.675943307608e-01 8.449203518961e+00
26 18 0.000000000000e+00 -2.488710403528e-20 0.000000000000e+00 0.000000000000e+00 -2.329558096731e-01 8.946215490665e+00
26 19 0.000000000000e+00 -3.111201826471e-19 0.000000000000e+00 0.000000000000e+00 -3.204887290589e-01 9.443227462368e+00
26 20 0.000000000000e+00 -9.174305874380e-18 0.000000000000e+00 0.000000000000e+00 1.836395555157e-01 9.940239434072e+00
26 21 0.000000000000e+00 -9.472717319556e-17 0.000000000000e+00 0.000000000000e+00 3.825531601068e-01 1.043725140578e+01
26 22 0.000000000000e+00 -2.628244090354e-15 0.000000000000e+00 0.000000000000e+00 -9.872210136643e-02 1.093426337748e+01
26 23 0.000000000000e+00 -2.227694951963e-14 0.000000000000e+00 0.000000000000e+00 -4.528104953409e-01 1.143127534918e+01
26 24 0.000000000000e+00 -6.472444865740e-13 0.000000000000e+00 0.000000000000e+00 -6.665744268968e-02 1.192828732089e+01
26 25 1.471537461802e-08 -3.919482355141e-12 -1.861455430546e-03 3.287797938779e-03 5.109886408628e-01 1.242529929259e+01
26 26 3.490825804344e-06 -1.729608296343e-10 -2.610152187291e-03 6.046303219943e-02 5.244714190119e-01 1.292231126429e+01
27 1 3.083756120831e-207 -7.333844494817e-85 6.210392777426e-105 -6.890327524714e-104 -3.186107847537e-01 4.970119717036e-01
27 2 1.363658087088e-188 -2.426919365853e-69 2.889021637394e-95 -2.895263530519e-94 -2.346352576257e-02 9.940239434072e-01
27 3 3.967292617509e-176 -3.003538863913e-60 5.068030002236e-88 -5.452797770460e-88 3.178339140164e-01 1.491035915111e+00
27 4 1.244039683774e-166 -3.146527475437e-54 5.321442516247e-83 1.604929088632e-83 4.737428327298e-02 1.988047886814e+00
27 5 6.394005485674e-158 -2.417721078729e-49 -3.519038963009e-79 1.535305379208e-78 -3.161730720806e-01 2.485059858518e+00
27 6 2.506797724708e-150 -1.062575018383e-45 -1.035469933756e-74 -5.731234732008e-75 -7.219959317679e-02 2.982071830222e+00
27 7 1.217889520982e-142 -2.493833703654e-42 8.631089274969e-71 -4.257583883172e-71 3.133996506078e-01 3.479083801925e+00
27 8 1.375270006619e-135 -9.911191576142e-40 -1.660649528939e-67 3.302001274090e-67 9.844925668661e-02 3.976095773629e+00
27 9 3.942912509550e-128 -4.110727011609e-37 3.032051733017e-64 -2.205681347344e-63 -3.091304408198e-01 4.473107745332e+00
27 10 4.185493017511e-121 -4.414871967683e-35 -1.055006665538e-60 7.990562003393e-60 -1.267026983634e-01 4.970119717036e+00
27 11 1.641330076869e-113 -6.720406631755e-33 2.491808528146e-56 -4.961381558202e-56 3.027654669332e-01 5.467131688739e+00
27 12 3.098263124938e-106 -3.237767426656e-31 -2.414831603789e-52 1.045553933711e-52 1.576434756962e-01 5.964143660443e+00
27 13 0.000000000000e+00 -2.618524230210e-29 0.000000000000e+00 0.000000000000e+00 -2.933752528452e-01 6.461155632147e+00
27 14 0.000000000000e+00 -7.424249122355e-28 0.000000000000e+00 0.000000000000e+00 -1.921034102102e-01 6.958167603850e+00
27 15 0.000000000000e+00 -3.943576740829e-26 0.000000000000e+00 0.000000000000e+00 2.794927543918e-01 7.455179575554e+00
27 16 0.000000000000e+00 -7.715171068873e-25 0.000000000000e+00 0.000000000000e+00 2.311155694734e-01 7.952191547257e+00
27 17 0.000000000000e+00 -3.076837014951e-23 0.000000000000e+00 0.000000000000e+00 -2.587109710309e-01 8.449203518961e+00
27 18 0.000000000000e+00 -4.582027685610e-22 0.000000000000e+00 0.000000000000e+00 -2.759614367942e-01 8.946215490665e+00
27 19 0.000000000000e+00 -1.505242853495e-20 0.000000000000e+00 0.000000000000e+00 2.268464422609e-01 9.443227462368e+00
27 20 0.000000000000e+00 -1.812327419276e-19 0.000000000000e+00 0.000000000000e+00 3.281392913447e-01 9.940239434072e+00
27 21 0.000000000000e+00 -5.275595163652e-18 0.000000000000e+00 0.000000000000e+00 -1.760087400876e-01 1.043725140578e+01
27 22 0.000000000000e+00 -5.291859305056e-17 0.000000000000e+00 0.000000000000e+00 -3.889216229996e-01 1.093426337748e+01
27 23 0.000000000000e+00 -1.466249082031e-15 0.000000000000e+00 0.000000000000e+00 8.938222240219e-02 1.143127534918e+01
27 24 0.000000000000e+00 -1.210900819605e-14 0.000000000000e+00 0.000000000000e+00 4.567974576762e-01 1.192828732089e+01
27 25 0.000000000000e+00 -3.551668622847e-13 0.000000000000e+00 0.000000000000e+00 7.738131471785e-02 1.242529929259e+01
27 26 1.172604164931e-08 -2.089850063644e-12 -2.099380896823e-03 2.809914397931e-03 -5.105480488318e-01 1.292231126429e+01
27 27 2.733964276036e-06 -9.488061246184e-11 -8.085780749741e-03 5.502731000724e-02 -5.332100683874e-01 1.341932323600e+01
28 1 8.774401322329e-216 -8.825299300377e-89 1.927539443339e-109 -3.685295372897e-108 -1.128936818950e-02 4.970119717036e-01
28 2 4.143063251062e-196 -2.400288551745e-72 1.015839434346e-99 -5.070612540539e-98 3.183227320522e-01 9.940239434072e-01
28 3 9.008131200082e-184 -2.996734343755e-63 6.543388556057e-92 -9.111310225603e-92 3.406761154854e-02 1.491035915111e+00
28 4 1.280000084155e-173 -1.170596625770e-56 1.771099378282e-86 2.046048264070e-87 -3.172109904892e-01 1.988047886814e+00
28 5 3.232919971381e-165 -6.262327767111e-52 3.827145533681e-84 3.541595114200e-82 -5.745262349143e-02 2.485059858518e+00
28 6 4.463256252218e-157 -8.301525315975e-48 -4.890037056001e-78 -1.012866079223e-78 3.152005386301e-01 2.982071830222e+00
28 7 8.742819059253e-150 -1.170824186459e-44 1.733901211881e-74 -1.908575430287e-74 8.187729173366e-02 3.479083801925e+00
28 8 3.025373752762e-142 -1.275327876342e-41 -1.310050051449e-72 1.733500165587e-70 -3.120340056407e-01 3.976095773629e+00
28 9 3.029968824975e-135 -2.925804334093e-39 -2.502173210070e-67 -5.641931400473e-67 -1.078202139842e-01 4.473107745332e+00
28 10 8.900242583700e-128 -8.185408376097e-37 1.886750996883e-63 3.202193343513e-63 3.073029448304e-01 4.970119717036e+00
28 11 1.066888311984e-120 -6.510204034551e-35 -4.538994010779e-60 -1.340748688261e-59 1.358304467653e-01 5.467131688739e+00
28 12 5.079771922304e-113 -7.952380907044e-33 -2.324708189985e-56 1.039847349114e-55 -3.003831256526e-01 5.964143660443e+00
28 13 0.000000000000e+00 -3.209701205357e-31 0.000000000000e+00 0.000000000000e+00 -1.665589304868e-01 6.461155632147e+00
28 14 0.000000000000e+00 -2.282123647978e-29 0.000000000000e+00 0.000000000000e+00 2.903194854484e-01 6.958167603850e+00
28 15 0.000000000000e+00 -5.796963851102e-28 0.000000000000e+00 0.000000000000e+00 2.007979179145e-01 7.455179575554e+00
28 16 0.000000000000e+00 -2.851939808465e-26 0.000000000000e+00 0.000000000000e+00 -2.756160826006e-01 7.952191547257e+00
28 17 0.000000000000e+00 -5.196263925561e-25 0.000000000000e+00 0.000000000000e+00 -2.395259466059e-01 8.449203518961e+00
28 18 0.000000000000e+00 -1.981125158016e-23 0.000000000000e+00 0.000000000000e+00 2.538328801846e-01 8.946215490665e+00
28 19 0.000000000000e+00 -2.811787982960e-22 0.000000000000e+00 0.000000000000e+00 2.839402731636e-01 9.443227462368e+00
28 20 0.000000000000e+00 -9.033687309127e-21 0.000000000000e+00 0.000000000000e+00 -2.207526125513e-01 9.940239434072e+00
28 21 0.000000000000e+00 -1.048333766243e-19 0.000000000000e+00 0.000000000000e+00 -3.353964449518e-01 1.043725140578e+01
28 22 0.000000000000e+00 -3.018922202629e-18 0.000000000000e+00 0.000000000000e+00 1.684688416443e-01 1.093426337748e+01
28 23 0.000000000000e+00 -2.947309333679e-17 0.000000000000e+00 0.000000000000e+00 3.949068980022e-01 1.143127534918e+01
28 24 0.000000000000e+00 -8.164028083114e-16 0.000000000000e+00 0.000000000000e+00 -8.024432790096e-02 1.192828732089e+01
28 25 0.000000000000e+00 -6.577144798086e-15 0.000000000000e+00 0.000000000000e+00 -4.604660507752e-01 1.242529929259e+01
28 26 0.000000000000e+00 -1.948291094498e-13 0.000000000000e+00 0.000000000000e+00 -8.776493906835e-02 1.292231126429e+01
28 27 9.325507268617e-09 -1.115034817158e-12 -2.256758335336e-03 2.336348912417e-03 5.100140587448e-01 1.341932323600e+01
28 28 2.142254983364e-06 -5.205172662167e-11 -1.265215144972e-02 4.946394175644e-02 5.416681910399e-01 1.391633520770e+01
29 1 6.507283678901e-224 -2.154337299168e-92 5.090379596552e-114 -3.177612506942e-112 3.185712477288e-01 4.970119717036e-01
29 2 4.227187186531e-204 -1.025627651329e-75 -2.886363804358e-103 -5.114722626200e-102 2.185120583103e-02 9.940239434072e-01
29 3 5.388291899573e-191 -6.072412441071e-66 1.319952893434e-95 -2.405092345807e-95 -3.178983224495e-01 1.491035915111e+00
29 4 4.450155773529e-181 -1.881492917457e-59 3.319233419420e-90 -1.840444604020e-91 -4.406346820027e-02 1.988047886814e+00
29 5 4.395426658547e-172 -3.314554097353e-54 3.056598451656e-86 1.269678469221e-85 3.164720685179e-01 2.485059858518e+00
29 6 2.710792520245e-164 -2.800199642940e-50 -1.226485064508e-81 1.019048228771e-82 6.701184501460e-02 2.982071830222e+00
29 7 1.741603940371e-156 -1.132898363662e-46 4.283051190903e-78 -1.068211745258e-77 -3.141223731586e-01 3.479083801925e+00
29 8 2.301379695449e-149 -7.068513704076e-44 1.978868109125e-74 4.352513694303e-74 -9.110078681044e-02 3.976095773629e+00
29 9 6.759272054194e-142 -4.339625991877e-41 -2.354120000535e-70 -1.719233162183e-70 3.105684269908e-01 4.473107745332e+00
29 10 6.674123659244e-135 -6.505812202585e-39 9.316225962281e-67 4.098236817410e-67 1.167823846224e-01 4.970119717036e+00
29 11 2.145407407224e-127 -1.332924692685e-36 -5.558203053468e-63 -3.065524561791e-63 -3.053804412950e-01 5.467131688739e+00
29 12 3.024762462333e-120 -8.305613746277e-35 1.587258598477e-59 2.059352184128e-59 -1.445790444543e-01 5.964143660443e+00
29 13 1.793585597411e-112 -8.468079751092e-33 2.097310825940e-56 -2.158844453877e-55 2.979129586279e-01 6.461155632147e+00
29 14 0.000000000000e+00 -2.945101567898e-31 0.000000000000e+00 0.000000000000e+00 1.751120798079e-01 6.958167603850e+00
29 15 0.000000000000e+00 -1.878658210572e-29 0.000000000000e+00 0.000000000000e+00 -2.871879885952e-01 7.455179575554e+00
29 16 0.000000000000e+00 -4.339845162359e-28 0.000000000000e+00 0.000000000000e+00 -2.091367091581e-01 7.952191547257e+00
29 17 0.000000000000e+00 -1.999256645836e-26 0.000000000000e+00 0.000000000000e+00 2.716835033511e-01 8.449203518961e+00
29 18 0.000000000000e+00 -3.420622132452e-25 0.000000000000e+00 0.000000000000e+00 2.475794408767e-01 8.946215490665e+00
29 19 0.000000000000e+00 -1.254334917917e-23 0.000000000000e+00 0.000000000000e+00 -2.489300131205e-01 9.443227462368e+00
29 20 0.000000000000e+00 -1.704645320432e-22 0.000000000000e+00 0.000000000000e+00 -2.915566220885e-01 9.940239434072e+00
29 21 0.000000000000e+00 -5.348388172885e-21 0.000000000000e+00 0.000000000000e+00 2.146815690111e-01 1.043725140578e+01
29 22 0.000000000000e+00 -6.027254865210e-20 0.000000000000e+00 0.000000000000e+00 3.422871931138e-01 1.093426337748e+01
29 23 0.000000000000e+00 -1.720217763081e-18 0.000000000000e+00 0.000000000000e+00 -1.610230627938e-01 1.143127534918e+01
29 24 0.000000000000e+00 -1.637175183807e-17 0.000000000000e+00 0.000000000000e+00 -4.005376126056e-01 1.192828732089e+01
29 25 0.000000000000e+00 -4.537944311011e-16 0.000000000000e+00 0.000000000000e+00 7.130368991695e-02 1.242529929259e+01
29 26 0.000000000000e+00 -3.570189072040e-15 0.000000000000e+00 0.000000000000e+00 4.638438763190e-01 1.292231126429e+01
29 27 0.000000000000e+00 -1.068440043188e-13 0.000000000000e+00 0.000000000000e+00 9.782641876311e-02 1.341932323600e+01
29 28 7.403614639865e-09 -5.952958196979e-13 -2.340721077767e-03 1.878818644221e-03 -5.093988939191e-01 1.391633520770e+01
29 29 1.679350440682e-06 -2.855669544675e-11 -1.634120742058e-02 4.387501757629e-02 -5.498633427715e-01 1.441334717940e+01
30 1 1.628409920646e-232 -2.271835167694e-96 -3.013406661945e-118 -1.589500330836e-116 1.054267680989e-02 4.970119717036e-01
30 2 1.125827445965e-211 -8.940454231030e-79 -1.083071951997e-106 -8.289863674783e-106 -3.183212894237e-01 9.940239434072e-01
30 3 1.091910248665e-198 -5.304770306200e-69 1.469299503232e-99 -3.618525770903e-99 -3.179041369235e-02 1.491035915111e+00
30 4 4.096080766587e-188 -6.195419611485e-62 9.845193577430e-94 -2.188871627115e-94 3.173565744765e-01 1.988047886814e+00
30 5 2.038544439146e-179 -7.561578329204e-57 1.228583244647e-89 2.529927592488e-89 5.353113329528e-02 2.485059858518e+00
30 6 4.461809878400e-171 -1.948392443862e-52 -4.678302394730e-85 1.744638994334e-85 -3.156295668119e-01 2.982071830222e+00
30 7 1.195353999646e-163 -4.718201400845e-49 1.267479101769e-82 -3.012444268493e-81 -7.611347723221e-02 3.479083801925e+00
30 8 4.908722663645e-156 -8.155425518476e-46 1.642726362385e-77 1.475612239103e-77 3.129478051051e-01 3.976095773629e+00
30 9 5.268952265848e-149 -2.761340318500e-43 -8.063684624282e-74 -1.103347580312e-74 9.991799836524e-02 4.473107745332e+00
30 10 1.471979487887e-141 -1.088976703692e-40 4.707783945191e-70 -8.264632389180e-71 -3.090109712722e-01 4.970119717036e+00
30 11 1.538415285772e-134 -1.163963788547e-38 -1.668693944781e-66 3.234605388917e-67 -1.253738824799e-01 5.467131688739e+00
30 12 5.662459378146e-127 -1.853995138766e-36 1.119875834649e-62 1.069276052544e-63 3.033708901791e-01 5.964143660443e+00
30 13 9.658521551957e-120 -9.440043633444e-35 -3.836947064725e-59 -3.257645611390e-59 1.529797696504e-01 6.461155632147e+00
30 14 0.000000000000e+00 -8.278832001252e-33 0.000000000000e+00 0.000000000000e+00 -2.953632708337e-01 6.958167603850e+00
30 15 0.000000000000e+00 -2.536191335151e-31 0.000000000000e+00 0.000000000000e+00 -1.833297068377e-01 7.455179575554e+00
30 16 0.000000000000e+00 -1.475008997253e-29 0.000000000000e+00 0.000000000000e+00 2.839894157640e-01 7.952191547257e+00
30 17 0.000000000000e+00 -3.136377263475e-28 0.000000000000e+00 0.000000000000e+00 2.171439474824e-01 8.449203518961e+00
30 18 0.000000000000e+00 -1.365075984123e-26 0.000000000000e+00 0.000000000000e+00 -2.677036839575e-01 8.946215490665e+00
30 19 0.000000000000e+00 -2.208260444381e-25 0.000000000000e+00 0.000000000000e+00 -2.552991375778e-01 9.443227462368e+00
30 20 0.000000000000e+00 -7.827774576749e-24 0.000000000000e+00 0.000000000000e+00 2.440103740317e-01 9.940239434072e+00
30 21 0.000000000000e+00 -1.022651671019e-22 0.000000000000e+00 0.000000000000e+00 2.988337778553e-01 1.043725140578e+01
30 22 0.000000000000e+00 -3.149952203030e-21 0.000000000000e+00 0.000000000000e+00 -2.086394897773e-01 1.093426337748e+01
30 23 0.000000000000e+00 -3.446929267899e-20 0.000000000000e+00 0.000000000000e+00 -3.488360206713e-01 1.143127534918e+01
30 24 0.000000000000e+00 -9.765438677910e-19 0.000000000000e+00 0.000000000000e+00 1.536737497961e-01 1.192828732089e+01
30 25 0.000000000000e+00 -9.073159494501e-18 0.000000000000e+00 0.000000000000e+00 4.058396399452e-01 1.242529929259e+01
30 26 0.000000000000e+00 -2.518600158519e-16 0.000000000000e+00 0.000000000000e+00 -6.255537068387e-02 1.292231126429e+01
30 27 0.000000000000e+00 -1.936917723662e-15 0.000000000000e+00 0.000000000000e+00 -4.669556004546e-01 1.341932323600e+01
30 28 0.000000000000e+00 -5.857819673425e-14 0.000000000000e+00 0.000000000000e+00 -1.075825986111e-01 1.391633520770e+01
30 29 5.868873636777e-09 -3.180047709638e-13 -2.359566279936e-03 1.446746034714e-03 5.087131680973e-01 1.441334717940e+01
30 30 1.316994580961e-06 -1.566698679966e-11 -1.919890273437e-02 3.835456592540e-02 5.578115290807e-01 1.491035915111e+01
