2 1 1.089649195926e-09 -3.502148986880e-05 -2.564111025982e-05 3.109639570939e-05 2.778933698154e-01 4.871023265768e-01
2 2 6.392654172319e-03 -1.802839033887e-03 1.812304452072e-01 -7.263800295928e-02 9.408311571423e-02 9.742046531536e-01
3 1 1.761959550313e-15 -1.399944485135e-07 1.384053094350e-08 4.934748627717e-08 -3.411658221935e-01 4.871023265768e-01
3 2 9.738350692576e-09 -2.860841285155e-05 2.248342123723e-04 -8.672617369464e-05 -3.427435860194e-01 9.742046531536e-01
3 3 5.988897574101e-03 -1.072046031410e-03 -2.138533566396e-01 -1.860675780709e-01 -1.390995088946e-01 1.461306979730e+00
4 1 7.895633880943e-22 -4.942069680351e-10 2.501960329084e-11 2.347558243044e-11 -8.858999227700e-02 4.871023265768e-01
4 2 1.630266507073e-14 -3.079933567871e-07 -1.966403517943e-07 -2.419686431981e-07 3.116977148898e-01 9.742046531536e-01
4 3 6.009863748865e-08 -1.692329682030e-05 -5.938565884902e-04 -6.735662174156e-04 3.827952702068e-01 1.461306979730e+00
4 4 4.557745354650e-03 -5.370396794476e-04 -1.640400062293e-01 2.860176363284e-01 1.754954854546e-01 1.948409306307e+00
5 1 2.474445566637e-27 -1.698584533169e-12 5.486227104810e-14 2.605843915688e-14 3.262807089748e-01 4.871023265768e-01
5 2 1.086228897347e-20 -2.404635100710e-09 -2.520234864175e-10 3.547248354110e-11 1.459177937218e-01 9.742046531536e-01
5 3 1.225396811538e-13 -2.889695912838e-07 5.209045372949e-07 1.171666016266e-06 -2.847293773303e-01 1.461306979730e+00
5 4 2.199509841002e-07 -9.170482210281e-06 -1.834628843772e-03 1.371347741043e-03 -4.110406028923e-01 1.948409306307e+00
5 5 3.345263733770e-03 -2.649306039619e-04 3.132003112855e-01 1.630453946928e-01 -2.069723121381e-01 2.435511632884e+00
6 1 1.299517241688e-33 -3.599830635621e-15 4.313889590032e-17 8.738417929951e-18 5.509455964513e-02 4.871023265768e-01
6 2 5.556381781945e-26 -2.220325967010e-11 -4.080536218330e-13 4.059939425974e-13 -3.170348435694e-01 9.742046531536e-01
6 3 7.895836535359e-20 -3.182296640838e-09 9.517900621987e-10 -3.917882533403e-10 -1.895333963059e-01 1.461306979730e+00
6 4 9.254112825704e-13 -2.081320680468e-07 1.622957117357e-06 -4.409048176630e-06 2.590302358157e-01 1.948409306307e+00
6 5 4.785711093505e-07 -4.809282906893e-06 1.545749248109e-03 3.930272405631e-03 4.321190492391e-01 2.435511632884e+00
6 6 2.450649046316e-03 -1.321655342855e-04 1.844954890937e-01 -3.122260054492e-01 2.349922005839e-01 2.922613959461e+00
7 1 2.642203324814e-39 -8.879509256359e-18 6.275578121788e-20 8.466048148406e-22 -3.224125442709e-01 4.871023265768e-01
7 2 6.151364179867e-32 -1.212012197632e-13 -1.746371432078e-16 5.799316953191e-16 -9.666910802173e-02 9.742046531536e-01
7 3 4.098000735190e-25 -4.711981852609e-11 4.279001617239e-13 -2.305489601741e-12 3.067265370419e-01 1.461306979730e+00
7 4 5.633025674223e-19 -2.778606341382e-09 -3.607255774297e-09 6.512118601167e-10 2.248622628419e-01 1.948409306307e+00
7 5 0.000000000000e+00 -1.334079699552e-07 0.000000000000e+00 0.000000000000e+00 -2.344336024602e-01 2.435511632884e+00
7 6 7.323983721423e-07 -2.487453011382e-06 6.260691195590e-03 -3.328187660359e-04 -4.483451105034e-01 2.922613959461e+00
7 7 1.805826386325e-03 -6.688782781601e-05 -2.892452718533e-01 -2.196625066135e-01 -2.603425909376e-01 3.409716286038e+00
8 1 1.068282391886e-45 -1.143352081327e-20 3.948647304047e-23 -5.780753526489e-24 -4.051844791162e-02 4.871023265768e-01
8 2 2.793745873796e-37 -8.702229284030e-16 1.211438585653e-19 1.285026898764e-18 3.178208198053e-01 9.742046531536e-01
8 3 5.436295163553e-31 -3.961109128174e-13 -1.471844195255e-15 -2.264437150727e-15 1.307085913524e-01 1.461306979730e+00
8 4 2.639869755765e-24 -5.490101072214e-11 -1.386522764581e-13 7.934052579333e-12 -2.955894200719e-01 1.948409306307e+00
8 5 0.000000000000e+00 -2.010358294225e-09 0.000000000000e+00 0.000000000000e+00 -2.544219867635e-01 2.435511632884e+00
8 6 0.000000000000e+00 -8.042675799331e-08 0.000000000000e+00 0.000000000000e+00 2.109140750077e-01 2.922613959461e+00
8 7 9.068064892991e-07 -1.278882164394e-06 2.248623032625e-03 -7.822104528877e-03 4.610780078025e-01 3.409716286038e+00
8 8 1.340134997581e-03 -3.428297448700e-05 -2.585878971539e-01 2.469745951304e-01 2.835243827223e-01 3.896818612614e+00
9 1 1.419501485932e-51 -1.997378391138e-23 4.422180652006e-26 -1.267394944893e-26 3.208201338340e-01 4.871023265768e-01
9 2 2.875585097518e-43 -3.209821606277e-18 5.344646951239e-22 1.195458038125e-21 7.325333248168e-02 9.742046531536e-01
9 3 3.144775834793e-36 -4.805179024984e-15 -5.991373519055e-18 -2.509505219166e-18 -3.122806808376e-01 1.461306979730e+00
9 4 3.478887821324e-30 -5.915383921004e-13 7.770035098479e-15 4.754780817077e-15 -1.597484720720e-01 1.948409306307e+00
9 5 1.767784772523e-23 -4.850115144157e-11 5.185429093399e-12 -2.513893523139e-11 2.838811844064e-01 2.435511632884e+00
9 6 0.000000000000e+00 -1.314443225164e-09 0.000000000000e+00 0.000000000000e+00 2.796528141487e-01 2.922613959461e+00
9 7 0.000000000000e+00 -4.677719064931e-08 0.000000000000e+00 0.000000000000e+00 -1.884521011107e-01 3.409716286038e+00
9 8 9.854635746329e-07 -6.559900254379e-07 -7.930124999166e-03 -5.580105110285e-03 -4.711952477907e-01 3.896818612614e+00
9 9 1.001125724445e-03 -1.775222847171e-05 1.883461965328e-01 2.922613478666e-01 -3.048899267553e-01 4.383920939191e+00
10 1 4.282034730642e-58 -1.695718961383e-26 2.329432312166e-29 -9.784761650263e-30 3.219652086804e-02 4.871023265768e-01
10 2 1.002468013967e-48 -1.735829291514e-20 1.569091873824e-24 1.875068063871e-24 -3.180579503691e-01 9.742046531536e-01
10 3 4.562225919917e-42 -2.944179370152e-17 -7.780417347086e-21 8.231217299441e-22 -1.010801634024e-01 1.461306979730e+00
10 4 2.103634677191e-35 -9.900097401191e-15 2.158437926350e-17 -5.990941148039e-18 3.059977591829e-01 1.948409306307e+00
10 5 2.161643064454e-29 -6.132673516392e-13 -2.568972148716e-14 -1.206997251846e-14 1.851180616356e-01 2.435511632884e+00
10 6 0.000000000000e+00 -3.681878255535e-11 0.000000000000e+00 0.000000000000e+00 -2.718161480039e-01 2.922613959461e+00
10 7 0.000000000000e+00 -8.087683520824e-10 0.000000000000e+00 0.000000000000e+00 -3.014855616208e-01 3.409716286038e+00
10 8 0.000000000000e+00 -2.659813028548e-08 0.000000000000e+00 0.000000000000e+00 1.670154314297e-01 3.896818612614e+00
10 9 9.841191070711e-07 -3.363159294342e-07 -8.830709914894e-03 6.391863007121e-03 4.792990216367e-01 4.383920939191e+00
10 10 7.521805617865e-04 -9.266513516945e-06 3.134895909586e-01 -1.177267390329e-01 3.247034288514e-01 4.871023265768e+00
11 1 3.939546280546e-64 -2.170965471456e-29 2.124263953158e-32 -1.166443452784e-32 -3.200067034805e-01 4.871023265768e-01
11 2 8.578858302072e-55 -4.518532518283e-23 1.827182720608e-27 1.333101124136e-27 -5.927155409095e-02 9.742046531536e-01
11 3 2.327668362725e-47 -2.818800838854e-19 -1.523361092069e-23 8.957994197731e-24 3.145591836379e-01 1.461306979730e+00
11 4 3.441179498508e-41 -8.212741345992e-17 1.651730533612e-20 -2.340935658268e-20 1.254539937780e-01 1.948409306307e+00
11 5 1.256286812409e-34 -1.280614276009e-14 -5.592468281378e-17 3.942867521874e-17 -2.991327164867e-01 2.435511632884e+00
11 6 1.405589127060e-28 -5.199763534716e-13 7.102355318254e-14 4.999298529527e-14 -2.076209426474e-01 2.922613959461e+00
11 7 0.000000000000e+00 -2.548361037333e-11 0.000000000000e+00 0.000000000000e+00 2.595590431886e-01 3.409716286038e+00
11 8 0.000000000000e+00 -4.784891989920e-10 0.000000000000e+00 0.000000000000e+00 3.205699874654e-01 3.896818612614e+00
11 9 0.000000000000e+00 -1.489860749559e-08 0.000000000000e+00 0.000000000000e+00 -1.465610175182e-01 4.383920939191e+00
11 10 9.277879883604e-07 -1.725004386533e-07 3.449807396705e-03 1.124338679546e-02 -4.858205331266e-01 4.871023265768e+00
11 11 5.679076871982e-04 -4.867397286310e-06 -4.091451823274e-02 -3.174417477739e-01 -3.431715467240e-01 5.358125592345e+00
12 1 9.033013628679e-71 -1.297777749109e-32 9.597449019860e-36 -6.523297968308e-36 -2.676771945274e-02 4.871023265768e-01
12 2 2.277982749832e-60 -1.870415979148e-25 3.372525412277e-30 1.486663044820e-30 3.181570425396e-01 9.742046531536e-01
12 3 3.111219297967e-53 -1.286075775464e-21 -1.260279972193e-26 1.608131876280e-26 8.285375849431e-02 1.461306979730e+00
12 4 2.054973472150e-46 -1.122966579595e-18 2.237110668094e-24 -6.997637128585e-23 -3.104797863826e-01 1.948409306307e+00
12 5 2.084840047740e-40 -1.298998630157e-16 -6.995446935836e-21 8.787080605718e-20 -1.472122897620e-01 2.435511632884e+00
12 6 7.593403075438e-34 -1.278719479067e-14 1.562810350073e-16 -1.277857777314e-16 2.918178734744e-01 2.922613959461e+00
12 7 0.000000000000e+00 -3.898434870364e-13 0.000000000000e+00 0.000000000000e+00 2.277930757119e-01 3.409716286038e+00
12 8 0.000000000000e+00 -1.660172187083e-11 0.000000000000e+00 0.000000000000e+00 -2.472329114575e-01 3.896818612614e+00
12 9 0.000000000000e+00 -2.756283692792e-10 0.000000000000e+00 0.000000000000e+00 -3.373838129358e-01 4.383920939191e+00
12 10 0.000000000000e+00 -8.258965528446e-09 0.000000000000e+00 0.000000000000e+00 1.270394634548e-01 4.871023265768e+00
12 11 8.396659227118e-07 -8.855995998042e-08 1.230182822412e-02 3.605310696311e-04 4.910783941292e-01 5.358125592345e+00
12 12 4.305569707855e-04 -2.569155651639e-06 -3.019490465422e-01 -3.545232236357e-02 3.604607018444e-01 5.845227918922e+00
13 1 6.053358495822e-77 -1.261489267532e-35 7.370114637680e-39 -5.993752100426e-39 3.195343725082e-01 4.871023265768e-01
13 2 1.587527529777e-66 -3.590647777393e-28 3.002222008597e-33 6.733696177710e-34 4.988922926339e-02 9.742046531536e-01
13 3 1.321739505709e-58 -9.768928504463e-24 -1.380079902551e-29 3.978625293141e-29 -3.157315155079e-01 1.461306979730e+00
13 4 3.388629357811e-52 -7.234364621145e-21 -4.140018539282e-26 -7.980520724811e-26 -1.038683378949e-01 1.948409306307e+00
13 5 1.306679129612e-45 -2.273940159856e-18 1.363049628336e-22 1.735539927634e-22 3.059273068353e-01 2.435511632884e+00
13 6 1.212137157655e-39 -1.495670906903e-16 -4.869697021246e-20 -2.503651044824e-19 1.668862419132e-01 2.922613959461e+00
13 7 0.000000000000e+00 -1.088603336759e-14 0.000000000000e+00 0.000000000000e+00 -2.841619395485e-01 3.409716286038e+00
13 8 0.000000000000e+00 -2.695677145775e-13 0.000000000000e+00 0.000000000000e+00 -2.460176170491e-01 3.896818612614e+00
13 9 0.000000000000e+00 -1.037204514436e-11 0.000000000000e+00 0.000000000000e+00 2.349285059728e-01 4.383920939191e+00
13 10 0.000000000000e+00 -1.557966027414e-10 0.000000000000e+00 0.000000000000e+00 3.522914632427e-01 4.871023265768e+00
13 11 0.000000000000e+00 -4.544409909869e-09 0.000000000000e+00 0.000000000000e+00 -1.083986597577e-01 5.358125592345e+00
13 12 7.374715933102e-07 -4.551919172276e-08 4.373275266639e-03 -1.179795112554e-02 -4.953138041726e-01 5.845227918922e+00
13 13 3.275727297435e-04 -1.361226060009e-06 -1.047225642196e-01 2.675139830954e-01 -3.767077553339e-01 6.332330245499e+00
14 1 1.082006857096e-83 -5.580128944243e-39 2.905993382462e-42 -2.772326433566e-42 2.293043553054e-02 4.871023265768e-01
14 2 3.268109140568e-72 -1.164781517707e-30 4.410195057773e-36 1.964893161453e-37 -3.182071810725e-01 9.742046531536e-01
14 3 1.541234163552e-64 -3.417202952549e-26 -1.608993602781e-33 4.544579291335e-32 -7.038373213216e-02 1.461306979730e+00
14 4 1.822556225751e-57 -8.075234451927e-23 -1.670877475668e-28 -1.247190568588e-28 3.128483065106e-01 1.948409306307e+00
14 5 2.357860060344e-51 -1.851940113278e-20 2.869687373013e-25 7.434089691326e-26 1.228880423325e-01 2.435511632884e+00
14 6 7.522410808803e-45 -3.143885409366e-18 -5.681214306529e-22 -2.845305455886e-22 -3.009863985819e-01 2.922613959461e+00
14 7 7.223380259180e-39 -1.414951721129e-16 1.688519474387e-19 7.065070799726e-19 -1.848388539347e-01 3.409716286038e+00
14 8 0.000000000000e+00 -8.339849921432e-15 0.000000000000e+00 0.000000000000e+00 2.762535559113e-01 3.896818612614e+00
14 9 0.000000000000e+00 -1.762352905114e-13 0.000000000000e+00 0.000000000000e+00 2.625825411157e-01 4.383920939191e+00
14 10 0.000000000000e+00 -6.287598734078e-12 0.000000000000e+00 0.000000000000e+00 -2.227122404996e-01 4.871023265768e+00
14 11 0.000000000000e+00 -8.685256730439e-11 0.000000000000e+00 0.000000000000e+00 -3.655786572256e-01 5.358125592345e+00
14 12 0.000000000000e+00 -2.486902664111e-09 0.000000000000e+00 0.000000000000e+00 9.058625336814e-02 5.845227918922e+00
14 13 6.332357944198e-07 -2.342652087952e-08 -9.823584503456e-03 -7.939662110100e-03 4.987129423728e-01 6.332330245499e+00
14 14 2.499669808384e-04 -7.233619323221e-07 2.170193511768e-01 1.610661457446e-01 3.920270493510e-01 6.819432572075e+00
15 1 5.498907051205e-90 -4.245023811591e-42 1.922364066038e-45 -2.121863305154e-45 -3.192355009833e-01 4.871023265768e-01
15 2 1.861427174893e-78 -1.710439483956e-33 3.308728808418e-39 -3.903831778632e-40 -4.312471714847e-02 9.742046531536e-01
15 3 5.395536540557e-70 -2.090771971692e-28 1.979637506439e-35 8.274912511270e-35 3.164201298594e-01 1.461306979730e+00
15 4 2.794181592056e-63 -4.118191655275e-25 -2.510692540651e-31 -6.011174083036e-32 8.887940824749e-02 1.948409306307e+00
15 5 1.423625764419e-56 -2.707238391440e-22 6.909773928509e-28 -2.305138953618e-28 -3.095856112562e-01 2.435511632884e+00
15 6 1.387988626498e-50 -3.033100074976e-20 -8.155717295059e-25 2.824201226952e-25 -1.402928345066e-01 2.922613959461e+00
15 7 4.302370929070e-44 -3.427792644563e-18 1.719471214114e-21 4.315932701755e-22 2.957271058524e-01 3.409716286038e+00
15 8 0.000000000000e+00 -1.175026362130e-16 0.000000000000e+00 0.000000000000e+00 2.013329129496e-01 3.896818612614e+00
15 9 0.000000000000e+00 -5.936508445532e-15 0.000000000000e+00 0.000000000000e+00 -2.681646427000e-01 4.383920939191e+00
15 10 0.000000000000e+00 -1.106466646356e-13 0.000000000000e+00 0.000000000000e+00 -2.777124243247e-01 4.871023265768e+00
15 11 0.000000000000e+00 -3.727103693042e-12 0.000000000000e+00 0.000000000000e+00 2.106323246117e-01 5.358125592345e+00
15 12 0.000000000000e+00 -4.791821974363e-11 0.000000000000e+00 0.000000000000e+00 3.774741892763e-01 5.845227918922e+00
15 13 0.000000000000e+00 -1.355376329541e-09 0.000000000000e+00 0.000000000000e+00 -7.355119334375e-02 6.332330245499e+00
15 14 5.343319399025e-07 -1.207229262120e-08 -1.054050085569e-02 6.710308914075e-03 -5.014218382338e-01 6.819432572075e+00
15 15 1.912351998210e-04 -3.852896300839e-07 2.001622880680e-01 -1.551812276278e-01 -4.065153006345e-01 7.306534898652e+00
16 1 7.846120112623e-97 -1.443321353540e-45 6.700970109642e-49 -8.489240174581e-49 -2.006763527449e-02 4.871023265768e-01
16 2 3.035578922875e-84 -4.447142385911e-36 4.104387497760e-42 -1.120626932515e-42 3.182359507144e-01 9.742046531536e-01
16 3 5.398974251290e-76 -5.759782673898e-31 3.952139367812e-38 7.537894977430e-38 6.126557594114e-02 1.461306979730e+00
16 4 1.310024875271e-68 -3.788584209035e-27 -5.540868435021e-34 7.393257618496e-35 -3.142640247823e-01 1.948409306307e+00
16 5 2.528300367204e-62 -1.792143828615e-24 6.483084423127e-31 -7.224926629598e-31 -1.057879753585e-01 2.435511632884e+00
16 6 8.778445190320e-56 -5.421653919154e-22 -1.103570703686e-27 1.869071315277e-27 3.060025931558e-01 2.922613959461e+00
16 7 7.799302452694e-50 -3.757390306616e-20 1.820888403867e-24 -1.543277416006e-24 1.563494135536e-01 3.409716286038e+00
16 8 2.539768762329e-43 -3.190275512906e-18 -4.798077208910e-21 -1.100337883191e-21 -2.902083592274e-01 3.896818612614e+00
16 9 0.000000000000e+00 -8.908975934915e-17 0.000000000000e+00 0.000000000000e+00 -2.165673768903e-01 4.383920939191e+00
16 10 0.000000000000e+00 -4.006418134747e-15 0.000000000000e+00 0.000000000000e+00 2.599534104087e-01 4.871023265768e+00
16 11 0.000000000000e+00 -6.740326652199e-14 0.000000000000e+00 0.000000000000e+00 2.915873522628e-01 5.358125592345e+00
16 12 0.000000000000e+00 -2.171848423516e-12 0.000000000000e+00 0.000000000000e+00 -1.987233569528e-01 5.845227918922e+00
16 13 0.000000000000e+00 -2.622820557273e-11 0.000000000000e+00 0.000000000000e+00 -3.881643768687e-01 6.332330245499e+00
16 14 0.000000000000e+00 -7.363736940022e-10 0.000000000000e+00 0.000000000000e+00 5.724463397658e-02 6.819432572075e+00
16 15 4.447345327960e-07 -6.229222992954e-09 2.940510557763e-03 1.185457754343e-02 5.035565860670e-01 7.306534898652e+00
16 16 1.466248566726e-04 -2.055928781910e-07 -8.783000247053e-02 -2.196465793672e-01 4.202551423338e-01 7.793637225229e+00
17 1 3.122232627694e-103 -8.812088519807e-49 3.880015206075e-52 -5.611757453992e-52 3.190343016655e-01 4.871023265768e-01
17 2 1.428217187633e-90 -5.145754688708e-39 2.681918157786e-45 -1.150685552320e-45 3.800269889514e-02 9.742046531536e-01
17 3 1.564581881228e-81 -2.885736836629e-33 9.457382802738e-41 1.097640297791e-40 -3.168614667422e-01 1.461306979730e+00
17 4 1.805756646218e-74 -1.559929701881e-29 -5.852131770128e-37 2.970689219884e-37 -7.780013541096e-02 1.948409306307e+00
17 5 1.399591910949e-67 -2.200628432703e-26 5.941248484617e-34 -2.205290330599e-33 3.117987129171e-01 2.435511632884e+00
17 6 1.675609470464e-61 -4.346404508270e-24 2.958318260313e-31 2.984174421258e-30 1.213935319608e-01 2.922613959461e+00
17 7 4.954136771718e-55 -7.854914216337e-22 1.856687215761e-28 -6.012917289063e-27 -3.021474582375e-01 3.409716286038e+00
17 8 4.419435969650e-49 -3.861891517084e-20 -4.136140126519e-24 5.005876594047e-24 -1.712538370784e-01 3.896818612614e+00
17 9 0.000000000000e+00 -2.657426742104e-18 0.000000000000e+00 0.000000000000e+00 2.844799963258e-01 4.383920939191e+00
17 10 0.000000000000e+00 -6.322533200562e-17 0.000000000000e+00 0.000000000000e+00 2.306982566785e-01 4.871023265768e+00
17 11 0.000000000000e+00 -2.598066430136e-15 0.000000000000e+00 0.000000000000e+00 -2.516669279320e-01 5.358125592345e+00
17 12 0.000000000000e+00 -4.012370775413e-14 0.000000000000e+00 0.000000000000e+00 -3.043548774248e-01 5.845227918922e+00
17 13 0.000000000000e+00 -1.248804871276e-12 0.000000000000e+00 0.000000000000e+00 1.870097340167e-01 6.332330245499e+00
17 14 0.000000000000e+00 -1.426755625463e-11 0.000000000000e+00 0.000000000000e+00 3.978030444205e-01 6.819432572075e+00
17 15 0.000000000000e+00 -3.990945502103e-10 0.000000000000e+00 0.000000000000e+00 -4.162041396403e-02 7.306534898652e+00
17 16 3.661263932296e-07 -3.218273391126e-09 1.178255832761e-02 9.496529301825e-04 -5.052105559888e-01 7.793637225229e+00
17 17 1.126346438550e-04 -1.098621605153e-07 -2.192750492507e-01 2.112339173734e-02 -4.333177699349e-01 8.280739551806e+00
18 1 3.630499487143e-110 -2.372618550077e-52 1.206937931615e-55 -1.988884258449e-55 1.784689447265e-02 4.871023265768e-01
18 2 1.883025151618e-96 -1.093774463157e-41 2.883463786513e-48 -1.707195145469e-48 -3.182539847632e-01 9.742046531536e-01
18 3 1.340720946915e-87 -6.406662142759e-36 1.069833812297e-43 8.089075483598e-44 -5.428592485864e-02 1.461306979730e+00
18 4 7.307167658981e-80 -1.197122009881e-31 -9.387184197789e-40 9.283185873414e-40 3.151829444140e-01 1.948409306307e+00
18 5 2.333415919456e-73 -1.201343141200e-28 -4.861050180294e-37 -2.908669958116e-36 9.303506354045e-02 2.435511632884e+00
18 6 1.015950901624e-66 -6.629965368858e-26 4.588142356136e-33 5.785665699181e-33 -3.090684531338e-01 2.922613959461e+00
18 7 9.695017746999e-61 -7.289199436057e-24 -5.545582294568e-30 -6.329928252126e-30 -1.359008487015e-01 3.409716286038e+00
18 8 2.747314158215e-54 -9.156997720596e-22 4.526957726073e-27 1.554450814075e-26 2.980609438882e-01 3.896818612614e+00
18 9 0.000000000000e+00 -3.481172958850e-20 0.000000000000e+00 0.000000000000e+00 1.851558093076e-01 4.383920939191e+00
18 10 0.000000000000e+00 -2.041634123632e-18 0.000000000000e+00 0.000000000000e+00 -2.785842325368e-01 4.871023265768e+00
18 11 0.000000000000e+00 -4.269961083296e-17 0.000000000000e+00 0.000000000000e+00 -2.438513223381e-01 5.358125592345e+00
18 12 0.000000000000e+00 -1.633909003429e-15 0.000000000000e+00 0.000000000000e+00 2.433432424648e-01 5.845227918922e+00
18 13 0.000000000000e+00 -2.345789052583e-14 0.000000000000e+00 0.000000000000e+00 3.161379706197e-01 6.332330245499e+00
18 14 0.000000000000e+00 -7.104923451630e-13 0.000000000000e+00 0.000000000000e+00 -1.755081804154e-01 6.819432572075e+00
18 15 0.000000000000e+00 -7.723385885077e-12 0.000000000000e+00 0.000000000000e+00 -4.065186539601e-01 7.306534898652e+00
18 16 0.000000000000e+00 -2.158813419591e-10 0.000000000000e+00 0.000000000000e+00 2.663526385680e-02 7.793637225229e+00
18 17 2.987475931733e-07 -1.664692368922e-09 4.458811094969e-03 -1.043225957393e-02 5.064596019023e-01 8.280739551806e+00
18 18 8.666664304975e-05 -5.877250350989e-08 -3.920413431370e-02 2.008102948581e-01 4.457649678170e-01 8.767841878383e+00
19 1 1.160631187904e-116 -1.187106375935e-55 6.184604923083e-59 -1.160938909742e-58 -3.188923478562e-01 4.871023265768e-01
19 2 7.408480598326e-103 -1.021629105055e-44 1.665653643860e-51 -1.281964185537e-51 -3.398317496241e-02 9.742046531536e-01
19 3 3.246532020873e-93 -2.669406776760e-38 1.879499003703e-46 9.074301046246e-47 3.171623782573e-01 1.461306979730e+00
19 4 8.935735246605e-86 -4.051558972055e-34 -7.038133211127e-43 1.279091180701e-42 6.924729019708e-02 1.948409306307e+00
19 5 1.158810918002e-78 -1.250213650893e-30 -3.490188761543e-39 -5.568442702183e-39 -3.132476813882e-01 2.435511632884e+00
19 6 1.893368408672e-72 -4.463245073828e-28 9.371204371133e-36 3.714235860259e-36 -1.071892169570e-01 2.922613959461e+00
19 7 6.137318596566e-66 -1.317658219239e-25 -2.085662151507e-32 -3.650818325763e-33 3.061086463646e-01 3.409716286038e+00
19 8 5.345797653341e-60 -9.534589834694e-24 2.066311190221e-29 9.115142584691e-30 1.494630943543e-01 3.896818612614e+00
19 9 1.550068816670e-53 -9.157955661450e-22 -1.794907218042e-26 -3.936517694669e-26 -2.937780705846e-01 4.383920939191e+00
19 10 0.000000000000e+00 -2.851211813452e-20 0.000000000000e+00 0.000000000000e+00 -1.981732652875e-01 4.871023265768e+00
19 11 0.000000000000e+00 -1.476019478772e-18 0.000000000000e+00 0.000000000000e+00 2.725568514069e-01 5.358125592345e+00
19 12 0.000000000000e+00 -2.775845398732e-17 0.000000000000e+00 0.000000000000e+00 2.561302289604e-01 5.845227918922e+00
19 13 0.000000000000e+00 -1.003118021708e-15 0.000000000000e+00 0.000000000000e+00 -2.350130992676e-01 6.332330245499e+00
19 14 0.000000000000e+00 -1.351902041927e-14 0.000000000000e+00 0.000000000000e+00 -3.270405316313e-01 6.819432572075e+00
19 15 0.000000000000e+00 -4.007872991751e-13 0.000000000000e+00 0.000000000000e+00 1.642296347532e-01 7.306534898652e+00
19 16 0.000000000000e+00 -4.164548919570e-12 0.000000000000e+00 0.000000000000e+00 4.144195373697e-01 7.793637225229e+00
19 17 0.000000000000e+00 -1.165958628107e-10 0.000000000000e+00 0.000000000000e+00 -1.224884342811e-02 8.280739551806e+00
19 18 2.420003689939e-07 -8.620677524388e-10 -8.075300037798e-03 -7.188921635474e-03 -5.073658959471e-01 8.767841878383e+00
19 19 6.678140109082e-05 -3.146885867129e-08 1.676726182612e-01 8.846638506883e-02 -4.576506924249e-01 9.254944204959e+00
20 1 1.119458713661e-123 -2.592309170602e-59 1.727160351587e-62 -3.702140183566e-62 -1.607247172666e-02 4.871023265768e-01
20 2 8.040827914920e-109 -1.805908800839e-47 1.571949795649e-54 -1.524431107478e-54 3.182660494505e-01 9.742046531536e-01
20 3 2.391469062635e-99 -4.870029127254e-41 1.729023053872e-49 4.681535512781e-50 4.876057909371e-02 1.461306979730e+00
20 4 3.119807008533e-91 -2.625270454127e-36 -6.351972676123e-46 2.652951751152e-45 -3.158157044736e-01 1.948409306307e+00
20 5 1.772330950544e-84 -5.707436438654e-33 -6.493941552352e-42 -4.887088444352e-42 -8.312160269265e-02 2.435511632884e+00
20 6 1.066785126668e-77 -5.848570873487e-30 2.379990576068e-38 -2.469096814367e-39 3.110903544426e-01 2.922613959461e+00
20 7 1.214650604901e-71 -1.042942449643e-27 -2.686849329851e-35 1.285995497620e-35 1.204242657563e-01 3.409716286038e+00
20 8 3.423126466652e-65 -1.976703518711e-25 5.324180783800e-32 -2.076927184858e-32 -3.029489884359e-01 3.896818612614e+00
20 9 2.939896136774e-59 -1.046191303944e-23 -5.895009712234e-29 -8.657889411652e-30 -1.621985167680e-01 4.383920939191e+00
20 10 0.000000000000e+00 -8.186355173573e-22 0.000000000000e+00 0.000000000000e+00 2.893291867939e-01 4.871023265768e+00
20 11 0.000000000000e+00 -2.172644356648e-20 0.000000000000e+00 0.000000000000e+00 2.104015341893e-01 5.358125592345e+00
20 12 0.000000000000e+00 -1.018229679639e-18 0.000000000000e+00 0.000000000000e+00 -2.664282019631e-01 5.845227918922e+00
20 13 0.000000000000e+00 -1.751272149863e-17 0.000000000000e+00 0.000000000000e+00 -2.676219401961e-01 6.332330245499e+00
20 14 0.000000000000e+00 -6.041161260911e-16 0.000000000000e+00 0.000000000000e+00 2.267013253379e-01 6.819432572075e+00
20 15 0.000000000000e+00 -7.701350338348e-15 0.000000000000e+00 0.000000000000e+00 3.371513419506e-01 7.306534898652e+00
20 16 0.000000000000e+00 -2.245099192194e-13 0.000000000000e+00 0.000000000000e+00 -1.531806631745e-01 7.793637225229e+00
20 17 0.000000000000e+00 -2.238493788499e-12 0.000000000000e+00 0.000000000000e+00 -4.215978226305e-01 8.280739551806e+00
20 18 0.000000000000e+00 -6.289367142699e-11 0.000000000000e+00 0.000000000000e+00 -1.576324280144e-03 8.767841878383e+00
20 19 1.948528705072e-07 -4.469085079408e-10 -8.887596097097e-03 5.086898393452e-03 5.079807989062e-01 9.254944204959e+00
20 20 5.152340522156e-05 -1.686106877206e-08 1.234618422407e-01 -1.244253739704e-01 4.690223293106e-01 9.742046531536e+00
21 1 2.936059946220e-130 -1.081633871804e-62 7.883642660822e-66 -1.937929036863e-65 3.187884358071e-01 4.871023265768e-01
21 2 2.677297955189e-115 -1.389039729544e-50 8.070594729352e-58 -9.722060514898e-58 3.074140537695e-02 9.742046531536e-01
21 3 4.890416612642e-105 -1.711097547618e-43 2.551131053814e-52 2.308974136834e-53 -3.173772634355e-01 1.461306979730e+00
21 4 3.371016412026e-97 -7.419090073519e-39 4.599950015230e-50 2.835263410471e-48 -6.242975987354e-02 1.948409306307e+00
21 5 7.827428470708e-90 -5.082069755748e-35 -1.629290759186e-44 -5.125428875392e-45 3.142521711032e-01 2.435511632884e+00
21 6 1.881577477051e-83 -3.342363942539e-32 2.710810306086e-41 -1.658230616750e-41 9.608130826126e-02 2.922613959461e+00
21 7 7.375791810357e-77 -1.638438491105e-29 -3.868183120242e-38 6.238336256286e-38 -3.087383158561e-01 3.409716286038e+00
21 8 6.948951520242e-71 -1.779495291388e-27 3.759814598419e-35 -7.222514163480e-35 -1.328632843143e-01 3.896818612614e+00
21 9 1.864270444591e-64 -2.429115894130e-25 -1.093864160173e-31 1.026967319253e-31 2.996150719988e-01 4.383920939191e+00
21 10 1.650981684189e-58 -1.009031624943e-23 1.568225512813e-28 4.424134524805e-30 1.742008958259e-01 4.871023265768e+00
21 11 0.000000000000e+00 -6.723245634884e-22 0.000000000000e+00 0.000000000000e+00 -2.847406957302e-01 5.358125592345e+00
21 12 0.000000000000e+00 -1.565827674544e-20 0.000000000000e+00 0.000000000000e+00 -2.219193294448e-01 5.845227918922e+00
21 13 0.000000000000e+00 -6.769607093367e-19 0.000000000000e+00 0.000000000000e+00 2.602240402095e-01 6.332330245499e+00
21 14 0.000000000000e+00 -1.078703582006e-17 0.000000000000e+00 0.000000000000e+00 2.784004837789e-01 6.819432572075e+00
21 15 0.000000000000e+00 -3.581836890439e-16 0.000000000000e+00 0.000000000000e+00 -2.184279394510e-01 7.306534898652e+00
21 16 0.000000000000e+00 -4.345772815642e-15 0.000000000000e+00 0.000000000000e+00 -3.465469826977e-01 7.793637225229e+00
21 17 0.000000000000e+00 -1.250398599467e-13 0.000000000000e+00 0.000000000000e+00 1.423645253644e-01 8.280739551806e+00
21 18 0.000000000000e+00 -1.200119890600e-12 0.000000000000e+00 0.000000000000e+00 4.281324363426e-01 8.767841878383e+00
21 19 0.000000000000e+00 -3.389100993300e-11 0.000000000000e+00 0.000000000000e+00 1.487497899327e-02 9.254944204959e+00
21 20 1.561008577943e-07 -2.319205787740e-10 1.880671829397e-03 9.463050691671e-03 -5.083470401607e-01 9.742046531536e+00
21 21 3.979536289681e-05 -9.038993687695e-09 -7.617671154193e-02 -1.426896535322e-01 -4.799217044983e-01 1.022914885811e+01
22 1 2.384916509670e-137 -1.953530644244e-66 1.980771769534e-69 -5.624140079144e-69 1.462128477251e-02 4.871023265768e-01
22 2 2.430002873729e-121 -2.072148691183e-53 6.704607459424e-61 -9.997723147603e-61 -3.182745313284e-01 9.742046531536e-01
22 3 3.115594889772e-111 -2.608043633327e-46 2.038929099775e-55 -1.517652694709e-56 -4.427213250141e-02 1.461306979730e+00
22 4 1.019316920758e-102 -4.105122487333e-41 1.230258101008e-51 4.774942685080e-51 3.162712283269e-01 1.948409306307e+00
22 5 1.086246151242e-95 -1.965022498908e-37 -2.011877708010e-47 2.821024761638e-49 7.517457762223e-02 2.435511632884e+00
22 6 9.697371262982e-89 -3.791067416767e-34 4.116952696399e-44 -5.924140055180e-44 -3.124998098624e-01 2.922613959461e+00
22 7 1.421765766267e-82 -1.115506325220e-31 -2.820701808382e-42 1.018722247624e-40 -1.082566376139e-01 3.409716286038e+00
22 8 4.390825845701e-76 -3.238219602067e-29 -3.667645473438e-38 -2.013661344468e-37 3.062142712045e-01 3.896818612614e+00
22 9 3.789431309646e-70 -2.427854823825e-27 7.855335149592e-37 2.139127836712e-34 1.446024620838e-01 4.383920939191e+00
22 10 1.022291060860e-63 -2.577522404139e-25 2.152377240002e-31 -3.256933939933e-31 -2.961292853468e-01 4.871023265768e+00
22 11 0.000000000000e+00 -8.827463674629e-24 0.000000000000e+00 0.000000000000e+00 -1.855463331237e-01 5.358125592345e+00
22 12 0.000000000000e+00 -5.171168522182e-22 0.000000000000e+00 0.000000000000e+00 2.800356171042e-01 5.845227918922e+00
22 13 0.000000000000e+00 -1.079979851159e-20 0.000000000000e+00 0.000000000000e+00 2.327928037434e-01 6.332330245499e+00
22 14 0.000000000000e+00 -4.369422413137e-19 0.000000000000e+00 0.000000000000e+00 -2.539662384381e-01 6.819432572075e+00
22 15 0.000000000000e+00 -6.516201626677e-18 0.000000000000e+00 0.000000000000e+00 -2.885296361523e-01 7.306534898652e+00
22 16 0.000000000000e+00 -2.096577030926e-16 0.000000000000e+00 0.000000000000e+00 2.102090429004e-01 7.793637225229e+00
22 17 0.000000000000e+00 -2.433067737928e-15 0.000000000000e+00 0.000000000000e+00 3.552940415835e-01 8.280739551806e+00
22 18 0.000000000000e+00 -6.930503448610e-14 0.000000000000e+00 0.000000000000e+00 -1.317819832467e-01 8.767841878383e+00
22 19 0.000000000000e+00 -6.420568711939e-13 0.000000000000e+00 0.000000000000e+00 -4.340914371264e-01 9.254944204959e+00
22 20 0.000000000000e+00 -1.824703424351e-11 0.000000000000e+00 0.000000000000e+00 -2.767928141034e-02 9.742046531536e+00
22 21 1.245247109544e-07 -1.204696983904e-10 8.974509845222e-03 1.151614524655e-03 5.085003944862e-01 1.022914885811e+01
22 22 3.076678911815e-05 -4.847667837548e-09 -1.463449314152e-01 2.798030087703e-02 4.903859073914e-01 1.071625118469e+01
23 1 5.221807215574e-144 -6.898596501595e-70 8.063252930823e-73 -2.671053298890e-72 -3.187100762529e-01 4.871023265768e-01
23 2 6.923828109712e-128 -1.334533857251e-56 3.044562784765e-64 -5.658524023983e-64 -2.806971437452e-02 9.742046531536e-01
23 3 5.437064591101e-117 -7.822582488632e-49 2.629822441443e-58 -6.156843587737e-59 3.175363375611e-01 1.461306979730e+00
23 4 9.736841386778e-109 -9.820979090729e-44 2.203783769298e-54 4.285846226424e-54 5.685960970899e-02 1.948409306307e+00
23 5 4.256674925267e-101 -1.510991354970e-39 -3.789137661841e-50 1.227638320866e-50 -3.149793176798e-01 2.435511632884e+00
23 6 1.591463398682e-94 -1.858298295471e-36 2.010941479305e-47 -9.020433517387e-47 -8.713340999374e-02 2.922613959461e+00
23 7 8.104999066378e-88 -1.532273443446e-33 1.085999370788e-43 2.177442196392e-43 3.105805576136e-01 3.409716286038e+00
23 8 8.911463981608e-82 -2.536792123926e-31 -2.073710958204e-40 -2.049945137586e-40 1.197484088135e-01 3.896818612614e+00
23 9 2.430936079049e-75 -4.990727021139e-29 3.719760631407e-37 3.939309737492e-37 -3.035377048361e-01 4.383920939191e+00
23 10 2.046074258887e-69 -2.808854551284e-27 -1.846469252431e-34 -5.205140638943e-34 -1.557187252045e-01 4.871023265768e+00
23 11 0.000000000000e+00 -2.447016687057e-25 0.000000000000e+00 0.000000000000e+00 2.925113759749e-01 5.358125592345e+00
23 12 0.000000000000e+00 -7.160404012801e-24 0.000000000000e+00 0.000000000000e+00 1.962978053608e-01 5.845227918922e+00
23 13 0.000000000000e+00 -3.776611525709e-22 0.000000000000e+00 0.000000000000e+00 -2.752340478266e-01 6.332330245499e+00
23 14 0.000000000000e+00 -7.190729178196e-21 0.000000000000e+00 0.000000000000e+00 -2.430783802103e-01 6.819432572075e+00
23 15 0.000000000000e+00 -2.753071571189e-19 0.000000000000e+00 0.000000000000e+00 2.476733817249e-01 7.306534898652e+00
23 16 0.000000000000e+00 -3.873702205431e-18 0.000000000000e+00 0.000000000000e+00 2.980648954437e-01 7.793637225229e+00
23 17 0.000000000000e+00 -1.214146363330e-16 0.000000000000e+00 0.000000000000e+00 -2.020575357736e-01 8.280739551806e+00
23 18 0.000000000000e+00 -1.353276574166e-15 0.000000000000e+00 0.000000000000e+00 -3.634508167884e-01 8.767841878383e+00
23 19 0.000000000000e+00 -3.825713772924e-14 0.000000000000e+00 0.000000000000e+00 1.214319178574e-01 9.254944204959e+00
23 20 0.000000000000e+00 -3.428950429335e-13 0.000000000000e+00 0.000000000000e+00 4.395338544530e-01 9.742046531536e+00
23 21 0.000000000000e+00 -9.817266437441e-12 0.000000000000e+00 0.000000000000e+00 4.001898582041e-02 1.022914885811e+01
23 22 9.897753493794e-08 -6.263395288792e-11 3.687915851765e-03 -7.603708747373e-03 -5.084709865350e-01 1.071625118469e+01
23 23 2.380698999812e-05 -2.600643648198e-09 -1.569275095524e-02 1.361203837677e-01 -5.004479667896e-01 1.120335351127e+01
24 1 3.618964569715e-151 -1.047403802496e-73 1.815282887279e-76 -7.117329750638e-76 -1.341191703719e-02 4.871023265768e-01
24 2 5.327477731961e-134 -1.701560610181e-59 2.201177804472e-67 -5.188804949814e-67 3.182807311036e-01 9.742046531536e-01
24 3 3.016386876946e-123 -1.010293507505e-51 1.869797721854e-61 -7.423014223408e-62 4.055049205369e-02 1.461306979730e+00
24 4 2.563996381181e-114 -4.688269909082e-46 4.951525020575e-57 6.053182518762e-57 -3.166107404093e-01 1.948409306307e+00
24 5 5.335442785154e-107 -5.005096594946e-42 -3.691085308727e-53 2.502224089048e-53 -6.865052668186e-02 2.435511632884e+00
24 6 7.446320969895e-100 -1.838395251496e-38 -2.884072093051e-50 -1.978176081038e-49 3.135246920510e-01 2.922613959461e+00
24 7 1.488339915724e-93 -9.048949009155e-36 2.626029401743e-46 1.994040108354e-46 9.841282903832e-02 3.409716286038e+00
24 8 5.413206774932e-87 -4.072160127731e-33 -7.026091845391e-43 -1.510693550340e-43 -3.085124575832e-01 3.896818612614e+00
24 9 5.058144805020e-81 -4.385580264736e-31 7.761418476442e-40 9.165343720185e-41 -1.306364112201e-01 4.383920939191e+00
24 10 1.309473350470e-74 -6.399880709524e-29 -1.296637966555e-36 -5.204775389940e-37 3.007256860069e-01 4.871023265768e+00
24 11 1.117940468951e-68 -2.867171315786e-27 7.339140534527e-34 1.215726674277e-33 1.662748434226e-01 5.358125592345e+00
24 12 0.000000000000e+00 -2.130853636980e-25 0.000000000000e+00 0.000000000000e+00 -2.887788437709e-01 5.845227918922e+00
24 13 0.000000000000e+00 -5.471083700116e-24 0.000000000000e+00 0.000000000000e+00 -2.065083066134e-01 6.332330245499e+00
24 14 0.000000000000e+00 -2.645650250923e-22 0.000000000000e+00 0.000000000000e+00 2.703535509494e-01 6.819432572075e+00
24 15 0.000000000000e+00 -4.652145672613e-21 0.000000000000e+00 0.000000000000e+00 2.528247842865e-01 7.306534898652e+00
24 16 0.000000000000e+00 -1.700498159425e-19 0.000000000000e+00 0.000000000000e+00 -2.413612688016e-01 7.793637225229e+00
24 17 0.000000000000e+00 -2.272278973339e-18 0.000000000000e+00 0.000000000000e+00 -3.070549667076e-01 8.280739551806e+00
24 18 0.000000000000e+00 -6.968274031772e-17 0.000000000000e+00 0.000000000000e+00 1.939836947051e-01 8.767841878383e+00
24 19 0.000000000000e+00 -7.485306861883e-16 0.000000000000e+00 0.000000000000e+00 3.710686557991e-01 9.254944204959e+00
24 20 0.000000000000e+00 -2.104533244850e-14 0.000000000000e+00 0.000000000000e+00 -1.113118021920e-01 9.742046531536e+00
24 21 0.000000000000e+00 -1.828586179103e-13 0.000000000000e+00 0.000000000000e+00 -4.445111554342e-01 1.022914885811e+01
24 22 0.000000000000e+00 -5.278705192403e-12 0.000000000000e+00 0.000000000000e+00 -5.192161597006e-02 1.071625118469e+01
24 23 7.842867486366e-08 -3.259208936697e-11 -5.614628556152e-03 -5.507043688277e-03 5.082843160509e-01 1.120335351127e+01
24 24 1.843558434547e-05 -1.395499975349e-09 1.148615216276e-01 5.135673691182e-02 5.101374108948e-01 1.169045583784e+01
25 1 6.712566460661e-158 -3.170189494032e-77 6.537895270137e-80 -3.095104830286e-79 3.186495200632e-01 4.871023265768e-01
25 2 1.312129888156e-140 -9.306202577360e-63 8.610999735371e-71 -2.661393596090e-70 2.582880275121e-02 9.742046531536e-01
25 3 4.536408232256e-129 -2.615028794293e-54 2.142656737395e-64 -1.222957184163e-64 -3.176575386856e-01 1.461306979730e+00
25 4 2.171196253801e-120 -9.609269125331e-49 5.572700853935e-60 4.553484565005e-60 -5.221828689120e-02 1.948409306307e+00
25 5 1.857089220307e-112 -3.352317858269e-44 -5.410596738398e-56 6.319754781017e-56 3.155238407959e-01 2.435511632884e+00
25 6 1.126731103860e-105 -7.803111464485e-41 -1.153375820475e-52 -2.171811980191e-52 7.975763657106e-02 2.922613959461e+00
25 7 7.869618612524e-99 -1.093721586393e-37 7.400747467217e-49 1.648025948167e-49 -3.119254274882e-01 3.409716286038e+00
25 8 1.069782882309e-92 -2.794900900227e-35 -9.592845110146e-46 3.169668927127e-46 -1.090966301177e-01 3.896818612614e+00
25 9 3.187279861906e-86 -8.014292079496e-33 1.693202219001e-42 -9.908923161105e-43 3.063108909484e-01 4.383920939191e+00
25 10 2.739799854301e-80 -6.188260283212e-31 -1.859746262666e-39 7.911042028752e-40 1.409850449677e-01 4.871023265768e+00
25 11 7.049930706999e-74 -7.135525219985e-29 3.554087970534e-36 2.926247617799e-37 -2.977933582759e-01 5.358125592345e+00
25 12 0.000000000000e+00 -2.655137086014e-27 0.000000000000e+00 0.000000000000e+00 -1.763229429110e-01 5.845227918922e+00
25 13 0.000000000000e+00 -1.732792423649e-25 0.000000000000e+00 0.000000000000e+00 2.849472401224e-01 6.332330245499e+00
25 14 0.000000000000e+00 -3.983953801018e-24 0.000000000000e+00 0.000000000000e+00 2.162230734764e-01 6.819432572075e+00
25 15 0.000000000000e+00 -1.791457301688e-22 0.000000000000e+00 0.000000000000e+00 -2.654094884058e-01 7.306534898652e+00
25 16 0.000000000000e+00 -2.939235838456e-21 0.000000000000e+00 0.000000000000e+00 -2.620745381050e-01 7.793637225229e+00
25 17 0.000000000000e+00 -1.033057491641e-19 0.000000000000e+00 0.000000000000e+00 2.350433323963e-01 8.280739551806e+00
25 18 0.000000000000e+00 -1.318016788235e-18 0.000000000000e+00 0.000000000000e+00 3.155429037611e-01 8.767841878383e+00
25 19 0.000000000000e+00 -3.968848164146e-17 0.000000000000e+00 0.000000000000e+00 -1.859956405997e-01 9.254944204959e+00
25 20 0.000000000000e+00 -4.120815010903e-16 0.000000000000e+00 0.000000000000e+00 -3.781930234667e-01 9.742046531536e+00
25 21 0.000000000000e+00 -1.154276445821e-14 0.000000000000e+00 0.000000000000e+00 1.014180651569e-01 1.022914885811e+01
25 22 0.000000000000e+00 -9.739570442541e-14 0.000000000000e+00 0.000000000000e+00 4.490684274238e-01 1.071625118469e+01
25 23 0.000000000000e+00 -2.836882641692e-12 0.000000000000e+00 0.000000000000e+00 6.341263734767e-02 1.120335351127e+01
25 24 6.198099982799e-08 -1.697318289062e-11 -6.501871358752e-03 3.308914082970e-03 -5.079620710585e-01 1.169045583784e+01
25 25 1.428573396387e-05 -7.489489559240e-10 7.675723776550e-02 -8.613411891294e-02 -5.194807346520e-01 1.217755816442e+01
26 1 4.014299724242e-165 -4.102273205369e-81 1.295829397815e-83 -7.626672243785e-83 1.238829444884e-02 4.871023265768e-01
26 2 8.661147788785e-147 -1.025383946764e-65 5.148417966750e-74 -2.213541098257e-73 -3.182854067139e-01 9.742046531536e-01
26 3 2.206818285650e-135 -2.896769490889e-57 1.366708850162e-67 -1.045488037887e-67 -3.741268929859e-02 1.461306979730e+00
26 4 5.009741801034e-126 -3.994326281713e-51 9.620340793832e-63 5.190920722770e-63 3.168709372281e-01 1.948409306307e+00
26 5 2.100210494339e-118 -9.610095872795e-47 -3.884855152637e-59 7.948767609851e-59 6.319201652041e-02 2.435511632884e+00
26 6 4.771891388069e-111 -6.782156816077e-43 -3.674939194862e-55 -3.479230234745e-55 -3.142950839799e-01 2.922613959461e+00
26 7 1.358727014252e-104 -5.647128878981e-40 9.789756902799e-52 -1.847913763963e-52 -9.026929738114e-02 3.409716286038e+00
26 8 6.148767647511e-98 -3.978755369217e-37 -1.657648235141e-48 1.766020211984e-48 3.101962967120e-01 3.896818612614e+00
26 9 6.589423516253e-92 -6.225593738855e-35 1.193111467456e-45 -2.556080314792e-45 1.192519431673e-01 4.383920939191e+00
26 10 1.755986668777e-85 -1.262040955770e-32 -2.182753729031e-42 4.627514369952e-42 -3.039892945530e-01 4.871023265768e+00
26 11 1.462365167737e-79 -7.479675055386e-31 3.611075732224e-39 -3.652303875740e-39 -1.508472070170e-01 5.358125592345e+00
26 12 3.854245163204e-73 -7.134279833598e-29 -9.056077799764e-36 8.536452087517e-37 2.947542607391e-01 5.845227918922e+00
26 13 0.000000000000e+00 -2.275987333532e-27 0.000000000000e+00 0.000000000000e+00 1.859069807419e-01 6.332330245499e+00
26 14 0.000000000000e+00 -1.333473775740e-25 0.000000000000e+00 0.000000000000e+00 -2.810304097023e-01 6.819432572075e+00
26 15 0.000000000000e+00 -2.789263563879e-24 0.000000000000e+00 0.000000000000e+00 -2.254811978631e-01 7.306534898652e+00
26 16 0.000000000000e+00 -1.179456265057e-22 0.000000000000e+00 0.000000000000e+00 2.604153072184e-01 7.793637225229e+00
26 17 0.000000000000e+00 -1.820605518356e-21 0.000000000000e+00 0.000000000000e+00 2.708650838996e-01 8.280739551806e+00
26 18 0.000000000000e+00 -6.188792059243e-20 0.000000000000e+00 0.000000000000e+00 -2.287309921801e-01 8.767841878383e+00
26 19 0.000000000000e+00 -7.572530548388e-19 0.000000000000e+00 0.000000000000e+00 -3.235670032973e-01 9.254944204959e+00
26 20 0.000000000000e+00 -2.245781147861e-17 0.000000000000e+00 0.000000000000e+00 1.780997187483e-01 9.742046531536e+00
26 21 0.000000000000e+00 -2.259439496460e-16 0.000000000000e+00 0.000000000000e+00 3.848643653186e-01 1.022914885811e+01
26 22 0.000000000000e+00 -6.314680240721e-15 0.000000000000e+00 0.000000000000e+00 -9.174637263880e-02 1.071625118469e+01
26 23 0.000000000000e+00 -5.182258924678e-14 0.000000000000e+00 0.000000000000e+00 -4.532453405908e-01 1.120335351127e+01
26 24 0.000000000000e+00 -1.523925490523e-12 0.000000000000e+00 0.000000000000e+00 -7.451562186790e-02 1.169045583784e+01
26 25 0.000000000000e+00 -8.845916096397e-12 0.000000000000e+00 0.000000000000e+00 5.075227783022e-01 1.217755816442e+01
26 26 1.107666911629e-05 -4.019996917892e-10 -5.376525201685e-02 -9.095149856887e-02 5.285017923421e-01 1.266466049100e+01
27 1 6.387008277755e-172 -1.075871686519e-84 4.000931067257e-87 -3.059689040574e-86 -3.186017503978e-01 4.871023265768e-01
27 2 1.860714158703e-153 -4.820307178098e-69 1.549030817058e-77 -1.041915727836e-76 -2.392160102723e-02 9.742046531536e-01
27 3 2.886032724615e-141 -6.532644477980e-60 1.396981719104e-70 -1.385892443827e-70 3.177520914234e-01 1.461306979730e+00
27 4 3.775131428347e-132 -7.087956207279e-54 9.027621548016e-66 2.923985170104e-66 4.828836811792e-02 1.948409306307e+00
27 5 6.510813991796e-124 -5.651110721378e-49 -3.302814788933e-62 1.522333573487e-61 -3.159428805398e-01 2.435511632884e+00
27 6 6.627218733488e-117 -2.514302197819e-45 -5.369868118742e-58 -2.594624673704e-58 -7.356477220783e-02 2.922613959461e+00
27 7 6.620457108697e-110 -6.043217923289e-42 1.851640371431e-54 -1.186435347285e-54 3.129396634286e-01 3.409716286038e+00
27 8 1.163751982415e-103 -2.408345715768e-39 -9.355869939543e-52 3.198155268613e-51 1.002559767484e-01 3.896818612614e+00
27 9 4.001905595193e-97 -1.015966185381e-36 -9.018514268146e-49 -6.892872720867e-48 -3.083498121258e-01 4.383920939191e+00
27 10 3.718622519100e-91 -1.087480356469e-34 1.762697172902e-45 7.233964140161e-45 -1.289334630052e-01 4.871023265768e+00
27 11 9.394954645912e-85 -1.676250470958e-32 -3.987830829322e-43 -1.301206751418e-41 3.015595991475e-01 5.358125592345e+00
27 12 7.844733998022e-79 -8.012043242274e-31 -6.361601673710e-39 1.131093959050e-38 1.602670283376e-01 5.845227918922e+00
27 13 0.000000000000e+00 -6.541356705755e-29 0.000000000000e+00 0.000000000000e+00 -2.916205560137e-01 6.332330245499e+00
27 14 0.000000000000e+00 -1.833084519854e-27 0.000000000000e+00 0.000000000000e+00 -1.950645260386e-01 6.819432572075e+00
27 15 0.000000000000e+00 -9.809137585371e-26 0.000000000000e+00 0.000000000000e+00 2.770406934201e-01 7.306534898652e+00
27 16 0.000000000000e+00 -1.890365895038e-24 0.000000000000e+00 0.000000000000e+00 2.343168209545e-01 7.793637225229e+00
27 17 0.000000000000e+00 -7.585026885158e-23 0.000000000000e+00 0.000000000000e+00 -2.553827862733e-01 8.280739551806e+00
27 18 0.000000000000e+00 -1.109030882281e-21 0.000000000000e+00 0.000000000000e+00 -2.792296452443e-01 8.767841878383e+00
27 19 0.000000000000e+00 -3.663646307915e-20 0.000000000000e+00 0.000000000000e+00 2.224339514948e-01 9.254944204959e+00
27 20 0.000000000000e+00 -4.315379883017e-19 0.000000000000e+00 0.000000000000e+00 3.311615164081e-01 9.742046531536e+00
27 21 0.000000000000e+00 -1.263646675005e-17 0.000000000000e+00 0.000000000000e+00 -1.703008089528e-01 1.022914885811e+01
27 22 0.000000000000e+00 -1.234537533052e-16 0.000000000000e+00 0.000000000000e+00 -3.911188134294e-01 1.071625118469e+01
27 23 0.000000000000e+00 -3.446885710179e-15 0.000000000000e+00 0.000000000000e+00 8.229184510287e-02 1.120335351127e+01
27 24 0.000000000000e+00 -2.755010351890e-14 0.000000000000e+00 0.000000000000e+00 4.570769380876e-01 1.169045583784e+01
27 25 0.000000000000e+00 -8.183140952929e-13 0.000000000000e+00 0.000000000000e+00 8.525240276853e-02 1.217755816442e+01
27 26 3.845538982507e-08 -4.613514323759e-12 6.126503088715e-03 1.104827187038e-03 -5.069823275160e-01 1.266466049100e+01
27 27 8.593080004782e-06 -2.157904926159e-10 -9.423565124964e-02 2.141406435991e-02 -5.372221293593e-01 1.315176281757e+01
28 1 3.328537351946e-179 -1.200590822325e-88 6.554534739223e-91 -7.013723520250e-90 -1.151050232838e-02 4.871023265768e-01
28 2 1.064664810668e-159 -4.634146689453e-72 5.567363682431e-81 -7.948475775262e-80 3.182890243312e-01 9.742046531536e-01
28 3 1.239313122396e-147 -6.272695232115e-63 7.970313065835e-74 -1.013684229911e-73 3.473013475226e-02 1.461306979730e+00
28 4 7.679987862796e-138 -2.586851693983e-56 1.340276821978e-68 1.885575565503e-69 -3.170749652883e-01 1.948409306307e+00
28 5 6.649477260113e-130 -1.414722600828e-51 2.547495033083e-66 1.574044566566e-64 -5.855358314924e-02 2.435511632884e+00
28 6 2.539645436331e-122 -1.933069674859e-47 -1.153038374710e-60 -1.830369879792e-61 3.148898978846e-01 2.922613959461e+00
28 7 1.066498616927e-115 -2.748117993835e-44 1.661144389498e-57 -2.243056489074e-57 8.341063527824e-02 3.409716286038e+00
28 8 6.268760428355e-109 -3.056633589989e-41 1.220870957770e-54 7.636792034993e-54 -3.114699531925e-01 3.896818612614e+00
28 9 8.061537199234e-103 -7.015092759163e-39 -6.079931522373e-51 -7.770557513212e-51 -1.097747812471e-01 4.383920939191e+00
28 10 2.336282603139e-96 -1.992866923541e-36 1.433680053761e-47 1.194779799708e-47 3.063968549765e-01 4.871023265768e+00
28 11 2.005796732228e-90 -1.577281106788e-34 -1.347207906413e-44 -1.342844308317e-44 1.381864378850e-01 5.358125592345e+00
28 12 4.997469606819e-84 -1.949021880500e-32 1.221658008219e-41 3.039062625855e-41 -2.990325117033e-01 5.845227918922e+00
28 13 4.280321807597e-78 -7.795970886310e-31 1.152829081634e-38 -3.074910181042e-38 -1.692818408460e-01 6.332330245499e+00
28 14 0.000000000000e+00 -5.592426863831e-29 0.000000000000e+00 0.000000000000e+00 2.884032035444e-01 6.819432572075e+00
28 15 0.000000000000e+00 -1.402921919226e-27 0.000000000000e+00 0.000000000000e+00 2.038280677075e-01 7.306534898652e+00
28 16 0.000000000000e+00 -6.951015294298e-26 0.000000000000e+00 0.000000000000e+00 -2.729891025936e-01 7.793637225229e+00
28 17 0.000000000000e+00 -1.246776205347e-24 0.000000000000e+00 0.000000000000e+00 -2.427600342101e-01 8.280739551806e+00
28 18 0.000000000000e+00 -4.782082749508e-23 0.000000000000e+00 0.000000000000e+00 2.503222493302e-01 8.767841878383e+00
28 19 0.000000000000e+00 -6.660378059447e-22 0.000000000000e+00 0.000000000000e+00 2.871978989989e-01 9.254944204959e+00
28 20 0.000000000000e+00 -2.146782301787e-20 0.000000000000e+00 0.000000000000e+00 -2.161604472660e-01 9.742046531536e+00
28 21 0.000000000000e+00 -2.441990044313e-19 0.000000000000e+00 0.000000000000e+00 -3.383572229046e-01 1.022914885811e+01
28 22 0.000000000000e+00 -7.075589491755e-18 0.000000000000e+00 0.000000000000e+00 1.626025795184e-01 1.071625118469e+01
28 23 0.000000000000e+00 -6.725039710427e-17 0.000000000000e+00 0.000000000000e+00 3.969887694185e-01 1.120335351127e+01
28 24 0.000000000000e+00 -1.877840775423e-15 0.000000000000e+00 0.000000000000e+00 -7.304922630949e-02 1.169045583784e+01
28 25 0.000000000000e+00 -1.463558773769e-14 0.000000000000e+00 0.000000000000e+00 -4.605942896822e-01 1.217755816442e+01
28 26 0.000000000000e+00 -4.392697181408e-13 0.000000000000e+00 0.000000000000e+00 -9.564321870961e-02 1.266466049100e+01
28 27 3.020777273409e-08 -2.407758170206e-12 2.763417904274e-03 -5.019281919255e-03 5.063543969873e-01 1.315176281757e+01
28 28 6.669549521636e-06 -1.158396886764e-10 -7.783104304574e-03 8.794727640276e-02 5.456612641277e-01 1.363886514415e+01
29 1 4.592005222171e-186 -2.754359768325e-92 1.508969163498e-94 -2.612088356482e-93 3.185634021878e-01 4.871023265768e-01
29 2 2.011395431009e-166 -1.892172328269e-75 -1.657498065454e-85 -3.463250376011e-83 2.227831817204e-02 9.742046531536e-01
29 3 1.420947879926e-153 -1.242958577425e-65 7.196608835863e-77 -1.178391413010e-76 -3.178273256509e-01 1.461306979730e+00
29 4 5.172159074670e-144 -4.011019681657e-59 1.110336222713e-71 -2.933886553913e-73 -4.491605341190e-02 1.948409306307e+00
29 5 1.842572305471e-135 -7.356671645207e-54 6.119102242953e-68 2.548106548073e-67 3.162726698963e-01 2.435511632884e+00
29 6 3.231396106448e-128 -6.308181180578e-50 -1.307182601243e-63 1.597771152085e-64 6.828608146943e-02 2.922613959461e+00
29 7 4.773726792326e-121 -2.619153664851e-46 1.700204221044e-60 -5.655180777795e-60 -3.137249522253e-01 3.409716286038e+00
29 8 1.124444769800e-114 -1.641946812584e-43 5.664507648014e-57 8.671689484989e-57 -9.278945385259e-02 3.896818612614e+00
29 9 4.661500283699e-108 -1.027028283190e-40 -2.182669976441e-53 -9.300261785637e-54 3.098963808795e-01 4.383920939191e+00
29 10 4.898756709218e-102 -1.537291114248e-38 2.690221269267e-50 2.564976432918e-51 1.188726710451e-01 4.871023265768e+00
29 11 1.282826872875e-95 -3.193916958169e-36 -4.796858642200e-47 -3.615220647907e-48 -3.043470676418e-01 5.358125592345e+00
29 12 1.062756906444e-89 -1.977852728505e-34 4.480170078166e-44 1.656163677453e-44 -1.470488204354e-01 5.845227918922e+00
29 13 2.682527288730e-83 -2.038215299439e-32 -4.788637475251e-41 -6.682370651573e-41 2.964177081540e-01 6.332330245499e+00
29 14 0.000000000000e+00 -7.018391449738e-31 0.000000000000e+00 0.000000000000e+00 1.779236170910e-01 6.819432572075e+00
29 15 0.000000000000e+00 -4.514670716728e-29 0.000000000000e+00 0.000000000000e+00 -2.851120987246e-01 7.306534898652e+00
29 16 0.000000000000e+00 -1.029225586582e-27 0.000000000000e+00 0.000000000000e+00 -2.122259921656e-01 7.793637225229e+00
29 17 0.000000000000e+00 -4.773871948312e-26 0.000000000000e+00 0.000000000000e+00 2.688854702761e-01 8.280739551806e+00
29 18 0.000000000000e+00 -8.036133799986e-25 0.000000000000e+00 0.000000000000e+00 2.508375713070e-01 8.767841878383e+00
29 19 0.000000000000e+00 -2.964386054344e-23 0.000000000000e+00 0.000000000000e+00 -2.452427490395e-01 9.254944204959e+00
29 20 0.000000000000e+00 0.000000000000e+00 0.000000000000e+00 0.000000000000e+00 -2.947965078931e-01 9.742046531536e+00
29 21 0.000000000000e+00 -1.246900611562e-20 0.000000000000e+00 0.000000000000e+00 2.099174609438e-01 1.022914885811e+01
29 22 0.000000000000e+00 -1.373471969878e-19 0.000000000000e+00 0.000000000000e+00 3.451819007454e-01 1.071625118469e+01
29 23 0.000000000000e+00 -3.945007450473e-18 0.000000000000e+00 0.000000000000e+00 -1.550076960402e-01 1.120335351127e+01
29 24 0.000000000000e+00 -3.653765547932e-17 0.000000000000e+00 0.000000000000e+00 -4.025033902855e-01 1.169045583784e+01
29 25 0.000000000000e+00 -1.021292063671e-15 0.000000000000e+00 0.000000000000e+00 6.401301419290e-02 1.217755816442e+01
29 26 0.000000000000e+00 -7.770130320027e-15 0.000000000000e+00 0.000000000000e+00 4.638250362150e-01 1.266466049100e+01
29 27 0.000000000000e+00 -2.357299827186e-13 0.000000000000e+00 0.000000000000e+00 1.057068468103e-01 1.315176281757e+01
29 28 0.000000000000e+00 -1.257388328011e-12 0.000000000000e+00 0.000000000000e+00 -5.056508012573e-01 1.363886514415e+01
29 29 5.178818367789e-06 -6.218549888542e-11 7.418280139538e-02 3.146323482288e-02 -5.538369288552e-01 1.412596747073e+01
30 1 2.103543589503e-193 -2.677746374586e-96 1.313782625840e-98 -5.598431214720e-97 1.074933704907e-02 4.871023265768e-01
30 2 1.006778936071e-172 -1.600745034618e-78 -1.877672184647e-87 -2.443026804574e-86 -3.182918837087e-01 9.742046531536e-01
30 3 5.420101081367e-160 -1.044155735684e-68 3.591655298854e-80 -7.734516272848e-80 -3.240968656024e-02 1.461306979730e+00
30 4 9.333045029988e-150 -1.294904509666e-61 1.466369486109e-74 -2.756041955557e-75 3.172380435346e-01 1.948409306307e+00
30 5 1.702813399944e-141 -1.621336228991e-56 1.086433266775e-70 2.272897126541e-70 5.456067336311e-02 2.435511632884e+00
30 6 1.121768762572e-133 -4.317123602551e-52 -2.271202772820e-66 9.284657669100e-67 -3.153593967714e-01 2.922613959461e+00
30 7 7.144296358360e-127 -1.056091130670e-48 -2.683544154726e-64 -7.219183234381e-63 -7.754858587726e-02 3.409716286038e+00
30 8 5.644798741911e-120 -1.867445394419e-45 1.924373730794e-59 1.297138017200e-59 3.124585911299e-01 3.896818612614e+00
30 9 9.032105306172e-114 -6.337035858002e-43 -3.293272022434e-56 2.471487625215e-57 1.017502515402e-01 4.383920939191e+00
30 10 2.973792400422e-107 -2.541561996339e-40 5.933289112828e-53 -3.021501045341e-53 -3.082279721819e-01 4.871023265768e+00
30 11 2.752429487359e-101 -2.707928874501e-38 -5.849103173594e-50 3.929158803123e-50 -1.275887816083e-01 5.358125592345e+00
30 12 6.834422634416e-95 -4.369013614676e-36 1.102360703772e-46 -5.019810170878e-47 3.022091074781e-01 5.845227918922e+00
30 13 5.630493718673e-89 -2.208279609896e-34 -1.190315703986e-43 -4.156089222878e-45 1.555528424813e-01 6.332330245499e+00
30 14 0.000000000000e+00 -1.956087042632e-32 0.000000000000e+00 0.000000000000e+00 -2.937239730064e-01 6.819432572075e+00
30 15 0.000000000000e+00 -5.927937506260e-31 0.000000000000e+00 0.000000000000e+00 -1.862200420313e-01 7.306534898652e+00
30 16 0.000000000000e+00 -3.475189367336e-29 0.000000000000e+00 0.000000000000e+00 2.817561890329e-01 7.793637225229e+00
30 17 0.000000000000e+00 -7.287592301173e-28 0.000000000000e+00 0.000000000000e+00 2.202833266420e-01 8.280739551806e+00
30 18 0.000000000000e+00 -3.192945279105e-26 0.000000000000e+00 0.000000000000e+00 -2.647385836357e-01 8.767841878383e+00
30 19 0.000000000000e+00 -5.079171267048e-25 0.000000000000e+00 0.000000000000e+00 -2.585733480597e-01 9.254944204959e+00
30 20 0.000000000000e+00 -1.811109133452e-23 0.000000000000e+00 0.000000000000e+00 2.401522260508e-01 9.742046531536e+00
30 21 0.000000000000e+00 -2.319794720514e-22 0.000000000000e+00 0.000000000000e+00 3.020495486667e-01 1.022914885811e+01
30 22 0.000000000000e+00 -7.186941052841e-21 0.000000000000e+00 0.000000000000e+00 -2.037108969728e-01 1.071625118469e+01
30 23 0.000000000000e+00 -7.683936783058e-20 0.000000000000e+00 0.000000000000e+00 -3.516607140196e-01 1.120335351127e+01
30 24 0.000000000000e+00 -2.191328755549e-18 0.000000000000e+00 0.000000000000e+00 1.475179936258e-01 1.169045583784e+01
30 25 0.000000000000e+00 -1.980540310911e-17 0.000000000000e+00 0.000000000000e+00 4.076889965134e-01 1.217755816442e+01
30 26 0.000000000000e+00 -5.546099248349e-16 0.000000000000e+00 0.000000000000e+00 -5.517756231595e-02 1.266466049100e+01
30 27 0.000000000000e+00 -4.123046733473e-15 0.000000000000e+00 0.000000000000e+00 -4.667938459980e-01 1.315176281757e+01
30 28 0.000000000000e+00 -1.264693257109e-13 0.000000000000e+00 0.000000000000e+00 -1.154607248228e-01 1.363886514415e+01
30 29 0.000000000000e+00 -6.570317196570e-13 0.000000000000e+00 0.000000000000e+00 5.048817769248e-01 1.412596747073e+01
30 30 4.022832389105e-06 -3.338243075170e-11 4.816952869797e-02 -5.547271650522e-02 5.617652760947e-01 1.461306979730e+01
