2 1 1.788189020988e-11 -1.510249362089e-05 -3.584780737081e-06 3.828244441677e-06 2.772549801219e-01 4.947865992546e-01
2 2 2.662829135688e-03 -7.698216338980e-04 -1.081028253594e-02 1.275425538526e-01 9.320277333362e-02 9.895731985092e-01
3 1 2.790066566000e-18 -6.113814663244e-08 5.105441317804e-10 2.007748473668e-09 -3.417954461712e-01 4.947865992546e-01
3 2 2.323702917870e-10 -1.265556381974e-05 3.760032046212e-05 -3.994176292401e-06 -3.419489707049e-01 9.895731985092e-01
3 3 2.546779418616e-03 -4.721434453967e-04 1.753289607472e-01 6.720935549353e-02 -1.377061422023e-01 1.484359797764e+00
4 1 1.707403107638e-25 -2.206534255433e-10 3.699878619217e-13 3.546032905655e-13 -8.757567905274e-02 4.947865992546e-01
4 2 1.874437214055e-17 -1.368890139259e-07 -5.860034582204e-09 -8.999507928046e-09 3.131177140395e-01 9.895731985092e-01
4 3 3.594051004682e-09 -7.653624408070e-06 1.480500838443e-06 -2.230548495593e-04 3.820456813287e-01 1.484359797764e+00
4 4 1.968223399340e-03 -2.423519054838e-04 1.786889960549e-01 -1.284947783778e-01 1.737012398528e-01 1.979146397018e+00
5 1 7.924226777998e-32 -7.673302451811e-13 3.148351312744e-16 1.508976999892e-16 3.264814803118e-01 4.947865992546e-01
5 2 1.241913296860e-24 -1.088688362081e-09 -2.756356681842e-12 2.092685979434e-13 1.443084155707e-01 9.895731985092e-01
5 3 1.662992333871e-16 -1.307882506181e-07 8.013570299466e-09 4.730762618842e-08 -2.868530551310e-01 1.484359797764e+00
5 4 3.294196750061e-08 -4.232892282445e-06 -5.421055072775e-04 -7.189356160309e-04 -4.104350177732e-01 1.979146397018e+00
5 5 1.462027554946e-03 -1.220248643671e-04 3.085222579923e-02 -2.350974005828e-01 -2.048615911771e-01 2.473932996273e+00
6 1 6.466675232955e-39 -1.668726025225e-15 9.778087451048e-20 1.964706836766e-20 5.436029427421e-02 4.947865992546e-01
6 2 7.756042128211e-31 -1.013150462730e-11 -1.614441860491e-15 1.471647771023e-15 -3.176115882262e-01 9.895731985092e-01
6 3 7.227512118035e-24 -1.465007742673e-09 9.724553606564e-12 -2.343066809255e-12 -1.875704735140e-01 1.484359797764e+00
6 4 2.226229258123e-15 -9.591099255073e-08 1.755583418048e-07 -1.548218669462e-07 2.617605337119e-01 1.979146397018e+00
6 5 1.164577989431e-07 -2.263455715311e-06 -1.731659822538e-03 -1.216457572105e-03 4.317074941402e-01 2.473932996273e+00
6 6 1.081880384137e-03 -6.200227733016e-05 -1.338091333716e-01 -2.049508751718e-01 2.326314039411e-01 2.968719595528e+00
7 1 2.061390505074e-45 -4.172720699237e-18 5.630843413409e-23 4.609090943227e-25 -3.225134779692e-01 4.947865992546e-01
7 2 1.170179172230e-37 -5.659995411200e-14 -2.691485998553e-19 8.047059789969e-19 -9.540938223497e-02 9.895731985092e-01
7 3 3.607867992885e-30 -2.180667243032e-11 2.049990685644e-15 -6.763466336919e-15 3.077203452160e-01 1.484359797764e+00
7 4 5.776248716572e-23 -1.301728581533e-09 -3.747522756809e-11 -4.149819277990e-12 2.226976241600e-01 1.979146397018e+00
7 5 0.000000000000e+00 -6.257729388545e-08 0.000000000000e+00 0.000000000000e+00 -2.376830105951e-01 2.473932996273e+00
7 6 2.220493711408e-07 -1.192993584123e-06 -3.312804815855e-03 -1.149536973226e-03 -4.481509856929e-01 2.968719595528e+00
7 7 8.044164306765e-04 -3.192574926468e-05 -2.308267449992e-01 -8.573059972576e-02 -2.577844184393e-01 3.463506194782e+00
8 1 1.337245200155e-52 -5.520388874107e-21 1.417297647560e-26 -2.196173344803e-27 -3.995034155469e-02 4.947865992546e-01
8 2 7.561239333440e-44 -4.107758343318e-16 4.998528839709e-23 6.802444650968e-22 3.181379970571e-01 9.895731985092e-01
8 3 5.527385106592e-37 -1.873169880463e-13 -1.307007841763e-18 -2.437987559126e-18 1.290668018160e-01 1.484359797764e+00
8 4 1.969739346941e-29 -2.580794323818e-11 -4.899043206111e-15 2.146576634746e-14 -2.969992004816e-01 1.979146397018e+00
8 5 6.482538679414e-22 -9.586818810141e-10 9.861080949978e-11 1.233072517412e-10 -2.521574107521e-01 2.473932996273e+00
8 6 0.000000000000e+00 -3.839266386551e-08 0.000000000000e+00 0.000000000000e+00 2.146069084659e-01 2.968719595528e+00
8 7 3.085298164016e-07 -6.247938965176e-07 -4.819753406598e-03 -1.567834521847e-04 4.611094568994e-01 3.463506194782e+00
8 8 6.019881779077e-04 -1.663938423087e-05 -2.369977542480e-01 5.563334134873e-02 2.808107946849e-01 3.958292794037e+00
9 1 2.840231106522e-59 -9.786930400098e-24 6.333737457550e-30 -1.890105396210e-30 3.208813026011e-01 4.947865992546e-01
9 2 1.159214031296e-50 -1.553082764606e-18 1.058104908109e-25 2.452116238090e-25 7.224185612695e-02 9.895731985092e-01
9 3 4.015581402093e-43 -2.292180720220e-15 -2.110030288667e-21 -1.052093215974e-21 -3.128622650449e-01 1.484359797764e+00
9 4 2.473017197033e-36 -2.838668547188e-13 5.919219169416e-18 5.082044317117e-18 -1.578275719183e-01 1.979146397018e+00
9 5 1.445555334106e-28 -2.317457681635e-11 3.841063951636e-14 -6.390260699385e-14 2.856898218686e-01 2.473932996273e+00
9 6 0.000000000000e+00 -6.380873784157e-10 0.000000000000e+00 0.000000000000e+00 2.773591525953e-01 2.968719595528e+00
9 7 0.000000000000e+00 -2.272064716173e-08 0.000000000000e+00 0.000000000000e+00 -1.925236655528e-01 3.463506194782e+00
9 8 3.597518264961e-07 -3.263682246698e-07 -5.699243284555e-03 1.713055949411e-03 -4.714515182148e-01 3.958292794037e+00
9 9 4.533115439675e-04 -8.759085343181e-06 -1.689786859618e-01 1.671124548522e-01 -3.020544133047e-01 4.453079393291e+00
10 1 1.392914862245e-66 -8.544745915889e-27 1.342010812741e-33 -5.844681546314e-34 3.173437151401e-02 4.947865992546e-01
10 2 6.085324928641e-57 -8.501237328724e-21 1.231522219573e-28 1.492500223191e-28 -3.182599087454e-01 9.895731985092e-01
10 3 7.871668340784e-50 -1.437572695246e-17 -1.042414595696e-24 5.583151934160e-26 -9.971845621959e-02 1.484359797764e+00
10 4 1.624412294263e-42 -4.784739984808e-15 6.259773544791e-21 -8.912013208553e-22 3.068625274238e-01 1.979146397018e+00
10 5 1.353436836832e-35 -2.989631180216e-13 -1.744919050351e-17 -1.469671342042e-17 1.829949728918e-01 2.473932996273e+00
10 6 0.000000000000e+00 -1.788813455970e-11 0.000000000000e+00 0.000000000000e+00 -2.740001824632e-01 2.968719595528e+00
10 7 0.000000000000e+00 -3.996652882739e-10 0.000000000000e+00 0.000000000000e+00 -2.992132215662e-01 3.463506194782e+00
10 8 0.000000000000e+00 -1.314375340197e-08 0.000000000000e+00 0.000000000000e+00 1.714105887154e-01 3.958292794037e+00
10 9 3.769831966103e-07 -1.703628757691e-07 -5.523781959782e-03 4.056854499011e-03 4.797742061342e-01 4.453079393291e+00
10 10 3.432373425103e-04 -4.647487018787e-06 -6.116516820117e-02 2.214857674140e-01 3.217727879670e-01 4.947865992546e+00
11 1 2.067002097245e-73 -1.111211888715e-29 4.901383636472e-37 -2.787701285549e-37 -3.200478507078e-01 4.947865992546e-01
11 2 8.065484222768e-64 -2.270381170846e-23 5.683835397220e-32 4.161689575777e-32 -5.843020454017e-02 9.895731985092e-01
11 3 5.586439165468e-56 -1.390731359176e-19 -7.756126184099e-28 4.144945483544e-28 3.149434394857e-01 1.484359797764e+00
11 4 3.204200117781e-49 -4.058907241961e-17 1.853726868217e-24 -2.109424259731e-24 1.238135894601e-01 1.979146397018e+00
11 5 7.256928822833e-42 -6.279304117239e-15 -1.537198100567e-20 6.539822164867e-21 -3.002849407402e-01 2.473932996273e+00
11 6 9.545714473586e-35 -2.576595916384e-13 3.909432825413e-17 6.129949034108e-17 -2.053548137656e-01 2.968719595528e+00
11 7 0.000000000000e+00 -1.259128862506e-11 0.000000000000e+00 0.000000000000e+00 2.620928581365e-01 3.463506194782e+00
11 8 0.000000000000e+00 -2.406921693318e-10 0.000000000000e+00 0.000000000000e+00 3.183552379211e-01 3.958292794037e+00
11 9 0.000000000000e+00 -7.489482649963e-09 0.000000000000e+00 0.000000000000e+00 -1.512327552482e-01 4.453079393291e+00
11 10 3.683477238629e-07 -8.895448882720e-08 -4.149716398440e-03 6.280086114613e-03 -4.865058345037e-01 4.947865992546e+00
11 11 2.611240180460e-04 -2.481303221003e-06 5.039471951975e-02 2.146198399302e-01 -3.401672804847e-01 5.442652591801e+00
12 1 7.757707473056e-81 -6.837305155221e-33 8.930842430951e-41 -6.290461990322e-41 -2.637852807259e-02 4.947865992546e-01
12 2 3.316496716277e-70 -9.520945725115e-26 4.138535991765e-35 1.810634702217e-35 3.182973116705e-01 9.895731985092e-01
12 3 1.083185938212e-62 -6.501314661503e-22 -2.483612819221e-31 2.971056658335e-31 8.169845321181e-02 1.484359797764e+00
12 4 2.424603326247e-55 -5.600170823891e-19 2.941965844254e-28 -2.425021283345e-27 -3.110680776601e-01 1.979146397018e+00
12 5 1.277918423630e-48 -6.508869755561e-17 -1.778228893363e-24 6.780898565723e-24 -1.453496475422e-01 2.473932996273e+00
12 6 3.967946601902e-41 -6.366394650245e-15 4.370477240665e-20 -1.694597318980e-20 2.932541144224e-01 2.968719595528e+00
12 7 0.000000000000e+00 -1.964270241075e-13 0.000000000000e+00 0.000000000000e+00 2.254303165902e-01 3.463506194782e+00
12 8 0.000000000000e+00 -8.342898132931e-12 0.000000000000e+00 0.000000000000e+00 -2.500907170184e-01 3.958292794037e+00
12 9 0.000000000000e+00 -1.411270233726e-10 0.000000000000e+00 0.000000000000e+00 -3.352528365652e-01 4.453079393291e+00
12 10 0.000000000000e+00 -4.223145576768e-09 0.000000000000e+00 0.000000000000e+00 1.319476243347e-01 4.947865992546e+00
12 11 3.429160823461e-07 -4.648501568541e-08 -1.759880873410e-03 7.792787951190e-03 4.919635177572e-01 5.442652591801e+00
12 12 1.994581949080e-04 -1.331250659968e-06 1.376156890618e-01 1.588784720404e-01 3.574001117629e-01 5.937439191055e+00
13 1 8.427291105930e-88 -6.757262727142e-36 2.751496575785e-44 -2.322113890303e-44 3.195639826970e-01 4.947865992546e-01
13 2 3.655449680868e-77 -1.876364646010e-28 1.465528872917e-38 3.183792121829e-39 4.916999623368e-02 9.895731985092e-01
13 3 6.740551832196e-69 -4.995193909317e-24 -1.069308320509e-34 2.861490449928e-34 -3.160051768227e-01 1.484359797764e+00
13 4 5.367289208723e-62 -3.692998615482e-21 -4.520516078680e-31 -1.056698872005e-30 -1.024513950358e-01 1.979146397018e+00
13 5 9.140267758319e-55 -1.148387234089e-18 2.921102549529e-27 5.159098357217e-27 3.067302508361e-01 2.473932996273e+00
13 6 5.836468394335e-48 -7.605874394206e-17 1.300250901581e-24 -1.793061976086e-23 1.648469103761e-01 2.968719595528e+00
13 7 0.000000000000e+00 -5.505964963557e-15 0.000000000000e+00 0.000000000000e+00 -2.858744978737e-01 3.463506194782e+00
13 8 0.000000000000e+00 -1.381406352696e-13 0.000000000000e+00 0.000000000000e+00 -2.435951649861e-01 3.958292794037e+00
13 9 0.000000000000e+00 -5.301562632027e-12 0.000000000000e+00 0.000000000000e+00 2.380853150500e-01 4.453079393291e+00
13 10 0.000000000000e+00 -8.119301533203e-11 0.000000000000e+00 0.000000000000e+00 3.502630846807e-01 4.947865992546e+00
13 11 0.000000000000e+00 -2.363559379086e-09 0.000000000000e+00 0.000000000000e+00 -1.135088579565e-01 5.442652591801e+00
13 12 3.083062209120e-07 -2.431791500479e-08 1.199226648180e-03 8.176331030790e-03 -4.963878193738e-01 5.937439191055e+00
13 13 1.528804093338e-04 -7.169711583214e-07 1.845832723640e-01 7.530890953512e-02 -3.736048012859e-01 6.432225790310e+00
14 1 2.475469877264e-95 -3.079452838773e-39 4.380540413988e-48 -4.346124632684e-48 2.259442395267e-02 4.947865992546e-01
14 2 1.184148382954e-83 -6.170417279759e-31 8.530712611584e-42 2.927692913902e-43 -3.183104273878e-01 9.895731985092e-01
14 3 1.185514064365e-75 -1.791551270158e-26 -6.699659789743e-39 1.279345320779e-37 -6.938269296394e-02 1.484359797764e+00
14 4 3.957416758071e-68 -4.164559812364e-23 -7.526356827417e-34 -6.383680991678e-34 3.132759297014e-01 1.979146397018e+00
14 5 2.029268765433e-61 -9.566905193988e-21 2.591224705242e-30 1.043628298911e-30 1.212522432226e-01 2.473932996273e+00
14 6 3.684067606087e-54 -1.609770692171e-18 -1.100715860591e-26 -9.102187177825e-27 -3.020079814447e-01 2.968719595528e+00
14 7 0.000000000000e+00 -7.307301816832e-17 0.000000000000e+00 0.000000000000e+00 -1.826602051537e-01 3.463506194782e+00
14 8 0.000000000000e+00 -4.286594111860e-15 0.000000000000e+00 0.000000000000e+00 2.782323702470e-01 3.958292794037e+00
14 9 0.000000000000e+00 -9.186469871957e-14 0.000000000000e+00 0.000000000000e+00 2.601300912759e-01 4.453079393291e+00
14 10 0.000000000000e+00 -3.268963039695e-12 0.000000000000e+00 0.000000000000e+00 -2.261443429419e-01 4.947865992546e+00
14 11 0.000000000000e+00 -4.606769628139e-11 0.000000000000e+00 0.000000000000e+00 -3.636662452201e-01 5.442652591801e+00
14 12 0.000000000000e+00 -1.315548719154e-09 0.000000000000e+00 0.000000000000e+00 9.586896550988e-02 5.937439191055e+00
14 13 2.700922070152e-07 -1.273684999257e-08 4.146211812228e-03 7.281581928354e-03 4.999648135187e-01 6.432225790310e+00
14 14 1.175250386275e-04 -3.873020598998e-07 1.877587478860e-01 -1.338602341578e-02 3.888930237113e-01 6.927012389564e+00
15 1 2.045625474206e-102 -2.384195743135e-42 1.163305776385e-51 -1.339149703710e-51 -3.192578443650e-01 4.947865992546e-01
15 2 1.080294329128e-90 -9.306932158323e-34 2.556123570995e-45 -3.363211612897e-46 -4.249699978454e-02 9.895731985092e-01
15 3 6.265867845709e-82 -1.109586381415e-28 2.067716089336e-41 9.081219885931e-41 3.166252855254e-01 1.484359797764e+00
15 4 8.644835768958e-75 -2.175587960396e-25 -4.424148631596e-37 -1.305001964669e-37 8.763644698919e-02 1.979146397018e+00
15 5 1.558719093372e-67 -1.411407035834e-22 2.394470862682e-33 -5.104937396958e-34 -3.101793708005e-01 2.473932996273e+00
15 6 7.599870212316e-61 -1.587760586322e-20 -6.427003469286e-30 8.822372866260e-31 -1.384737564332e-01 2.968719595528e+00
15 7 1.716446861530e-53 -1.780907947924e-18 3.039894917176e-26 1.922575049916e-26 2.969671937694e-01 3.463506194782e+00
15 8 0.000000000000e+00 -6.165374631052e-17 0.000000000000e+00 0.000000000000e+00 1.990460088701e-01 3.958292794037e+00
15 9 0.000000000000e+00 -3.101515943850e-15 0.000000000000e+00 0.000000000000e+00 -2.703983959710e-01 4.453079393291e+00
15 10 0.000000000000e+00 -5.867247775308e-14 0.000000000000e+00 0.000000000000e+00 -2.752540169268e-01 4.947865992546e+00
15 11 0.000000000000e+00 -1.970997504775e-12 0.000000000000e+00 0.000000000000e+00 2.143174962153e-01 5.442652591801e+00
15 12 0.000000000000e+00 -2.586710562954e-11 0.000000000000e+00 0.000000000000e+00 3.756870183108e-01 5.937439191055e+00
15 13 0.000000000000e+00 -7.292097311311e-10 0.000000000000e+00 0.000000000000e+00 -7.898100097999e-02 6.432225790310e+00
15 14 2.319727008633e-07 -6.679419375115e-09 6.512661315272e-03 5.246190315334e-03 -5.028407474371e-01 6.927012389564e+00
15 15 9.057474010893e-05 -2.097137341661e-07 1.535979700908e-01 -8.806440260005e-02 -4.033593584444e-01 7.421798988819e+00
16 1 4.808906074963e-110 -8.359938897203e-46 1.637660633079e-55 -2.171445763647e-55 -1.977206939337e-02 4.947865992546e-01
16 2 2.800350055788e-97 -2.454394795319e-36 1.260499968642e-48 -3.662660164293e-49 3.183151853159e-01 9.895731985092e-01
16 3 9.686261827408e-89 -3.135754267458e-31 1.682248803458e-44 3.252629130612e-44 6.038326010441e-02 1.484359797764e+00
16 4 5.820913245066e-81 -2.023728568072e-27 -3.769707679620e-40 3.396561890899e-41 -3.145895384372e-01 1.979146397018e+00
16 5 3.698308297605e-74 -9.564158772245e-25 8.787911330865e-37 -8.061762594748e-37 -1.043365528062e-01 2.473932996273e+00
16 6 5.633327089534e-67 -2.861656855353e-22 -3.624367827288e-33 4.249568094926e-33 3.067692823141e-01 2.968719595528e+00
16 7 3.135618726188e-60 -1.994972852058e-20 1.400227285036e-29 -6.346272243057e-30 1.543770549643e-01 3.463506194782e+00
16 8 0.000000000000e+00 -1.682759935093e-18 0.000000000000e+00 0.000000000000e+00 -2.916641899175e-01 3.958292794037e+00
16 9 0.000000000000e+00 -4.750859082031e-17 0.000000000000e+00 0.000000000000e+00 -2.141982918864e-01 4.453079393291e+00
16 10 0.000000000000e+00 -2.127926996816e-15 0.000000000000e+00 0.000000000000e+00 2.624302019470e-01 4.947865992546e+00
16 11 0.000000000000e+00 -3.636150187707e-14 0.000000000000e+00 0.000000000000e+00 2.891425392819e-01 5.442652591801e+00
16 12 0.000000000000e+00 -1.168244313760e-12 0.000000000000e+00 0.000000000000e+00 -2.026409235807e-01 5.937439191055e+00
16 13 0.000000000000e+00 -1.440890382523e-11 0.000000000000e+00 0.000000000000e+00 -3.865086221217e-01 6.432225790310e+00
16 14 0.000000000000e+00 -4.029250200440e-10 0.000000000000e+00 0.000000000000e+00 6.279959345874e-02 6.927012389564e+00
16 15 1.961762033645e-07 -3.507151776918e-09 7.869920113990e-03 2.441396516892e-03 5.051321231237e-01 7.421798988819e+00
16 16 6.995699307519e-05 -1.137668797025e-07 9.486831468902e-02 -1.361902963988e-01 4.170847194490e-01 7.916585588074e+00
17 1 3.117855775829e-117 -5.200174990272e-49 3.805647078395e-59 -5.785864695723e-59 3.190517675230e-01 4.947865992546e-01
17 2 2.127847088533e-104 -2.918390854771e-39 3.297653956449e-52 -1.489222604733e-52 3.744599152695e-02 9.895731985092e-01
17 3 4.320771915195e-95 -1.591256915326e-33 1.595013983136e-47 1.854066026523e-47 -3.170211362372e-01 1.484359797764e+00
17 4 1.186374554210e-87 -8.540362836010e-30 -1.549639792597e-43 7.200321419293e-44 -7.669462203113e-02 1.979146397018e+00
17 5 2.778130933432e-80 -1.186337608996e-26 3.520012229515e-40 -9.718192073028e-40 3.122566282295e-01 2.473932996273e+00
17 6 1.338396146466e-73 -2.347040055540e-24 -1.462862613989e-37 2.718463828005e-36 1.197620912584e-01 2.968719595528e+00
17 7 2.136033727871e-66 -4.201775453044e-22 3.457364658469e-33 -1.220837494921e-32 -3.030902987769e-01 3.463506194782e+00
17 8 1.489664063014e-59 -2.081061611984e-20 -3.345564847535e-29 1.863400793153e-29 -1.691537768127e-01 3.958292794037e+00
17 9 0.000000000000e+00 -1.423615691520e-18 0.000000000000e+00 0.000000000000e+00 2.861471088990e-01 4.453079393291e+00
17 10 0.000000000000e+00 -3.427408149354e-17 0.000000000000e+00 0.000000000000e+00 2.282690462490e-01 4.947865992546e+00
17 11 0.000000000000e+00 -1.402998571977e-15 0.000000000000e+00 0.000000000000e+00 -2.543746929946e-01 5.442652591801e+00
17 12 0.000000000000e+00 -2.202126161033e-14 0.000000000000e+00 0.000000000000e+00 -3.019396025681e-01 5.937439191055e+00
17 13 0.000000000000e+00 -6.832608189017e-13 0.000000000000e+00 0.000000000000e+00 1.911405556361e-01 6.432225790310e+00
17 14 0.000000000000e+00 -7.976470186266e-12 0.000000000000e+00 0.000000000000e+00 3.962825207938e-01 6.927012389564e+00
17 15 0.000000000000e+00 -2.220890234562e-10 0.000000000000e+00 0.000000000000e+00 -4.728153197894e-02 7.421798988819e+00
17 16 1.638780321810e-07 -1.843724807097e-09 8.008682909416e-03 -6.270504776953e-04 -5.069328233623e-01 7.916585588074e+00
17 17 5.413474232965e-05 -6.180820530400e-08 2.672018641957e-02 -1.528111283609e-01 -4.301389139691e-01 8.411372187328e+00
18 1 5.983425548757e-125 -1.445517465899e-52 4.777545628767e-63 -8.319418747992e-63 1.758310969481e-02 4.947865992546e-01
18 2 4.489798287305e-111 -6.295095319907e-42 1.411831152280e-55 -8.770601229888e-56 -3.183167410423e-01 9.895731985092e-01
18 3 5.811638269184e-102 -3.625642559244e-36 7.174366260231e-51 5.383694597618e-51 -5.349750584301e-02 1.484359797764e+00
18 4 7.105554501007e-94 -6.631275438170e-32 -9.655669235290e-47 9.035787193987e-47 3.154393278557e-01 1.979146397018e+00
18 5 6.514649578998e-87 -6.633178530376e-29 -4.622429935396e-44 -4.983832339835e-43 9.173322095161e-02 2.473932996273e+00
18 6 1.034561812083e-79 -3.613463936612e-26 1.220725270376e-39 2.058828563605e-39 -3.096664871914e-01 2.968719595528e+00
18 7 4.819564770831e-73 -3.987330186129e-24 -2.895828836181e-36 -5.285862915701e-36 -1.341138424761e-01 3.463506194782e+00
18 8 9.028386349705e-66 -4.967861764400e-22 -1.371756721663e-33 2.978123481728e-32 2.991807238575e-01 3.958292794037e+00
18 9 0.000000000000e+00 -1.904803385268e-20 0.000000000000e+00 0.000000000000e+00 1.829500551342e-01 4.453079393291e+00
18 10 0.000000000000e+00 -1.111149390714e-18 0.000000000000e+00 0.000000000000e+00 -2.804570703176e-01 4.947865992546e+00
18 11 0.000000000000e+00 -2.353427261479e-17 0.000000000000e+00 0.000000000000e+00 -2.413807529645e-01 5.442652591801e+00
18 12 0.000000000000e+00 -8.971745155628e-16 0.000000000000e+00 0.000000000000e+00 2.462700178080e-01 5.937439191055e+00
18 13 0.000000000000e+00 -1.309845009723e-14 0.000000000000e+00 0.000000000000e+00 3.137652468596e-01 6.432225790310e+00
18 14 0.000000000000e+00 -3.953996720234e-13 0.000000000000e+00 0.000000000000e+00 -1.798345914798e-01 6.927012389564e+00
18 15 0.000000000000e+00 -4.393927526959e-12 0.000000000000e+00 0.000000000000e+00 -4.051353723158e-01 7.421798988819e+00
18 16 0.000000000000e+00 -1.221760092627e-10 0.000000000000e+00 0.000000000000e+00 3.238606007370e-02 7.916585588074e+00
18 17 1.355477158561e-07 -9.703835076980e-10 6.961537158057e-03 -3.434204418301e-03 5.083192653502e-01 8.411372187328e+00
18 18 4.195999027639e-05 -3.361886353428e-08 -3.671711559053e-02 -1.398709394103e-01 4.425826010812e-01 8.906158786583e+00
19 1 3.120949237139e-132 -7.377223479950e-56 9.812876802318e-67 -1.959017835308e-66 -3.189063794073e-01 4.947865992546e-01
19 2 2.869159813320e-118 -6.044917586462e-45 3.268300213218e-59 -2.640397488269e-59 -3.348312081282e-02 9.895731985092e-01
19 3 2.194995846056e-108 -1.530815314164e-38 4.982404146651e-54 2.358587861395e-54 3.172902573334e-01 1.484359797764e+00
19 4 1.317012945782e-100 -2.301291140246e-34 -2.849150671955e-50 4.929079768909e-50 6.825251950711e-02 1.979146397018e+00
19 5 4.578541426136e-93 -6.978094300464e-31 -1.999752186935e-46 -3.688887449117e-46 -3.136120918615e-01 2.473932996273e+00
19 6 2.566476137344e-86 -2.490065120846e-28 1.047603074929e-42 5.689715685482e-43 -1.057142755627e-01 2.968719595528e+00
19 7 3.635809720760e-79 -7.269463581119e-26 -4.882844904750e-39 -1.887263144802e-39 3.068515083216e-01 3.463506194782e+00
19 8 1.865983920992e-72 -5.287806151021e-24 1.027836553377e-35 8.834752447993e-36 1.475417457063e-01 3.958292794037e+00
19 9 4.369109580116e-65 -5.041688212234e-22 -9.050080420553e-35 -7.378133595154e-32 -2.950738879407e-01 4.453079393291e+00
19 10 0.000000000000e+00 -1.584700983521e-20 0.000000000000e+00 0.000000000000e+00 -1.958808907111e-01 4.947865992546e+00
19 11 0.000000000000e+00 -8.162895005313e-19 0.000000000000e+00 0.000000000000e+00 2.746291650546e-01 5.442652591801e+00
19 12 0.000000000000e+00 -1.555707307680e-17 0.000000000000e+00 0.000000000000e+00 2.536343412629e-01 5.937439191055e+00
19 13 0.000000000000e+00 -5.601057173271e-16 0.000000000000e+00 0.000000000000e+00 -2.381471914187e-01 6.432225790310e+00
19 14 0.000000000000e+00 -7.680182244045e-15 0.000000000000e+00 0.000000000000e+00 -3.247209716568e-01 6.927012389564e+00
19 15 0.000000000000e+00 -2.268676560177e-13 0.000000000000e+00 0.000000000000e+00 1.687353620085e-01 7.421798988819e+00
19 16 0.000000000000e+00 -2.410925752760e-12 0.000000000000e+00 0.000000000000e+00 4.131741277362e-01 7.916585588074e+00
19 17 0.000000000000e+00 -6.710725906599e-11 0.000000000000e+00 0.000000000000e+00 -1.807498482645e-02 8.411372187328e+00
19 18 1.112109719136e-07 -5.112970574636e-10 4.972963636082e-03 -5.540304467572e-03 -5.093542005924e-01 8.906158786583e+00
19 19 3.257007974062e-05 -1.830289054796e-08 -8.475160594002e-02 -1.044180682240e-01 -4.544688216877e-01 9.400945385837e+00
20 1 4.974251616041e-140 -1.665213372747e-59 1.103883696884e-70 -2.536313477960e-70 -1.583431142108e-02 4.947865992546e-01
20 2 5.007658014041e-125 -1.084870290838e-47 1.228308772392e-62 -1.253949798158e-62 3.183169988755e-01 9.895731985092e-01
20 3 2.566260386743e-115 -2.867294148071e-41 1.824846105318e-57 4.718475708583e-58 4.804816580330e-02 1.484359797764e+00
20 4 6.948252904152e-107 -1.509514258433e-36 -1.023703733784e-53 4.006573325968e-53 -3.160230236019e-01 1.979146397018e+00
20 5 1.019639994556e-99 -3.264277928353e-33 -1.515446385965e-49 -1.274548630174e-49 -8.194252358590e-02 2.473932996273e+00
20 6 1.947545781592e-92 -3.295834539877e-30 1.038485117423e-45 3.644559368696e-48 3.115706115832e-01 2.968719595528e+00
20 7 9.024032370082e-86 -5.887166115852e-28 -2.513154583748e-42 6.969041496935e-43 1.187964976668e-01 3.463506194782e+00
20 8 1.324701207989e-78 -1.104893414657e-25 1.135493623951e-38 -1.215008312422e-39 -3.038392471163e-01 3.958292794037e+00
20 9 8.065023411691e-72 -5.886050478861e-24 -2.738508768961e-35 -1.596617886823e-35 -1.601613930718e-01 4.453079393291e+00
20 10 0.000000000000e+00 -4.575176384427e-22 0.000000000000e+00 0.000000000000e+00 2.907989516714e-01 4.947865992546e+00
20 11 0.000000000000e+00 -1.226921974506e-20 0.000000000000e+00 0.000000000000e+00 2.080391673993e-01 5.442652591801e+00
20 12 0.000000000000e+00 -5.723054478585e-19 0.000000000000e+00 0.000000000000e+00 -2.686933256181e-01 5.937439191055e+00
20 13 0.000000000000e+00 -9.981195686270e-18 0.000000000000e+00 0.000000000000e+00 -2.651144922168e-01 6.432225790310e+00
20 14 0.000000000000e+00 -3.430248275548e-16 0.000000000000e+00 0.000000000000e+00 2.300314156230e-01 6.927012389564e+00
20 15 0.000000000000e+00 -4.451345683544e-15 0.000000000000e+00 0.000000000000e+00 3.348935792011e-01 7.421798988819e+00
20 16 0.000000000000e+00 -1.292625044777e-13 0.000000000000e+00 0.000000000000e+00 -1.578507332947e-01 7.916585588074e+00
20 17 0.000000000000e+00 -1.318653031984e-12 0.000000000000e+00 0.000000000000e+00 -4.204898590632e-01 8.411372187328e+00
20 18 0.000000000000e+00 -3.681342870144e-11 0.000000000000e+00 0.000000000000e+00 4.312669923236e-03 8.906158786583e+00
20 19 9.063536736899e-08 -2.696877527568e-10 2.431385468113e-03 -6.664655604841e-03 5.100895636584e-01 9.400945385837e+00
20 20 2.531334862158e-05 -9.971740713670e-09 -1.113805829401e-01 -5.629624845714e-02 4.658442138351e-01 9.895731985092e+00
21 1 2.130760287979e-147 -7.096192648817e-63 2.014094578970e-74 -5.359010927348e-74 3.187999570470e-01 4.947865992546e-01
21 2 2.719401804066e-132 -8.582383442158e-51 2.524708248148e-66 -3.218368556825e-66 3.028758029730e-02 9.895731985092e-01
21 3 8.262932282596e-122 -1.021290672527e-43 1.066498417753e-60 8.057688581125e-62 -3.174820283124e-01 1.484359797764e+00
21 4 1.158002585109e-113 -4.375917190760e-39 1.101731543510e-58 1.688159086385e-56 -6.152589451811e-02 1.979146397018e+00
21 5 6.560947758334e-106 -2.939900404641e-35 -1.491689675249e-52 -5.457942240237e-53 3.145493329737e-01 2.473932996273e+00
21 6 4.784435683999e-99 -1.928939764047e-32 4.625822578860e-49 -2.257399360219e-49 9.473724205707e-02 2.968719595528e+00
21 7 6.994867654866e-92 -9.335242018576e-30 -1.503179116941e-45 1.735697452105e-45 -3.093397222564e-01 3.463506194782e+00
21 8 3.164055431580e-85 -1.017317825102e-27 3.681264937794e-42 -4.194875239913e-42 -1.311005234571e-01 3.958292794037e+00
21 9 5.250910287816e-78 -1.376581239610e-25 -2.347032642535e-38 1.016765176230e-38 3.006537449168e-01 4.453079393291e+00
21 10 3.959325882917e-71 -5.761852232423e-24 6.812517720297e-35 3.806883564956e-35 1.720643493948e-01 4.947865992546e+00
21 11 0.000000000000e+00 -3.815699381744e-22 0.000000000000e+00 0.000000000000e+00 -2.863814792571e-01 5.442652591801e+00
21 12 0.000000000000e+00 -8.986149012176e-21 0.000000000000e+00 0.000000000000e+00 -2.195015364568e-01 5.937439191055e+00
21 13 0.000000000000e+00 -3.867514524062e-19 0.000000000000e+00 0.000000000000e+00 2.626750840876e-01 6.432225790310e+00
21 14 0.000000000000e+00 -6.252567888370e-18 0.000000000000e+00 0.000000000000e+00 2.758933057851e-01 6.927012389564e+00
21 15 0.000000000000e+00 -2.068299534912e-16 0.000000000000e+00 0.000000000000e+00 -2.219431470565e-01 7.421798988819e+00
21 16 0.000000000000e+00 -2.555586140919e-15 0.000000000000e+00 0.000000000000e+00 -3.443580093869e-01 7.916585588074e+00
21 17 0.000000000000e+00 -7.322521912455e-14 0.000000000000e+00 0.000000000000e+00 1.471851697544e-01 8.411372187328e+00
21 18 0.000000000000e+00 -7.193617288330e-13 0.000000000000e+00 0.000000000000e+00 4.271606881194e-01 8.906158786583e+00
21 19 0.000000000000e+00 -2.017415443119e-11 0.000000000000e+00 0.000000000000e+00 8.934041727912e-03 9.400945385837e+00
21 20 7.345534340009e-08 -1.423909843767e-10 -2.172672852350e-04 -6.719278417794e-03 -5.105686389427e-01 9.895731985092e+00
21 21 1.969527325027e-05 -5.435867132737e-09 -1.154390501561e-01 -5.842027441441e-03 -4.767499912191e-01 1.039051858435e+01
22 1 2.862623981263e-155 -1.326526897168e-66 2.030352665200e-78 -6.317503158668e-78 1.440421982776e-02 4.947865992546e-01
22 2 3.983092310782e-139 -1.300469772550e-53 8.331907926120e-70 -1.325340188710e-69 -3.183167277598e-01 9.895731985092e-01
22 3 8.422985502288e-129 -1.598708348236e-46 3.400215567283e-64 -3.150002505520e-65 -4.362245188473e-02 1.484359797764e+00
22 4 5.370704074872e-120 -2.452151757550e-41 2.816568577654e-60 1.114662739099e-59 3.164424240595e-01 1.979146397018e+00
22 5 1.358731243971e-112 -1.165258196814e-37 -7.226270915805e-56 -1.771155150101e-57 7.409766826571e-02 2.473932996273e+00
22 6 3.450109717187e-105 -2.211307949919e-34 2.787591463543e-52 -3.366676971926e-52 -3.128943721227e-01 2.968719595528e+00
22 7 1.789717952603e-98 -6.505982129275e-32 -1.977309517639e-49 1.144488608598e-48 -1.067646501590e-01 3.463506194782e+00
22 8 2.409832372241e-91 -1.867406211089e-29 1.868593825370e-46 -4.867113071641e-45 3.069402792858e-01 3.958292794037e+00
22 9 1.173583096166e-84 -1.406764139979e-27 -3.688928937397e-42 1.151583402610e-41 1.427205069222e-01 4.453079393291e+00
22 10 2.320560873954e-77 -1.481694755875e-25 5.088403036613e-38 -3.131016108274e-38 -2.973162496550e-01 4.947865992546e+00
22 11 0.000000000000e+00 -5.117968406761e-24 0.000000000000e+00 0.000000000000e+00 -1.833248457011e-01 5.442652591801e+00
22 12 0.000000000000e+00 -2.981057003825e-22 0.000000000000e+00 0.000000000000e+00 2.818438993670e-01 5.937439191055e+00
22 13 0.000000000000e+00 -6.299675578875e-21 0.000000000000e+00 0.000000000000e+00 2.303323940489e-01 6.432225790310e+00
22 14 0.000000000000e+00 -2.537600969132e-19 0.000000000000e+00 0.000000000000e+00 -2.565962248308e-01 6.927012389564e+00
22 15 0.000000000000e+00 -3.841511407678e-18 0.000000000000e+00 0.000000000000e+00 -2.860329186346e-01 7.421798988819e+00
22 16 0.000000000000e+00 -1.231210067615e-16 0.000000000000e+00 0.000000000000e+00 2.138989596852e-01 7.916585588074e+00
22 17 0.000000000000e+00 -1.455715193080e-15 0.000000000000e+00 0.000000000000e+00 3.531794826999e-01 8.411372187328e+00
22 18 0.000000000000e+00 -4.128089831641e-14 0.000000000000e+00 0.000000000000e+00 -1.367405443138e-01 8.906158786583e+00
22 19 0.000000000000e+00 -3.915927104190e-13 0.000000000000e+00 0.000000000000e+00 -4.332540641383e-01 9.400945385837e+00
22 20 0.000000000000e+00 -1.104622946929e-11 0.000000000000e+00 0.000000000000e+00 -2.169594598540e-02 9.895731985092e+00
22 21 5.925273673619e-08 -7.525111108458e-11 -2.554973644146e-03 -5.802262377591e-03 5.108277298127e-01 1.039051858435e+01
22 22 1.533908985715e-05 -2.964548764854e-09 -9.987231365805e-02 3.801813170775e-02 4.872227401083e-01 1.088530518360e+01
23 1 1.024451899070e-162 -4.790929843337e-70 3.284702172712e-82 -1.211581537253e-81 -3.187197065137e-01 4.947865992546e-01
23 2 1.856675169900e-146 -8.618081418041e-57 1.507674701456e-73 -3.025019798242e-73 -2.765431825375e-02 9.895731985092e-01
23 3 2.330655133300e-135 -4.862943265787e-49 1.739934335459e-67 -4.462763190974e-68 3.176237591831e-01 1.484359797764e+00
23 4 8.015155533488e-127 -6.019698258718e-44 2.031094686868e-63 3.949816017946e-63 5.603160445993e-02 1.979146397018e+00
23 5 7.922676462353e-119 -9.067082776586e-40 -5.302197647415e-59 1.534130785009e-59 -3.152264256029e-01 2.473932996273e+00
23 6 8.144889340489e-112 -1.110514646381e-36 6.150816608619e-56 -2.032720746716e-55 -8.589977544687e-02 2.968719595528e+00
23 7 1.366168988548e-104 -9.026300450834e-34 3.316659360797e-52 9.590155301571e-52 3.110779681641e-01 3.463506194782e+00
23 8 6.165946509270e-98 -1.496894956215e-31 -1.374520707233e-48 -2.044697371842e-48 1.181236774315e-01 3.958292794037e+00
23 9 8.538901187623e-91 -2.915296920455e-29 4.672853531035e-45 9.195374454128e-45 -3.043903842278e-01 4.453079393291e+00
23 10 4.753996155076e-84 -1.650513144715e-27 1.499327999609e-42 -2.700030778065e-41 -1.537316547427e-01 4.947865992546e+00
23 11 0.000000000000e+00 -1.427496525250e-25 0.000000000000e+00 0.000000000000e+00 2.938456620836e-01 5.442652591801e+00
23 12 0.000000000000e+00 -4.216286686615e-24 0.000000000000e+00 0.000000000000e+00 1.940042619410e-01 5.937439191055e+00
23 13 0.000000000000e+00 -2.211855773651e-22 0.000000000000e+00 0.000000000000e+00 -2.772058975931e-01 6.432225790310e+00
23 14 0.000000000000e+00 -4.263883638832e-21 0.000000000000e+00 0.000000000000e+00 -2.405866544389e-01 6.927012389564e+00
23 15 0.000000000000e+00 -1.625485444587e-19 0.000000000000e+00 0.000000000000e+00 2.504753417193e-01 7.421798988819e+00
23 16 0.000000000000e+00 -2.322800064341e-18 0.000000000000e+00 0.000000000000e+00 2.955874256779e-01 7.916585588074e+00
23 17 0.000000000000e+00 -7.251280096088e-17 0.000000000000e+00 0.000000000000e+00 -2.059122419097e-01 8.411372187328e+00
23 18 0.000000000000e+00 -8.237705636929e-16 0.000000000000e+00 0.000000000000e+00 -3.614151540256e-01 8.906158786583e+00
23 19 0.000000000000e+00 -2.317748150918e-14 0.000000000000e+00 0.000000000000e+00 1.265167591985e-01 9.400945385837e+00
23 20 0.000000000000e+00 -2.127903973364e-13 0.000000000000e+00 0.000000000000e+00 4.388285599127e-01 9.895731985092e+00
23 21 0.000000000000e+00 -6.043985674758e-12 0.000000000000e+00 0.000000000000e+00 3.400161674950e-02 1.039051858435e+01
23 22 4.760586731072e-08 -3.980423204009e-11 -4.260242172175e-03 -4.158438400640e-03 -5.108974590704e-01 1.088530518360e+01
23 23 1.195676272662e-05 -1.617321130642e-09 -7.045079228652e-02 6.903667407975e-02 -4.972950747287e-01 1.138009178286e+01
24 1 1.175102962184e-170 -7.539514974960e-74 2.941419991621e-86 -1.311882621482e-85 -1.321251972272e-02 4.947865992546e-01
24 2 2.311553100478e-153 -1.116649608090e-59 4.293627990450e-77 -1.112613832380e-76 3.183162565981e-01 9.895731985092e-01
24 3 2.081523262055e-142 -6.452283875331e-52 4.940437054578e-71 -2.099635009003e-71 3.995344396427e-02 1.484359797764e+00
24 4 3.273583413417e-133 -2.911375730729e-46 1.806793440283e-66 2.189116999657e-66 -3.167545476420e-01 1.979146397018e+00
24 5 1.509053306078e-125 -3.079832332322e-42 -2.027555346216e-62 1.300816212807e-62 -6.765979881247e-02 2.473932996273e+00
24 6 5.482071915307e-118 -1.110941519599e-38 -1.379064924354e-59 -1.736868013151e-58 3.138548536975e-01 2.968719595528e+00
24 7 3.467589634648e-111 -5.458693661693e-36 3.681892015050e-55 3.546786452347e-55 9.703702885946e-02 3.463506194782e+00
24 8 4.784993684465e-104 -2.425495442656e-33 -2.004142237679e-51 -8.330804416107e-52 -3.091165726895e-01 3.958292794037e+00
24 9 2.120763814631e-97 -2.620447372977e-31 4.773045290288e-48 1.908324758646e-48 -1.288925155603e-01 4.453079393291e+00
24 10 3.236141369623e-90 -3.789225833365e-29 -1.640403271278e-44 -1.512264271681e-44 3.017060586654e-01 4.947865992546e+00
24 11 0.000000000000e+00 -1.709362812992e-27 0.000000000000e+00 0.000000000000e+00 1.641952685717e-01 5.442652591801e+00
24 12 0.000000000000e+00 -1.261875882725e-25 0.000000000000e+00 0.000000000000e+00 -2.902588495364e-01 5.937439191055e+00
24 13 0.000000000000e+00 -3.272642655828e-24 0.000000000000e+00 0.000000000000e+00 -2.041542164275e-01 6.432225790310e+00
24 14 0.000000000000e+00 -1.574452747031e-22 0.000000000000e+00 0.000000000000e+00 2.724847580098e-01 6.927012389564e+00
24 15 0.000000000000e+00 -2.804539192050e-21 0.000000000000e+00 0.000000000000e+00 2.503117376183e-01 7.421798988819e+00
24 16 0.000000000000e+00 -1.020790561505e-19 0.000000000000e+00 0.000000000000e+00 -2.443283111840e-01 7.916585588074e+00
24 17 0.000000000000e+00 -1.385874446497e-18 0.000000000000e+00 0.000000000000e+00 -3.046043250353e-01 8.411372187328e+00
24 18 0.000000000000e+00 -4.232508306577e-17 0.000000000000e+00 0.000000000000e+00 1.979937612770e-01 8.906158786583e+00
24 19 0.000000000000e+00 -4.635803397352e-16 0.000000000000e+00 0.000000000000e+00 3.691154118584e-01 9.400945385837e+00
24 20 0.000000000000e+00 -1.296810538500e-14 0.000000000000e+00 0.000000000000e+00 -1.165122240051e-01 9.895731985092e+00
24 21 0.000000000000e+00 -1.154590906548e-13 0.000000000000e+00 0.000000000000e+00 -4.439353056640e-01 1.039051858435e+01
24 22 0.000000000000e+00 -3.305004155097e-12 0.000000000000e+00 0.000000000000e+00 -4.587755410367e-02 1.088530518360e+01
24 23 3.811839007980e-08 -2.107217645879e-11 -5.150154434138e-03 -2.119752145683e-03 5.108037925083e-01 1.138009178286e+01
24 24 9.327425890661e-06 -8.825641236607e-10 -3.426376185527e-02 8.420320284084e-02 5.069961808174e-01 1.187487838211e+01
25 1 3.564615441505e-178 -2.337367605721e-77 4.153373481534e-90 -2.304478947871e-89 3.186576901728e-01 4.947865992546e-01
25 2 9.335913316897e-161 -6.286933570087e-63 6.587442821634e-81 -2.304407805393e-80 2.544585036743e-02 9.895731985092e-01
25 3 4.990102573839e-149 -1.694282920392e-54 2.247197668290e-74 -1.363212119727e-74 -3.177316084515e-01 1.484359797764e+00
25 4 4.373164264225e-140 -6.124957559787e-49 8.089026455336e-70 6.495936800309e-70 -5.145449727385e-02 1.979146397018e+00
25 5 7.940116181110e-132 -2.088261833639e-44 -1.161982163368e-65 1.305063085343e-65 3.157326491667e-01 2.473932996273e+00
25 6 1.222115566364e-124 -4.832706943797e-41 -3.436117139114e-62 -7.474519909858e-62 7.861815004848e-02 2.968719595528e+00
25 7 2.542222774463e-117 -6.667522443272e-38 4.148157256785e-58 1.397895146792e-58 -3.123440073722e-01 3.463506194782e+00
25 8 1.252345769768e-110 -1.704059969941e-35 -1.097476785425e-54 1.685890926705e-55 -1.075917303903e-01 3.958292794037e+00
25 9 1.624199018828e-103 -4.831049001474e-33 4.313536807643e-51 -1.276759176632e-51 3.070243483188e-01 4.453079393291e+00
25 10 7.629290694763e-97 -3.746749833108e-31 -1.080787586461e-47 7.378060110654e-49 1.391341997544e-01 4.947865992546e+00
25 11 1.340882881367e-89 -4.284317535120e-29 4.309086228424e-44 2.527597839518e-44 -2.989016436932e-01 5.442652591801e+00
25 12 0.000000000000e+00 -1.606641153108e-27 0.000000000000e+00 0.000000000000e+00 -1.741622091116e-01 5.937439191055e+00
25 13 0.000000000000e+00 -1.041958071485e-25 0.000000000000e+00 0.000000000000e+00 2.865708899313e-01 6.432225790310e+00
25 14 0.000000000000e+00 -2.421334385555e-24 0.000000000000e+00 0.000000000000e+00 2.138187508087e-01 6.927012389564e+00
25 15 0.000000000000e+00 -1.083436215393e-22 0.000000000000e+00 0.000000000000e+00 -2.676956622626e-01 7.421798988819e+00
25 16 0.000000000000e+00 -1.801589246859e-21 0.000000000000e+00 0.000000000000e+00 -2.595490293127e-01 7.916585588074e+00
25 17 0.000000000000e+00 -6.305323369591e-20 0.000000000000e+00 0.000000000000e+00 2.381686925261e-01 8.411372187328e+00
25 18 0.000000000000e+00 -8.176723597207e-19 0.000000000000e+00 0.000000000000e+00 3.131256278621e-01 8.906158786583e+00
25 19 0.000000000000e+00 -2.451722086085e-17 0.000000000000e+00 0.000000000000e+00 -1.901521233755e-01 9.400945385837e+00
25 20 0.000000000000e+00 -2.596522245839e-16 0.000000000000e+00 0.000000000000e+00 -3.763249146748e-01 9.895731985092e+00
25 21 0.000000000000e+00 -7.234281560687e-15 0.000000000000e+00 0.000000000000e+00 1.067242254772e-01 1.039051858435e+01
25 22 0.000000000000e+00 -6.257016512442e-14 0.000000000000e+00 0.000000000000e+00 4.486191460681e-01 1.088530518360e+01
25 23 0.000000000000e+00 -1.806337219141e-12 0.000000000000e+00 0.000000000000e+00 5.734833346601e-02 1.138009178286e+01
25 24 3.043245604941e-08 -1.116432602214e-11 -5.192486017694e-03 -3.903419977974e-05 -5.105688519505e-01 1.187487838211e+01
25 25 7.281275391288e-06 -4.817035416413e-10 1.710182523546e-03 8.364901951015e-02 -5.163522697887e-01 1.236966498137e+01
26 1 3.530104910690e-186 -3.139823325067e-81 3.200397486781e-94 -2.308163433955e-93 1.220390861283e-02 4.947865992546e-01
26 2 9.991795665969e-168 -7.042843590313e-66 1.500367066442e-84 -7.695897110912e-84 -3.183157302872e-01 9.895731985092e-01
26 3 3.926321483208e-156 -1.928728776946e-57 5.722610292197e-78 -4.648365972372e-78 -3.686041799296e-02 1.484359797764e+00
26 4 1.578472068551e-146 -2.580276912624e-51 5.521372156888e-73 2.891851041692e-73 3.169934722288e-01 1.979146397018e+00
26 5 1.383512148914e-138 -6.140528140292e-47 -3.293603904264e-69 6.508109608955e-69 6.227487645692e-02 2.473932996273e+00
26 6 7.602652679955e-131 -4.249332204918e-43 -4.484603607197e-65 -4.689184874178e-65 -3.145755657083e-01 2.968719595528e+00
26 7 6.252092616423e-124 -3.526572190318e-40 2.161803590448e-61 -1.973617466209e-62 -8.899361765301e-02 3.463506194782e+00
26 8 9.594405511756e-117 -2.450084484769e-37 -7.651513467664e-58 5.992237462731e-58 3.107072895051e-01 3.958292794037e+00
26 9 4.249743703040e-110 -3.840169946335e-35 1.409923482106e-54 -1.818539397523e-54 1.176297315211e-01 4.453079393291e+00
26 10 5.638640660595e-103 -7.704867188146e-33 -6.342524550976e-51 6.819570078503e-51 -3.048137872239e-01 4.947865992546e+00
26 11 2.949784608538e-96 -4.591381045875e-31 2.177883735980e-47 -8.643282656909e-48 -1.489004502439e-01 5.442652591801e+00
26 12 0.000000000000e+00 -4.345689555239e-29 0.000000000000e+00 0.000000000000e+00 2.959900586299e-01 5.937439191055e+00
26 13 0.000000000000e+00 -1.398246427027e-27 0.000000000000e+00 0.000000000000e+00 1.836753333654e-01 6.432225790310e+00
26 14 0.000000000000e+00 -8.143736211353e-26 0.000000000000e+00 0.000000000000e+00 -2.827952744794e-01 6.927012389564e+00
26 15 0.000000000000e+00 -1.722713782270e-24 0.000000000000e+00 0.000000000000e+00 -2.230359118371e-01 7.421798988819e+00
26 16 0.000000000000e+00 -7.249789293632e-23 0.000000000000e+00 0.000000000000e+00 2.628519513981e-01 7.916585588074e+00
26 17 0.000000000000e+00 -1.134699773711e-21 0.000000000000e+00 0.000000000000e+00 2.683349772692e-01 8.411372187328e+00
26 18 0.000000000000e+00 -3.840794455671e-20 0.000000000000e+00 0.000000000000e+00 -2.320080662476e-01 8.906158786583e+00
26 19 0.000000000000e+00 -4.778643570027e-19 0.000000000000e+00 0.000000000000e+00 -3.211887267016e-01 9.400945385837e+00
26 20 0.000000000000e+00 -1.410952634739e-17 0.000000000000e+00 0.000000000000e+00 1.823941460522e-01 9.895731985092e+00
26 21 0.000000000000e+00 -1.448440899166e-16 0.000000000000e+00 0.000000000000e+00 3.830834286829e-01 1.039051858435e+01
26 22 0.000000000000e+00 -4.025315530197e-15 0.000000000000e+00 0.000000000000e+00 -9.714921456577e-02 1.088530518360e+01
26 23 0.000000000000e+00 -3.387310367395e-14 0.000000000000e+00 0.000000000000e+00 -4.529195828324e-01 1.138009178286e+01
26 24 0.000000000000e+00 -9.868144249050e-13 0.000000000000e+00 0.000000000000e+00 -6.843675090949e-02 1.187487838211e+01
26 25 2.423490973390e-08 -5.919418395046e-12 -4.490640772467e-03 1.770067352375e-03 5.102115664928e-01 1.236966498137e+01
26 26 5.687460565232e-06 -2.629502665138e-10 3.173555637341e-02 7.004889481584e-02 5.253869607330e-01 1.286445158062e+01
27 1 9.189800799239e-194 -8.447955377720e-85 3.710989343687e-98 -3.741407783495e-97 -3.186087694039e-01 4.947865992546e-01
27 2 3.526518896349e-175 -3.409849689022e-69 1.619669846691e-88 -1.464096250105e-87 -2.356640119916e-02 9.895731985092e-01
27 3 8.219216072406e-163 -4.413988245802e-60 2.318495333958e-81 -2.450137593779e-81 3.178156598350e-01 1.484359797764e+00
27 4 1.890691671752e-153 -4.700979620357e-54 2.062534073655e-76 6.318255811086e-77 4.757961383962e-02 1.979146397018e+00
27 5 6.563077716581e-145 -3.656692173221e-49 -1.107975583944e-72 4.900089298892e-72 -3.161217088169e-01 2.473932996273e+00
27 6 1.584249038037e-137 -1.614999085380e-45 -2.609713467282e-68 -1.400808812727e-68 -7.250636517917e-02 2.968719595528e+00
27 7 4.336532318646e-130 -3.815565918734e-42 1.600312617838e-64 -8.411563261483e-65 3.132969847241e-01 3.463506194782e+00
27 8 2.494560854492e-123 -1.518605497792e-39 -2.040641628604e-61 4.515927510611e-61 9.885546759007e-02 3.958292794037e+00
27 9 3.299135888148e-116 -6.326054618018e-37 1.530812322937e-58 -2.021664101040e-57 -3.089561427516e-01 4.453079393291e+00
27 10 1.440662130545e-109 -6.791693206734e-35 -2.190856120522e-55 4.702384008786e-54 -1.272046237512e-01 4.947865992546e+00
27 11 2.068022265615e-102 -1.037048678344e-32 6.761723661796e-51 -1.841701752435e-50 3.024960800706e-01 5.442652591801e+00
27 12 1.245159194795e-95 -4.988507678428e-31 -4.456191584698e-47 2.779013809928e-47 1.582343750467e-01 5.937439191055e+00
27 13 0.000000000000e+00 -4.043645980227e-29 0.000000000000e+00 0.000000000000e+00 -2.929829846276e-01 6.432225790310e+00
27 14 0.000000000000e+00 -1.143630761274e-27 0.000000000000e+00 0.000000000000e+00 -1.927712469989e-01 6.927012389564e+00
27 15 0.000000000000e+00 -6.085328653920e-26 0.000000000000e+00 0.000000000000e+00 2.789440823685e-01 7.421798988819e+00
27 16 0.000000000000e+00 -1.186612128862e-24 0.000000000000e+00 0.000000000000e+00 2.318389209861e-01 7.916585588074e+00
27 17 0.000000000000e+00 -4.738996527766e-23 0.000000000000e+00 0.000000000000e+00 -2.579653546713e-01 8.411372187328e+00
27 18 0.000000000000e+00 -7.028745760444e-22 0.000000000000e+00 0.000000000000e+00 -2.767019307868e-01 8.906158786583e+00
27 19 0.000000000000e+00 -2.317513657895e-20 0.000000000000e+00 0.000000000000e+00 2.258563200002e-01 9.400945385837e+00
27 20 0.000000000000e+00 -2.770097541586e-19 0.000000000000e+00 0.000000000000e+00 3.288270860475e-01 9.895731985092e+00
27 21 0.000000000000e+00 -8.074435313099e-18 0.000000000000e+00 0.000000000000e+00 -1.747251656983e-01 1.039051858435e+01
27 22 0.000000000000e+00 -8.051799957477e-17 0.000000000000e+00 0.000000000000e+00 -3.894265129105e-01 1.088530518360e+01
27 23 0.000000000000e+00 -2.234790809577e-15 0.000000000000e+00 0.000000000000e+00 8.778302992325e-02 1.138009178286e+01
27 24 0.000000000000e+00 -1.832152777990e-14 0.000000000000e+00 0.000000000000e+00 4.568715491461e-01 1.187487838211e+01
27 25 0.000000000000e+00 -5.388994898499e-13 0.000000000000e+00 0.000000000000e+00 7.916396179557e-02 1.236966498137e+01
27 26 1.925705405841e-08 -3.140730576060e-12 -3.248240566354e-03 3.077823811387e-03 -5.097481981424e-01 1.286445158062e+01
27 27 4.444946720991e-06 -1.435517912880e-10 5.203008585337e-02 4.772038245391e-02 -5.341216036406e-01 1.335923817987e+01
28 1 7.934153378552e-202 -9.802640153280e-89 2.143930622193e-102 -3.486894375968e-101 -1.133902826958e-02 4.947865992546e-01
28 2 3.276996235367e-182 -3.334559777247e-72 1.398523988382e-92 -4.488126479245e-91 3.183152124734e-01 9.895731985092e-01
28 3 5.729837219142e-170 -4.356840083995e-63 5.264643392654e-85 -7.183786168506e-85 3.421641374074e-02 1.484359797764e+00
28 4 6.057431854939e-160 -1.739321185352e-56 1.212157667663e-79 1.465963158903e-80 -3.171806422035e-01 1.979146397018e+00
28 5 1.043906853546e-151 -9.392480195665e-52 2.469701894525e-77 2.003437258881e-75 -5.769996416056e-02 2.473932996273e+00
28 6 9.062853416209e-144 -1.256590570763e-47 -2.198504314550e-71 -4.303321075606e-72 3.151312182281e-01 2.968719595528e+00
28 7 1.018237640437e-136 -1.777979215271e-44 5.739751651185e-68 -6.618320838581e-68 8.222191490172e-02 3.463506194782e+00
28 8 1.849456599965e-129 -1.947573025315e-41 1.302693006425e-65 4.264984269664e-64 -3.119080978947e-01 3.958292794037e+00
28 9 8.785183356164e-123 -4.471233794682e-39 -4.774176570829e-61 -9.309471690179e-61 -1.082597669024e-01 4.453079393291e+00
28 10 1.107034317138e-115 -1.255755356894e-36 2.367529432969e-57 3.379840340771e-57 3.071006034881e-01 4.947865992546e+00
28 11 5.066239505977e-109 -9.979845385056e-35 -4.064276429244e-54 -8.819084719281e-54 1.363606957853e-01 5.442652591801e+00
28 12 8.170536657543e-102 -1.222508707765e-32 -3.483586946964e-51 4.239878765818e-50 -3.000813489819e-01 5.937439191055e+00
28 13 0.000000000000e+00 -4.925183838334e-31 0.000000000000e+00 0.000000000000e+00 -1.671724100820e-01 6.432225790310e+00
28 14 0.000000000000e+00 -3.509307712336e-29 0.000000000000e+00 0.000000000000e+00 2.898910058862e-01 6.927012389564e+00
28 15 0.000000000000e+00 -8.890285300398e-28 0.000000000000e+00 0.000000000000e+00 2.014815895233e-01 7.421798988819e+00
28 16 0.000000000000e+00 -4.381078130146e-26 0.000000000000e+00 0.000000000000e+00 -2.750281341175e-01 7.916585588074e+00
28 17 0.000000000000e+00 -7.954955408637e-25 0.000000000000e+00 0.000000000000e+00 -2.402570561160e-01 8.411372187328e+00
28 18 0.000000000000e+00 -3.037140173370e-23 0.000000000000e+00 0.000000000000e+00 2.530461891136e-01 8.906158786583e+00
28 19 0.000000000000e+00 -4.292618139645e-22 0.000000000000e+00 0.000000000000e+00 2.846787950686e-01 9.400945385837e+00
28 20 0.000000000000e+00 -1.377602666346e-20 0.000000000000e+00 0.000000000000e+00 -2.197218904868e-01 9.895731985092e+00
28 21 0.000000000000e+00 -1.594549644725e-19 0.000000000000e+00 0.000000000000e+00 -3.360707994432e-01 1.039051858435e+01
28 22 0.000000000000e+00 -4.598256918891e-18 0.000000000000e+00 0.000000000000e+00 1.671492888573e-01 1.088530518360e+01
28 23 0.000000000000e+00 -4.462411088919e-17 0.000000000000e+00 0.000000000000e+00 3.953860851867e-01 1.138009178286e+01
28 24 0.000000000000e+00 -1.238308587235e-15 0.000000000000e+00 0.000000000000e+00 -7.862107226591e-02 1.187487838211e+01
28 25 0.000000000000e+00 -9.902523842728e-15 0.000000000000e+00 0.000000000000e+00 -4.605060508956e-01 1.236966498137e+01
28 26 0.000000000000e+00 -2.941960732182e-13 0.000000000000e+00 0.000000000000e+00 -8.954961116981e-02 1.286445158062e+01
28 27 1.527236428022e-08 -1.667517386470e-12 -1.722693414277e-03 3.762721703681e-03 5.091927690711e-01 1.335923817987e+01
28 28 3.475579041914e-06 -7.837352824505e-11 6.102165852866e-02 2.162766152722e-02 5.425755543838e-01 1.385402477913e+01
29 1 1.791590446996e-209 -2.311139288482e-92 1.330168131489e-106 -5.247926833732e-105 3.185694975871e-01 4.947865992546e-01
29 2 1.018587792195e-189 -1.402939231154e-75 -3.551246154986e-96 -7.908601489259e-95 2.194712667304e-02 9.895731985092e-01
29 3 1.055085288475e-176 -8.763869825419e-66 1.873049564958e-88 -3.331392087387e-88 -3.178824837269e-01 1.484359797764e+00
29 4 6.523264511124e-167 -2.769601188979e-59 4.001995845703e-83 -1.966569000484e-84 -4.425497692597e-02 1.979146397018e+00
29 5 4.469138307887e-158 -4.947675702873e-54 3.070613276264e-79 1.274492852573e-78 3.164275779983e-01 2.473932996273e+00
29 6 1.755120765075e-150 -4.205039872531e-50 -9.816834963263e-75 9.058521325676e-76 6.729815593789e-02 2.968719595528e+00
29 7 6.621759527754e-143 -1.713914216501e-46 2.493414413286e-71 -6.610038848057e-71 -3.140336787045e-01 3.463506194782e+00
29 8 4.687073994215e-136 -1.071606321273e-43 9.566894959150e-68 1.923267232644e-67 -9.148039252481e-02 3.958292794037e+00
29 9 6.745906900408e-129 -6.611168238834e-41 -7.675791273201e-64 -5.013270463164e-64 3.104183938485e-01 4.453079393291e+00
29 10 2.946547804770e-122 -9.912669652839e-39 2.006109549639e-60 7.126954318033e-61 1.172525703955e-01 4.947865992546e+00
29 11 3.783810063034e-115 -2.038025586228e-36 -7.710098879146e-57 -3.313601373192e-57 -3.051496402848e-01 5.442652591801e+00
29 12 1.891870326585e-108 -1.268495158963e-34 1.446784540738e-53 1.448223246967e-53 -1.451350597046e-01 5.937439191055e+00
29 13 3.517592130571e-101 -1.296674267579e-32 -6.494896960170e-51 -9.540473023880e-50 2.975788045147e-01 6.432225790310e+00
29 14 0.000000000000e+00 -4.500348514880e-31 0.000000000000e+00 0.000000000000e+00 1.757457377475e-01 6.927012389564e+00
29 15 0.000000000000e+00 -2.876488410836e-29 0.000000000000e+00 0.000000000000e+00 -2.867237251633e-01 7.421798988819e+00
29 16 0.000000000000e+00 -6.625926559973e-28 0.000000000000e+00 0.000000000000e+00 -2.098339941446e-01 7.916585588074e+00
29 17 0.000000000000e+00 -3.057301490308e-26 0.000000000000e+00 0.000000000000e+00 2.710571273245e-01 8.411372187328e+00
29 18 0.000000000000e+00 -5.212214892808e-25 0.000000000000e+00 0.000000000000e+00 2.483163278358e-01 8.906158786583e+00
29 19 0.000000000000e+00 -1.913941556015e-23 0.000000000000e+00 0.000000000000e+00 -2.481035333631e-01 9.400945385837e+00
29 20 0.000000000000e+00 -2.589927888038e-22 0.000000000000e+00 0.000000000000e+00 -2.922915493824e-01 9.895731985092e+00
29 21 0.000000000000e+00 -8.136642824997e-21 0.000000000000e+00 0.000000000000e+00 2.136119684155e-01 1.039051858435e+01
29 22 0.000000000000e+00 -9.122977414129e-20 0.000000000000e+00 0.000000000000e+00 3.429470446416e-01 1.088530518360e+01
29 23 0.000000000000e+00 -2.607501999441e-18 0.000000000000e+00 0.000000000000e+00 -1.596695996581e-01 1.138009178286e+01
29 24 0.000000000000e+00 -2.466600829007e-17 0.000000000000e+00 0.000000000000e+00 -4.009908939617e-01 1.187487838211e+01
29 25 0.000000000000e+00 -6.849819716355e-16 0.000000000000e+00 0.000000000000e+00 6.965844056460e-02 1.236966498137e+01
29 26 0.000000000000e+00 -5.348801669933e-15 0.000000000000e+00 0.000000000000e+00 4.638507012739e-01 1.286445158062e+01
29 27 0.000000000000e+00 -1.605610938302e-13 0.000000000000e+00 0.000000000000e+00 9.961195521527e-02 1.335923817987e+01
29 28 1.209178696157e-08 -8.858948737553e-13 -1.771288077925e-04 3.814551008214e-03 -5.085574111565e-01 1.385402477913e+01
29 29 2.718807553960e-06 -4.279010864347e-11 5.920034395691e-02 -3.530383110942e-03 -5.507664098289e-01 1.434881137838e+01
30 1 1.360114910245e-217 -2.340450100251e-96 -4.330774396900e-111 -4.573789745794e-109 1.058908639175e-02 4.947865992546e-01
30 2 8.290902571203e-197 -1.207895842626e-78 -2.660100737753e-99 -2.242877497609e-98 -3.183147296083e-01 9.895731985092e-01
30 3 6.553030763897e-184 -7.570175295174e-69 3.679043782096e-92 -8.785447855689e-92 -3.192949928141e-02 1.484359797764e+00
30 4 1.863750827932e-173 -9.066969166833e-62 2.093958274870e-86 -4.497599556874e-87 3.173301299587e-01 1.979146397018e+00
30 5 6.487713992611e-165 -1.119060170523e-56 2.177033801822e-82 4.495463903601e-82 5.376241647925e-02 2.473932996273e+00
30 6 9.212383649841e-157 -2.913356288049e-52 -6.673567852792e-78 2.545111741968e-78 -3.155692807242e-01 2.968719595528e+00
30 7 1.470820926933e-149 -7.083525538768e-49 7.895133110319e-76 -3.328615821852e-74 -7.643598632579e-02 3.463506194782e+00
30 8 3.320208626899e-142 -1.232050717316e-45 1.382811472858e-70 1.164657523433e-70 3.128386131370e-01 3.958292794037e+00
30 9 1.786549079486e-135 -4.176905438114e-43 -4.699881285997e-67 -4.130749025826e-68 1.003299648209e-01 4.453079393291e+00
30 10 2.287330402096e-128 -1.654363159542e-40 1.821170629930e-63 -4.491467628285e-64 -3.088361450002e-01 4.947865992546e+00
30 11 9.876605643952e-122 -1.767727771173e-38 -4.116966158274e-60 1.197192108255e-60 -1.258722198462e-01 5.442652591801e+00
30 12 1.353719770281e-114 -2.824645758838e-36 1.731107867632e-56 -4.225908098505e-58 3.031113686097e-01 5.937439191055e+00
30 13 7.611020071096e-108 -1.436194353270e-34 -3.790697442713e-53 -2.327237423361e-53 1.535592061113e-01 6.432225790310e+00
30 14 0.000000000000e+00 -1.262574469421e-32 0.000000000000e+00 0.000000000000e+00 -2.949968589290e-01 6.927012389564e+00
30 15 0.000000000000e+00 -3.859035809307e-31 0.000000000000e+00 0.000000000000e+00 -1.839813419241e-01 7.421798988819e+00
30 16 0.000000000000e+00 -2.248611331925e-29 0.000000000000e+00 0.000000000000e+00 2.834898622650e-01 7.916585588074e+00
30 17 0.000000000000e+00 -4.766914437046e-28 0.000000000000e+00 0.000000000000e+00 2.178528167228e-01 8.411372187328e+00
30 18 0.000000000000e+00 -2.077976230868e-26 0.000000000000e+00 0.000000000000e+00 -2.670397572178e-01 8.906158786583e+00
30 19 0.000000000000e+00 -3.349095028890e-25 0.000000000000e+00 0.000000000000e+00 -2.560400067314e-01 9.400945385837e+00
30 20 0.000000000000e+00 -1.188798507590e-23 0.000000000000e+00 0.000000000000e+00 2.431453789664e-01 9.895731985092e+00
30 21 0.000000000000e+00 -1.543364966893e-22 0.000000000000e+00 0.000000000000e+00 2.995636632620e-01 1.039051858435e+01
30 22 0.000000000000e+00 -4.769189381310e-21 0.000000000000e+00 0.000000000000e+00 -2.075326724838e-01 1.088530518360e+01
30 23 0.000000000000e+00 -5.191905683816e-20 0.000000000000e+00 0.000000000000e+00 -3.494804596772e-01 1.138009178286e+01
30 24 0.000000000000e+00 -1.473100283299e-18 0.000000000000e+00 0.000000000000e+00 1.522883314166e-01 1.187487838211e+01
30 25 0.000000000000e+00 -1.360262800078e-17 0.000000000000e+00 0.000000000000e+00 4.062669148011e-01 1.236966498137e+01
30 26 0.000000000000e+00 -3.783337127524e-16 0.000000000000e+00 0.000000000000e+00 -6.089003843800e-02 1.286445158062e+01
30 27 0.000000000000e+00 -2.887583278000e-15 0.000000000000e+00 0.000000000000e+00 -4.669301693433e-01 1.335923817987e+01
30 28 0.000000000000e+00 -8.760576905241e-14 0.000000000000e+00 0.000000000000e+00 -1.093679736041e-01 1.385402477913e+01
30 29 9.559445215262e-09 -4.709245309903e-13 1.161109611062e-03 3.319375904556e-03 5.078526536711e-01 1.434881137838e+01
30 30 2.127654385142e-06 -2.336255581107e-11 4.866850055316e-02 -2.401830621738e-02 5.587102097888e-01 1.484359797764e+01
