2 1 1.963058608615e-08 -6.175412955567e-05 -9.326561717629e-05 1.381653967452e-04 2.789252948639e-01 4.746497613893e-01
2 2 1.193892580798e-02 -3.231432538245e-03 -1.095939545358e-01 -2.357751808355e-01 9.552020023546e-02 9.492995227785e-01
3 1 1.853495618666e-13 -2.418513795323e-07 1.568572005587e-07 4.876147138716e-07 -3.401386252187e-01 4.746497613893e-01
3 2 1.234922852414e-07 -4.838347465862e-05 6.230753679576e-04 -5.576889971351e-04 -3.440120373851e-01 9.492995227785e-01
3 3 1.080663376446e-02 -1.825762599235e-03 -1.966858749377e-02 3.705259739696e-01 -1.413661722699e-01 1.423949284168e+00
4 1 3.668770266616e-19 -8.231717748694e-10 5.333431038553e-10 4.846435085211e-10 -9.023052851896e-02 4.746497613893e-01
4 2 1.925522006406e-12 -5.168460232590e-07 -2.465618264613e-06 -2.196234760756e-06 3.093829000291e-01 9.492995227785e-01
4 3 4.283108901866e-07 -2.760222984810e-05 -2.335801601689e-03 -2.655448671511e-05 3.839721255200e-01 1.423949284168e+00
4 4 8.019582696148e-03 -8.788456620591e-04 3.075204906622e-01 -2.950687540562e-01 1.784042226097e-01 1.898599045557e+00
5 1 4.793254257522e-24 -2.775709623628e-12 2.358135833743e-12 1.106483180289e-12 3.259508927839e-01 4.746497613893e-01
5 2 7.209597281009e-18 -3.912447058809e-09 -6.208131337897e-09 1.510429994416e-09 1.485116680449e-01 9.492995227785e-01
5 3 1.151611031730e-11 -4.705994180402e-07 8.582022136576e-06 8.547746329911e-06 -2.812736281373e-01 1.423949284168e+00
5 4 9.507457222070e-07 -1.446333867660e-05 2.467880430256e-03 3.929742338000e-03 -4.119677150702e-01 1.898599045557e+00
5 5 5.772593611971e-03 -4.193056285271e-04 -4.481668712276e-01 -5.858230924398e-02 -2.103830593883e-01 2.373248806946e+00
6 1 1.000454559948e-29 -5.640424360757e-15 3.685757047717e-15 7.597159188253e-16 5.628341074340e-02 4.746497613893e-01
6 2 1.788495408635e-22 -3.565406613288e-11 -2.099743304535e-11 2.391218200068e-11 -3.160881858293e-01 9.492995227785e-01
6 3 5.466086653731e-17 -5.036429907016e-09 2.139259015150e-08 -1.545107438356e-08 -1.926847652461e-01 1.423949284168e+00
6 4 5.454872677684e-11 -3.290299715540e-07 -1.146351899186e-05 -3.322731282346e-05 2.545962770810e-01 1.898599045557e+00
6 5 1.510099727416e-06 -7.345528493359e-06 3.837466408312e-03 -6.222100898324e-03 4.327188430152e-01 2.373248806946e+00
6 6 4.160088787332e-03 -2.029772409110e-04 2.051061010619e-01 4.122248903711e-01 2.387957861772e-01 2.847898568336e+00
7 1 8.098917576753e-35 -1.361428579982e-17 1.070441528475e-17 2.450204312605e-19 -3.222464322470e-01 4.746497613893e-01
7 2 8.723410567298e-28 -1.873174896499e-13 -1.713086398471e-14 6.816096061707e-14 -9.870499736824e-02 9.492995227785e-01
7 3 1.646385519137e-21 -7.390329983104e-11 1.870887103912e-12 -1.448151456008e-10 3.050974829410e-01 1.423949284168e+00
7 4 3.206336471611e-16 -4.272019641310e-09 -6.987127893717e-08 4.878515765460e-08 2.283234882729e-01 1.898599045557e+00
7 5 0.000000000000e+00 -2.048053332065e-07 0.000000000000e+00 0.000000000000e+00 -2.291671930210e-01 2.373248806946e+00
7 6 1.920100760434e-06 -3.682663965504e-06 -9.792005605829e-03 -1.401729220998e-03 -4.485832336861e-01 2.847898568336e+00
7 7 3.020744880072e-03 -9.984511773414e-05 2.477337135225e-01 -3.849069187474e-01 -2.644531659207e-01 3.322548329725e+00
8 1 1.267446973197e-40 -1.678462014917e-20 1.327968814036e-20 -1.750380054725e-21 -4.143861951221e-02 4.746497613893e-01
8 2 1.704139502809e-32 -1.321304338750e-15 3.874395507846e-17 3.082060301525e-16 3.172991227063e-01 9.492995227785e-01
8 3 1.092392575411e-26 -5.993782339275e-13 -2.421357656907e-13 -2.837973218120e-13 1.333560514726e-01 1.423949284168e+00
8 4 1.061602988863e-20 -8.390147310535e-11 1.439416904394e-10 4.687449047281e-10 -2.932819907223e-01 1.898599045557e+00
8 5 1.623860328961e-15 -3.001359958143e-09 2.299984616828e-07 -6.758144831394e-08 -2.580281772634e-01 2.373248806946e+00
8 6 0.000000000000e+00 -1.199406835154e-07 0.000000000000e+00 0.000000000000e+00 2.049405070925e-01 2.847898568336e+00
8 7 2.115949993802e-06 -1.836396485424e-06 2.980813399082e-03 1.174229836661e-02 4.609444639266e-01 3.322548329725e+00
8 8 2.211180266630e-03 -4.978088002982e-05 -4.464183321252e-01 -3.214871106257e-02 2.878741953396e-01 3.797198091114e+00
9 1 6.601228847956e-46 -2.866266071051e-23 2.953526063139e-23 -7.880855731506e-24 3.207193904334e-01 4.746497613893e-01
9 2 7.202254483697e-38 -4.679483270873e-18 2.716728834178e-19 5.779282084948e-19 7.488978876464e-02 9.492995227785e-01
9 3 2.995959305715e-31 -7.165924423561e-15 -1.869186116906e-15 -5.683228701777e-16 -3.113249304033e-01 1.423949284168e+00
9 4 8.068085450495e-26 -8.734674933091e-13 1.290297836902e-12 4.030645506104e-13 -1.628385791531e-01 1.898599045557e+00
9 5 5.934550602533e-20 -7.214221911911e-11 -4.325075581007e-10 -1.383150836968e-09 2.809255528121e-01 2.373248806946e+00
9 6 0.000000000000e+00 -1.905345903942e-09 0.000000000000e+00 0.000000000000e+00 2.832900782405e-01 2.847898568336e+00
9 7 0.000000000000e+00 -6.778286469057e-08 0.000000000000e+00 0.000000000000e+00 -1.818778553923e-01 3.322548329725e+00
9 8 2.122855777605e-06 -9.140046354365e-07 1.120272468805e-02 -8.174351949294e-03 -4.706939573797e-01 3.797198091114e+00
9 9 1.630247276596e-03 -2.508446005360e-05 1.689442438157e-01 3.979720760478e-01 -3.094253529099e-01 4.271847852503e+00
10 1 7.623786994693e-52 -2.328321940688e-26 3.055863772805e-26 -1.205644153741e-26 3.294520453924e-02 4.746497613893e-01
10 2 1.032394164546e-42 -2.481066032436e-20 1.568662536126e-21 1.839819580512e-21 -3.177254651863e-01 9.492995227785e-01
10 3 1.925703562323e-36 -4.224493579749e-17 -4.868620459802e-18 9.110263871668e-19 -1.032800570990e-01 1.423949284168e+00
10 4 2.583241074026e-30 -1.444398791696e-14 6.819138983056e-15 -3.465085010914e-15 3.045781190242e-01 1.898599045557e+00
10 5 4.878026892020e-25 -8.821723700012e-13 -4.151184720652e-12 -1.744708852888e-13 1.885249390155e-01 2.373248806946e+00
10 6 3.018730521451e-19 -5.327366854091e-11 2.327838423019e-10 3.915257866094e-09 -2.682525836164e-01 2.847898568336e+00
10 7 0.000000000000e+00 -1.138271808856e-09 0.000000000000e+00 0.000000000000e+00 -3.050735837407e-01 3.322548329725e+00
10 8 0.000000000000e+00 -3.745794188162e-08 0.000000000000e+00 0.000000000000e+00 1.599307678392e-01 3.797198091114e+00
10 9 1.998124489814e-06 -4.548325805060e-07 -1.279739878182e-02 -8.082775912093e-03 4.784417597870e-01 4.271847852503e+00
10 10 1.209295144422e-03 -1.274379748922e-05 2.714829039488e-01 -3.122167126339e-01 3.293818991318e-01 4.746497613893e+00
11 1 2.729110603794e-57 -2.912093439203e-29 5.521068353218e-29 -2.854791611884e-29 -3.199389096231e-01 4.746497613893e-01
11 2 3.516204376368e-48 -6.193631393412e-23 3.606976556334e-24 2.626637973669e-24 -6.063349809168e-02 9.492995227785e-01
11 3 4.301063241739e-41 -3.975524982173e-19 -1.940302854309e-20 1.309493374792e-20 3.139269763108e-01 1.423949284168e+00
11 4 2.043260166470e-35 -1.154611344319e-16 9.360726954900e-18 -1.936884008707e-17 1.280998201431e-01 1.898599045557e+00
11 5 1.693178878899e-29 -1.823952012636e-14 -1.445224850757e-14 1.975674552899e-14 -2.972432965414e-01 2.373248806946e+00
11 6 0.000000000000e+00 -7.279643791620e-13 0.000000000000e+00 0.000000000000e+00 -2.112481564417e-01 2.847898568336e+00
11 7 0.000000000000e+00 -3.585765027951e-11 0.000000000000e+00 0.000000000000e+00 2.554310046765e-01 3.322548329725e+00
11 8 0.000000000000e+00 -6.538946967701e-10 0.000000000000e+00 0.000000000000e+00 3.240515548857e-01 3.797198091114e+00
11 9 0.000000000000e+00 -2.039444592627e-08 0.000000000000e+00 0.000000000000e+00 -1.390425011263e-01 4.271847852503e+00
11 10 1.798036121501e-06 -2.264917499665e-07 -2.996871927951e-03 1.566973064817e-02 -4.846233116434e-01 4.746497613893e+00
11 11 9.016387155305e-04 -6.515070992335e-06 -3.779843546798e-01 -1.075282619676e-01 -3.479591620005e-01 5.221147375282e+00
12 1 2.382207458866e-63 -1.664949202906e-32 4.891184736762e-32 -3.130134480838e-32 -2.739827200191e-02 4.746497613893e-01
12 2 3.754217020421e-53 -2.510669690595e-25 1.330414314383e-26 5.964195944099e-27 3.179260058595e-01 9.492995227785e-01
12 3 2.409150517606e-46 -1.742595539659e-21 -3.206414391879e-23 4.517903043000e-23 8.472200267762e-02 1.423949284168e+00
12 4 5.743647413425e-40 -1.555146691096e-18 -1.192823101536e-20 -1.134302652304e-19 -3.095126141470e-01 1.898599045557e+00
12 5 1.495488110041e-34 -1.784715750999e-16 1.396790261058e-17 7.139508155367e-17 -1.502113725350e-01 2.373248806946e+00
12 6 9.771743182058e-29 -1.775648826080e-14 2.780194826389e-14 -6.485927911108e-14 2.894654369542e-01 2.847898568336e+00
12 7 0.000000000000e+00 -5.308735300728e-13 0.000000000000e+00 0.000000000000e+00 2.315652888031e-01 3.322548329725e+00
12 8 0.000000000000e+00 -2.271343920665e-11 0.000000000000e+00 0.000000000000e+00 -2.425838131180e-01 3.797198091114e+00
12 9 0.000000000000e+00 -3.657676936332e-10 0.000000000000e+00 0.000000000000e+00 -3.407181036949e-01 4.271847852503e+00
12 10 0.000000000000e+00 -1.099045435281e-08 0.000000000000e+00 0.000000000000e+00 1.191521791301e-01 4.746497613893e+00
12 11 1.565935182732e-06 -1.129119308707e-07 1.610219392567e-02 -2.989295958536e-03 4.895592719547e-01 5.221147375282e+00
12 12 6.751401673314e-04 -3.346831160811e-06 5.531753152335e-02 3.668247252330e-01 3.653303834244e-01 5.695797136671e+00
13 1 6.186277486939e-69 -1.580385525192e-35 7.434759535199e-35 -5.682819841021e-35 3.194855764233e-01 4.746497613893e-01
13 2 1.023866374000e-58 -4.618616535415e-28 2.342596638774e-29 5.564108565320e-30 5.105385462156e-02 9.492995227785e-01
13 3 4.301435966954e-51 -1.298973974720e-23 -6.890777239700e-26 2.237229270046e-25 -3.152809783059e-01 1.423949284168e+00
13 4 4.215918724332e-45 -9.638695385960e-21 -1.726068429287e-22 -2.563057532959e-22 -1.061569611773e-01 1.898599045557e+00
13 5 4.779996986512e-39 -3.083156471754e-18 3.216533324332e-19 2.563156553296e-19 3.046083350349e-01 2.373248806946e+00
13 6 9.200868651023e-34 -2.004980099071e-16 -1.218243226081e-16 -1.790150982606e-16 1.701639448170e-01 2.847898568336e+00
13 7 5.239669984601e-28 -1.472593544209e-14 -7.147464938979e-14 1.767338301929e-13 -2.813601660260e-01 3.322548329725e+00
13 8 0.000000000000e+00 -3.569346901028e-13 0.000000000000e+00 0.000000000000e+00 -2.498751566575e-01 3.797198091114e+00
13 9 0.000000000000e+00 -1.379642328986e-11 0.000000000000e+00 0.000000000000e+00 2.298001557016e-01 4.271847852503e+00
13 10 0.000000000000e+00 -2.007792594008e-10 0.000000000000e+00 0.000000000000e+00 3.554495413578e-01 4.746497613893e+00
13 11 0.000000000000e+00 -5.879348697549e-09 0.000000000000e+00 0.000000000000e+00 -1.001980826959e-01 5.221147375282e+00
13 12 1.330879221839e-06 -5.636411716700e-08 -8.675291630748e-03 -1.400090760096e-02 -4.934915574747e-01 5.695797136671e+00
13 13 5.073651578163e-04 -1.725686574767e-06 2.938436139795e-01 -1.871688793574e-01 -3.816378089907e-01 6.170446898060e+00
14 1 4.195520693656e-75 -6.683949087484e-39 5.745361616595e-38 -5.136212189431e-38 2.347486028457e-02 4.746497613893e-01
14 2 8.366741521726e-64 -1.466055291783e-30 6.869376743588e-32 4.312269556944e-33 -3.180370758863e-01 9.492995227785e-01
14 3 2.038097865647e-56 -4.361135389817e-26 -5.657354183532e-30 5.095305233113e-28 -7.200343388867e-02 1.423949284168e+00
14 4 1.003951919300e-49 -1.057807519888e-22 -1.288633945935e-24 -7.831088053748e-25 3.121446981207e-01 1.898599045557e+00
14 5 4.105300059457e-44 -2.418416959806e-20 1.203576632611e-21 6.497415910663e-23 1.255267627149e-01 2.373248806946e+00
14 6 3.173991752826e-38 -4.165693685608e-18 -1.263304484781e-18 -1.467176057566e-19 -2.993097446943e-01 2.847898568336e+00
14 7 5.157757794284e-33 -1.848718188787e-16 4.285249632172e-16 4.172762556117e-16 -1.883340863734e-01 3.322548329725e+00
14 8 0.000000000000e+00 -1.098418681994e-14 0.000000000000e+00 0.000000000000e+00 2.730198930658e-01 3.797198091114e+00
14 9 0.000000000000e+00 -2.268484606160e-13 0.000000000000e+00 0.000000000000e+00 2.664776826599e-01 4.271847852503e+00
14 10 0.000000000000e+00 -8.130941765039e-12 0.000000000000e+00 0.000000000000e+00 -2.171441055379e-01 4.746497613893e+00
14 11 0.000000000000e+00 -1.087065391195e-10 0.000000000000e+00 0.000000000000e+00 -3.685403442897e-01 5.221147375282e+00
14 12 0.000000000000e+00 -3.128244447434e-09 0.000000000000e+00 0.000000000000e+00 8.211980566867e-02 5.695797136671e+00
14 13 1.110173884861e-06 -2.817570009424e-08 -9.810524242608e-03 1.301303053676e-02 4.966062626710e-01 6.170446898060e+00
14 14 3.824467128130e-04 -8.923533630361e-07 -2.699990454510e-01 -1.822355756147e-01 3.970000486183e-01 6.645096659450e+00
15 1 8.241976010209e-81 -4.963638281817e-42 7.523454996283e-41 -7.750305524138e-41 -3.191986752009e-01 4.746497613893e-01
15 2 1.845958810259e-69 -2.061927316188e-33 1.017828110431e-34 -9.616442420667e-36 -4.414135112998e-02 9.492995227785e-01
15 3 2.927549809510e-61 -2.615705542699e-28 4.770049913096e-31 1.871405960225e-30 3.160822433850e-01 1.423949284168e+00
15 4 6.539924329667e-55 -5.184423058938e-25 -3.801790162433e-27 -5.988120951844e-28 9.088872684586e-02 1.898599045557e+00
15 5 1.163071365322e-48 -3.481573483091e-22 5.647240635950e-24 -3.044409245666e-24 -3.086092679600e-01 2.373248806946e+00
15 6 2.996515653840e-43 -3.873995380943e-20 -3.141520710266e-21 2.324020927457e-21 -1.432232411875e-01 2.847898568336e+00
15 7 1.870685646746e-37 -4.432971590989e-18 3.497996271713e-18 -8.599407149970e-19 2.936936632932e-01 3.322548329725e+00
15 8 2.724620633228e-32 -1.495266576434e-16 -1.151728940163e-15 -1.068598482858e-15 2.049950446016e-01 3.797198091114e+00
15 9 0.000000000000e+00 -7.609858145005e-15 0.000000000000e+00 0.000000000000e+00 -2.645184788760e-01 4.271847852503e+00
15 10 0.000000000000e+00 -1.384331555642e-13 0.000000000000e+00 0.000000000000e+00 -2.816067462001e-01 4.746497613893e+00
15 11 0.000000000000e+00 -4.685687823443e-12 0.000000000000e+00 0.000000000000e+00 2.046612301796e-01 5.221147375282e+00
15 12 0.000000000000e+00 -5.825274304511e-11 0.000000000000e+00 0.000000000000e+00 3.802258346816e-01 5.695797136671e+00
15 13 0.000000000000e+00 -1.657727203629e-09 0.000000000000e+00 0.000000000000e+00 -6.485953219962e-02 6.170446898060e+00
15 14 9.126815719685e-07 -1.410453775064e-08 1.530709190195e-02 4.349152210557e-03 -4.990488593465e-01 6.645096659450e+00
15 15 2.890326407147e-04 -4.624639059403e-07 -5.730234586557e-02 2.979483645583e-01 -4.115172159112e-01 7.119746420839e+00
16 1 4.452489804613e-87 -1.613150611727e-45 5.142013483294e-44 -6.048726254836e-44 -2.054654605366e-02 4.746497613893e-01
16 2 1.185288952105e-74 -5.242910697489e-36 2.517184234771e-37 -6.124908206245e-38 3.181053823320e-01 9.492995227785e-01
16 3 1.167865438449e-66 -6.911294890320e-31 1.812321192418e-33 3.405008064397e-33 6.269370215242e-02 1.423949284168e+00
16 4 1.308835591554e-59 -4.683123238723e-27 -1.688392543269e-29 3.371858381552e-30 -3.137281505733e-01 1.898599045557e+00
16 5 9.226837148371e-54 -2.217308181550e-24 9.933423055114e-27 -1.509484128499e-26 -1.081319428411e-01 2.373248806946e+00
16 6 9.469965324992e-48 -6.829302390695e-22 -5.792343642974e-24 2.119050766711e-23 3.047427585317e-01 2.847898568336e+00
16 7 1.873733491834e-42 -4.687004321043e-20 4.868035415840e-21 -1.030865635036e-20 1.595223176942e-01 3.322548329725e+00
16 8 1.027700519665e-36 -4.023344460104e-18 -8.799033545479e-18 3.960050209533e-18 -2.878233163445e-01 3.797198091114e+00
16 9 0.000000000000e+00 -1.103621456318e-16 0.000000000000e+00 0.000000000000e+00 -2.203540426698e-01 4.271847852503e+00
16 10 0.000000000000e+00 -4.997177489507e-15 0.000000000000e+00 0.000000000000e+00 2.559149715388e-01 4.746497613893e+00
16 11 0.000000000000e+00 -8.195973995675e-14 0.000000000000e+00 0.000000000000e+00 2.954497926704e-01 5.221147375282e+00
16 12 0.000000000000e+00 -2.654453154985e-12 0.000000000000e+00 0.000000000000e+00 -1.923834180514e-01 5.695797136671e+00
16 13 0.000000000000e+00 -3.097098076958e-11 0.000000000000e+00 0.000000000000e+00 -3.906972359696e-01 6.170446898060e+00
16 14 0.000000000000e+00 -8.757458905264e-10 0.000000000000e+00 0.000000000000e+00 4.836271658108e-02 6.645096659450e+00
16 15 7.417101281964e-07 -7.070353322698e-09 -1.404808130936e-03 -1.530558425889e-02 5.009346175155e-01 7.119746420839e+00
16 16 2.189200763482e-04 -2.400869787185e-07 2.755579799417e-01 -5.831337126875e-02 4.252746592444e-01 7.594396182228e+00
17 1 6.837458137374e-93 -9.611532676890e-49 5.899197964525e-47 -7.873205636735e-47 3.190055122535e-01 4.746497613893e-01
17 2 2.145779267702e-80 -5.808056626802e-39 3.245713188612e-40 -1.270909330918e-40 3.890444347273e-02 9.492995227785e-01
17 3 1.367380328464e-71 -3.391742948371e-33 8.600349914492e-36 1.001189434585e-35 -3.165984271329e-01 1.423949284168e+00
17 4 7.445707746048e-65 -1.851640940548e-29 -3.560716814614e-32 2.045721508602e-32 -7.958825471638e-02 1.898599045557e+00
17 5 2.279438582429e-58 -2.677339861259e-26 1.199050853959e-29 -8.901066228871e-29 3.110452559643e-01 2.373248806946e+00
17 6 8.525704956803e-53 -5.271716985886e-24 2.161299477668e-26 6.227015774086e-26 1.240254198820e-01 2.847898568336e+00
17 7 6.359284754813e-47 -9.675659758325e-22 -2.256430869567e-23 -6.246429348138e-23 -3.005992760952e-01 3.322548329725e+00
17 8 1.071094018319e-41 -4.699975224903e-20 -3.768647555857e-21 3.092183241782e-20 -1.746273693957e-01 3.797198091114e+00
17 9 0.000000000000e+00 -3.266057097324e-18 0.000000000000e+00 0.000000000000e+00 2.817512909709e-01 4.271847852503e+00
17 10 0.000000000000e+00 -7.621588782474e-17 0.000000000000e+00 0.000000000000e+00 2.345737447528e-01 4.746497613893e+00
17 11 0.000000000000e+00 -3.152542134376e-15 0.000000000000e+00 0.000000000000e+00 -2.472565951538e-01 5.221147375282e+00
17 12 0.000000000000e+00 -4.741460342068e-14 0.000000000000e+00 0.000000000000e+00 -3.081602707424e-01 5.695797136671e+00
17 13 0.000000000000e+00 -1.483832794134e-12 0.000000000000e+00 0.000000000000e+00 1.803324134905e-01 6.170446898060e+00
17 14 0.000000000000e+00 -1.636560239171e-11 0.000000000000e+00 0.000000000000e+00 4.001120796994e-01 6.645096659450e+00
17 15 0.000000000000e+00 -4.615229346697e-10 0.000000000000e+00 0.000000000000e+00 -3.257837885754e-02 7.119746420839e+00
17 16 5.971983619244e-07 -3.548937361456e-09 -1.318724802691e-02 6.519992489865e-03 -5.023559464038e-01 7.594396182228e+00
17 17 1.661314989322e-04 -1.248077776790e-07 -1.477911402288e-01 -2.147588322736e-01 -4.383457536308e-01 8.069045943617e+00
18 1 3.005762718361e-99 -2.473009236777e-52 3.602940708266e-50 -5.437555414820e-50 1.827432107847e-02 4.746497613893e-01
18 2 1.107824757827e-85 -1.206847549546e-41 6.955913623492e-43 -3.787174516466e-43 -3.181505574686e-01 9.492995227785e-01
18 3 4.612468921931e-77 -7.218372002857e-36 1.921062210869e-38 1.478444592343e-38 -5.556238605140e-02 1.423949284168e+00
18 4 1.255883315527e-69 -1.393912554774e-31 -1.150383573778e-34 1.233308730027e-34 3.147607296576e-01 1.898599045557e+00
18 5 1.630947686517e-63 -1.404939853921e-28 -6.573817925738e-32 -2.310754200081e-31 9.513905471008e-02 2.373248806946e+00
18 6 2.421462885750e-57 -7.917907489088e-26 2.704878441939e-28 2.241292669704e-28 -3.080849857979e-01 2.847898568336e+00
18 7 6.220465033951e-52 -8.651600973928e-24 -1.807940104589e-25 -1.022741529563e-25 -1.387805062263e-01 3.322548329725e+00
18 8 3.817424218318e-46 -1.101740391898e-21 1.320020720219e-22 1.309945751212e-22 2.962235657526e-01 3.797198091114e+00
18 9 5.782420821142e-41 -4.130258431456e-20 -3.677148938112e-21 -8.134245151474e-20 1.886940204383e-01 4.271847852503e+00
18 10 0.000000000000e+00 -2.444219366662e-18 0.000000000000e+00 0.000000000000e+00 -2.755215522350e-01 4.746497613893e+00
18 11 0.000000000000e+00 -5.007523408035e-17 0.000000000000e+00 0.000000000000e+00 -2.477853576508e-01 5.221147375282e+00
18 12 0.000000000000e+00 -1.928508618492e-15 0.000000000000e+00 0.000000000000e+00 2.385811253550e-01 5.695797136671e+00
18 13 0.000000000000e+00 -2.693858626843e-14 0.000000000000e+00 0.000000000000e+00 3.198659226011e-01 6.170446898060e+00
18 14 0.000000000000e+00 -8.207247405836e-13 0.000000000000e+00 0.000000000000e+00 -1.685224136965e-01 6.645096659450e+00
18 15 0.000000000000e+00 -8.606151728116e-12 0.000000000000e+00 0.000000000000e+00 -4.086016372559e-01 7.119746420839e+00
18 16 0.000000000000e+00 -2.427603559911e-10 0.000000000000e+00 0.000000000000e+00 1.745916208101e-02 7.594396182228e+00
18 17 4.772233441843e-07 -1.783621981179e-09 1.027450641401e-02 9.469120091089e-03 5.033876840315e-01 8.069045943617e+00
18 18 1.262796833743e-04 -6.494810674350e-08 -1.313914865724e-01 2.016261949364e-01 4.507940401225e-01 8.543695705007e+00
19 1 3.703945570211e-105 -1.207172357434e-55 3.665385512328e-53 -6.244701281671e-53 -3.188692178049e-01 4.746497613893e-01
19 2 1.669307786398e-91 -1.078886084568e-44 7.933269763225e-46 -5.619878565923e-46 -3.479322715410e-02 9.492995227785e-01
19 3 4.465146653074e-82 -2.944261430521e-38 6.742196621975e-41 3.380633896192e-41 3.169516724917e-01 1.423949284168e+00
19 4 6.215376734260e-75 -4.527320739814e-34 -1.709342751921e-37 3.339950351551e-37 7.085690628605e-02 1.898599045557e+00
19 5 3.497614830531e-68 -1.436146007823e-30 -6.783302390886e-34 -8.818353834434e-34 -3.126478142027e-01 2.373248806946e+00
19 6 2.021257841714e-62 -5.128060268583e-28 9.961574158034e-31 1.941704825665e-31 -1.095709132448e-01 2.847898568336e+00
19 7 1.942699037626e-56 -1.541749208007e-25 -1.151276960788e-27 1.485226699726e-28 3.048877195065e-01 3.322548329725e+00
19 8 3.947295789624e-51 -1.105975678415e-23 5.975733052396e-25 -2.265337377924e-26 1.525557079661e-01 3.797198091114e+00
19 9 2.137472624814e-45 -1.075310578365e-21 -4.366218825613e-22 -2.333316349883e-22 -2.916534183457e-01 4.271847852503e+00
19 10 0.000000000000e+00 -3.296014976771e-20 0.000000000000e+00 0.000000000000e+00 -2.018450713085e-01 4.746497613893e+00
19 11 0.000000000000e+00 -1.720680632805e-18 0.000000000000e+00 0.000000000000e+00 2.691709669129e-01 5.221147375282e+00
19 12 0.000000000000e+00 -3.166292933435e-17 0.000000000000e+00 0.000000000000e+00 2.600970338852e-01 5.695797136671e+00
19 13 0.000000000000e+00 -1.151555826014e-15 0.000000000000e+00 0.000000000000e+00 -2.299187699319e-01 6.170446898060e+00
19 14 0.000000000000e+00 -1.508675403265e-14 0.000000000000e+00 0.000000000000e+00 -3.306745407704e-01 6.645096659450e+00
19 15 0.000000000000e+00 -4.500943474114e-13 0.000000000000e+00 0.000000000000e+00 1.569619872012e-01 7.119746420839e+00
19 16 0.000000000000e+00 -4.508256525944e-12 0.000000000000e+00 0.000000000000e+00 4.162763703957e-01 7.594396182228e+00
19 17 0.000000000000e+00 -1.274957725498e-10 0.000000000000e+00 0.000000000000e+00 -2.961246912170e-03 8.069045943617e+00
19 18 3.789851957028e-07 -8.974805794386e-10 4.868412788244e-03 -1.225218840604e-02 -5.040909823218e-01 8.543695705007e+00
19 19 9.612482175035e-05 -3.382524652305e-08 2.176366928532e-01 4.189857754502e-02 -4.626748965432e-01 9.018345466396e+00
20 1 1.349225608472e-111 -2.518523587007e-59 2.015228371900e-56 -3.877869259512e-56 -1.645838478500e-02 4.746497613893e-01
20 2 7.067157276123e-97 -1.863698787570e-47 1.494573025065e-48 -1.329597014156e-48 3.181820732024e-01 9.492995227785e-01
20 3 1.283274485190e-87 -5.146996439330e-41 1.226915927735e-43 3.599542465106e-44 4.991419048605e-02 1.423949284168e+00
20 4 8.897617703320e-80 -2.875515335357e-36 -3.021009895100e-40 1.387063137429e-39 -3.154742064323e-01 1.898599045557e+00
20 5 2.234301803481e-73 -6.297880641356e-33 -2.377120675909e-36 -1.502076473553e-36 -8.502819455042e-02 2.373248806946e+00
20 6 5.112158701537e-67 -6.608502129228e-30 4.922710734083e-33 -1.348498737535e-33 3.103001462348e-01 2.847898568336e+00
20 7 1.802817821849e-61 -1.174850276622e-27 -2.664097788538e-30 2.325363018315e-30 1.230503624724e-01 3.322548329725e+00
20 8 1.317151300789e-55 -2.262810255908e-25 2.453667119018e-27 -2.431523984642e-27 -3.014866893841e-01 3.797198091114e+00
20 9 2.296722356615e-50 -1.184824703210e-23 -1.467996452941e-24 6.916683757762e-25 -1.654736697223e-01 4.271847852503e+00
20 10 0.000000000000e+00 -9.374488021572e-22 0.000000000000e+00 0.000000000000e+00 2.869211172647e-01 4.746497613893e+00
20 11 0.000000000000e+00 -2.446056543992e-20 0.000000000000e+00 0.000000000000e+00 2.141799046101e-01 5.221147375282e+00
20 12 0.000000000000e+00 -1.155530765376e-18 0.000000000000e+00 0.000000000000e+00 -2.627305127693e-01 5.695797136671e+00
20 13 0.000000000000e+00 -1.942671678062e-17 0.000000000000e+00 0.000000000000e+00 -2.715994950674e-01 6.170446898060e+00
20 14 0.000000000000e+00 -6.744654297518e-16 0.000000000000e+00 0.000000000000e+00 2.212936564510e-01 6.645096659450e+00
20 15 0.000000000000e+00 -8.351734727227e-15 0.000000000000e+00 0.000000000000e+00 3.406781038515e-01 7.119746420839e+00
20 16 0.000000000000e+00 -2.451210703825e-13 0.000000000000e+00 0.000000000000e+00 -1.456555002417e-01 7.594396182228e+00
20 17 0.000000000000e+00 -2.354259668009e-12 0.000000000000e+00 0.000000000000e+00 -4.232300182278e-01 8.069045943617e+00
20 18 0.000000000000e+00 -6.687630846044e-11 0.000000000000e+00 0.000000000000e+00 -1.095581479035e-02 8.543695705007e+00
20 19 2.994179044016e-07 -4.521008842305e-10 -1.236865740406e-02 -1.527715405058e-04 5.045162082560e-01 9.018345466396e+00
20 20 7.326193298187e-05 -1.762725469740e-08 -3.935154431454e-02 -1.998347847909e-01 4.740368627436e-01 9.492995227785e+00
21 1 1.362892614204e-117 -1.024955285975e-62 1.832954086786e-59 -3.991585966726e-59 3.187694429356e-01 4.746497613893e-01
21 2 8.982044881842e-103 -1.371652122312e-50 1.519016918785e-51 -1.666857815180e-51 3.147661841949e-02 9.492995227785e-01
21 3 1.041197473299e-92 -1.769487846698e-43 3.617296791034e-46 4.242687690211e-47 -3.172046204645e-01 1.423949284168e+00
21 4 3.837261622090e-85 -7.794660318733e-39 8.278980443100e-44 2.946880849755e-42 -6.389268957100e-02 1.898599045557e+00
21 5 4.164634414990e-78 -5.503558632536e-35 -1.180332119756e-38 -2.839580659456e-39 3.137628507538e-01 2.373248806946e+00
21 6 3.898923292161e-72 -3.630821741768e-32 1.083264893442e-35 -9.019013924121e-36 9.825313892579e-02 2.847898568336e+00
21 7 5.122922160064e-66 -1.817122532947e-29 -5.760853432128e-33 1.794852114236e-32 -3.077492474620e-01 3.322548329725e+00
21 8 1.315997630182e-60 -1.962323030320e-27 1.191804263160e-30 -1.085370892743e-29 -1.357044963707e-01 3.797198091114e+00
21 9 8.037163435960e-55 -2.717576618604e-25 -2.710544453114e-27 9.209069188904e-27 2.979100447128e-01 4.271847852503e+00
21 10 1.262247969389e-49 -1.114855138442e-23 3.212891377144e-24 -2.746839828408e-24 1.776318425405e-01 4.746497613893e+00
21 11 0.000000000000e+00 -7.504718576494e-22 0.000000000000e+00 0.000000000000e+00 -2.820544210945e-01 5.221147375282e+00
21 12 0.000000000000e+00 -1.716295915052e-20 0.000000000000e+00 0.000000000000e+00 -2.257806495652e-01 5.695797136671e+00
21 13 0.000000000000e+00 -7.477120769991e-19 0.000000000000e+00 0.000000000000e+00 2.562262593946e-01 6.170446898060e+00
21 14 0.000000000000e+00 -1.163553936863e-17 0.000000000000e+00 0.000000000000e+00 2.823699352787e-01 6.645096659450e+00
21 15 0.000000000000e+00 -3.888895549805e-16 0.000000000000e+00 0.000000000000e+00 -2.127250107730e-01 7.119746420839e+00
21 16 0.000000000000e+00 -4.579664403297e-15 0.000000000000e+00 0.000000000000e+00 -3.499558331290e-01 7.594396182228e+00
21 17 0.000000000000e+00 -1.327250954184e-13 0.000000000000e+00 0.000000000000e+00 1.346041841259e-01 8.069045943617e+00
21 18 0.000000000000e+00 -1.226302095628e-12 0.000000000000e+00 0.000000000000e+00 4.295427196447e-01 8.543695705007e+00
21 19 0.000000000000e+00 -3.504318907085e-11 0.000000000000e+00 0.000000000000e+00 2.432930838923e-02 9.018345466396e+00
21 20 2.355329322457e-07 -2.279841846776e-10 3.992678124746e-03 1.083615906930e-02 -5.047051417225e-01 9.492995227785e+00
21 21 5.589772593501e-05 -9.190393113200e-09 -1.565910642801e-01 1.018524008330e-01 -4.849227053407e-01 9.967644989174e+00
22 1 4.177735721162e-124 -1.768152870903e-66 9.111527294640e-63 -2.254686384597e-62 1.497302005597e-02 4.746497613893e-01
22 2 3.170891009740e-108 -1.999069913248e-53 2.530111959549e-54 -3.398941261300e-54 -3.182049773594e-01 9.492995227785e-01
22 3 2.571241086973e-98 -2.583463867154e-46 5.718224471675e-49 -2.438881961500e-50 -4.532429860034e-02 1.423949284168e+00
22 4 4.701253628127e-90 -4.225117466904e-41 2.612778736765e-45 9.982556382601e-45 3.159891830104e-01 1.898599045557e+00
22 5 2.367681987515e-83 -2.043000493502e-37 -2.887373467116e-41 2.050072987991e-42 7.691662969522e-02 2.373248806946e+00
22 6 8.755185854225e-77 -4.046215066943e-34 3.078071251454e-38 -5.928056301931e-38 -3.118503515152e-01 2.847898568336e+00
22 7 4.432341178924e-71 -1.190231432834e-31 1.063119623288e-35 5.441823550218e-35 -1.106656669043e-01 3.322548329725e+00
22 8 4.066610143126e-65 -3.519265646222e-29 -3.001249488762e-32 -5.275806884732e-32 3.050208854581e-01 3.797198091114e+00
22 9 8.459916035174e-60 -2.617790833317e-27 1.457030886220e-29 2.752669469308e-29 1.476328677164e-01 4.271847852503e+00
22 10 4.577985680128e-54 -2.815782171718e-25 -2.118175176194e-27 -2.536832416412e-26 -2.941820465413e-01 4.746497613893e+00
22 11 0.000000000000e+00 -9.509613650565e-24 0.000000000000e+00 0.000000000000e+00 -1.891094298522e-01 5.221147375282e+00
22 12 0.000000000000e+00 -5.624276400094e-22 0.000000000000e+00 0.000000000000e+00 2.770772936922e-01 5.695797136671e+00
22 13 0.000000000000e+00 -1.152172624617e-20 0.000000000000e+00 0.000000000000e+00 2.367163652381e-01 6.170446898060e+00
22 14 0.000000000000e+00 -4.696312629353e-19 0.000000000000e+00 0.000000000000e+00 -2.496801717405e-01 6.645096659450e+00
22 15 0.000000000000e+00 -6.834044168190e-18 0.000000000000e+00 0.000000000000e+00 -2.924748175003e-01 7.119746420839e+00
22 16 0.000000000000e+00 -2.213569744929e-16 0.000000000000e+00 0.000000000000e+00 2.042280934712e-01 7.594396182228e+00
22 17 0.000000000000e+00 -2.491594710449e-15 0.000000000000e+00 0.000000000000e+00 3.585765063306e-01 8.069045943617e+00
22 18 0.000000000000e+00 -7.152082409687e-14 0.000000000000e+00 0.000000000000e+00 -1.238069387620e-01 8.543695705007e+00
22 19 0.000000000000e+00 -6.374345217433e-13 0.000000000000e+00 0.000000000000e+00 -4.352834371750e-01 9.018345466396e+00
22 20 0.000000000000e+00 -1.834699523426e-11 0.000000000000e+00 0.000000000000e+00 -3.719358243132e-02 9.492995227785e+00
22 21 1.846014587995e-07 -1.150814723084e-10 8.085144198311e-03 -7.061842051428e-03 5.046926619155e-01 9.967644989174e+00
22 22 4.268987806581e-05 -4.793346122458e-09 1.397892580240e-01 9.852409525609e-02 4.953702825763e-01 1.044229475056e+01
23 1 3.520774077026e-130 -6.088491043672e-70 7.441501235561e-66 -2.104776943467e-65 -3.186942001139e-01 4.746497613893e-01
23 2 3.440054084663e-114 -1.231670219219e-56 2.290298400642e-57 -3.772646391675e-57 -2.874270462086e-02 9.492995227785e-01
23 3 1.770339089444e-103 -7.579198434908e-49 1.473788120511e-51 -2.887176792971e-52 3.173922607358e-01 1.423949284168e+00
23 4 1.774198429661e-95 -9.691577876523e-44 9.101561640790e-48 1.786049634449e-47 5.820003508955e-02 1.898599045557e+00
23 5 3.851116971259e-88 -1.540679628853e-39 -1.092877386391e-43 4.104691296102e-44 -3.145723243889e-01 2.373248806946e+00
23 6 6.058338079345e-82 -1.905663739965e-36 1.865226625894e-41 -1.747150456180e-40 -8.912778920575e-02 2.847898568336e+00
23 7 1.139331267221e-75 -1.607980122934e-33 1.727559362147e-37 2.217697933217e-37 3.097621415128e-01 3.322548329725e+00
23 8 3.854101596452e-70 -2.653983848475e-31 -1.663992395544e-34 -8.501587590200e-35 1.223697022720e-01 3.797198091114e+00
23 9 2.779773091050e-64 -5.308265756273e-29 1.663019321069e-31 6.493464254484e-32 -3.021368296116e-01 4.271847852503e+00
23 10 5.002777751529e-59 -2.958547993808e-27 -6.845360823656e-29 -4.894696059934e-29 -1.589152484525e-01 4.746497613893e+00
23 11 2.487131061908e-53 -2.608609656063e-25 2.119260993090e-26 6.173233819941e-26 2.903238265508e-01 5.221147375282e+00
23 12 0.000000000000e+00 -7.517494647138e-24 0.000000000000e+00 0.000000000000e+00 1.999720563349e-01 5.695797136671e+00
23 13 0.000000000000e+00 -4.000941040981e-22 0.000000000000e+00 0.000000000000e+00 -2.720104788458e-01 6.170446898060e+00
23 14 0.000000000000e+00 -7.465094568774e-21 0.000000000000e+00 0.000000000000e+00 -2.470459679917e-01 6.645096659450e+00
23 15 0.000000000000e+00 -2.879081400035e-19 0.000000000000e+00 0.000000000000e+00 2.431107718467e-01 7.119746420839e+00
23 16 0.000000000000e+00 -3.949815502490e-18 0.000000000000e+00 0.000000000000e+00 3.019719327530e-01 7.594396182228e+00
23 17 0.000000000000e+00 -1.246523091636e-16 0.000000000000e+00 0.000000000000e+00 -1.958149467643e-01 8.069045943617e+00
23 18 0.000000000000e+00 -1.346689696475e-15 0.000000000000e+00 0.000000000000e+00 -3.666002448800e-01 8.543695705007e+00
23 19 0.000000000000e+00 -3.838368833336e-14 0.000000000000e+00 0.000000000000e+00 1.132609408046e-01 9.018345466396e+00
23 20 0.000000000000e+00 -3.307698566468e-13 0.000000000000e+00 0.000000000000e+00 4.405118646966e-01 9.492995227785e+00
23 21 0.000000000000e+00 -9.598769660813e-12 0.000000000000e+00 0.000000000000e+00 4.958027717172e-02 9.967644989174e+00
23 22 1.442345616183e-07 -5.814484122206e-11 -8.778751001039e-03 -4.663976682182e-03 -5.045080560975e-01 1.044229475056e+01
23 23 3.263030723051e-05 -2.500683097049e-09 3.648808886068e-02 -1.519970627085e-01 -5.054132534591e-01 1.091694451195e+01
24 1 9.202746935780e-137 -8.827361990624e-74 3.346395279834e-69 -1.091198788020e-68 -1.373502692062e-02 4.746497613893e-01
24 2 1.027298671612e-119 -1.533868062212e-59 3.357610268132e-60 -6.847942603976e-60 3.182221701135e-01 9.492995227785e-01
24 3 3.788466623756e-109 -9.373774493356e-52 2.073482801088e-54 -7.260646132358e-55 4.151751533770e-02 1.423949284168e+00
24 4 1.876206117109e-100 -4.530120343698e-46 4.073477891784e-50 5.089274142603e-50 -3.163737859580e-01 1.898599045557e+00
24 5 1.949401588837e-93 -4.897337468644e-42 -2.119818200714e-46 1.550831463766e-46 -7.025363255360e-02 2.373248806946e+00
24 6 1.208424455543e-86 -1.850845290302e-38 -1.892917634533e-43 -7.615648362330e-43 3.129810819334e-01 2.847898568336e+00
24 7 9.100249254279e-81 -9.130360196059e-36 7.084150065784e-40 3.596678192146e-40 1.006356163193e-01 3.322548329725e+00
24 8 1.094849358338e-74 -4.194088338550e-33 -9.935739003614e-37 6.851704687614e-38 -3.075189002252e-01 3.797198091114e+00
24 9 2.815688203486e-69 -4.492693179622e-31 5.448320984525e-34 -1.612588312255e-34 -1.334476686516e-01 4.271847852503e+00
24 10 1.720986196913e-63 -6.655355726333e-29 -4.858478815788e-31 8.698680343225e-32 2.991158767194e-01 4.746497613893e+00
24 11 2.794534470855e-58 -2.947954353832e-27 2.103427376495e-28 6.017709963438e-29 1.696168407796e-01 5.221147375282e+00
24 12 0.000000000000e+00 -2.215495434518e-25 0.000000000000e+00 0.000000000000e+00 -2.863539126384e-01 5.695797136671e+00
24 13 0.000000000000e+00 -5.595679435038e-24 0.000000000000e+00 0.000000000000e+00 -2.102749969138e-01 6.170446898060e+00
24 14 0.000000000000e+00 -2.729356622393e-22 0.000000000000e+00 0.000000000000e+00 2.668719683335e-01 6.645096659450e+00
24 15 0.000000000000e+00 -4.698950663035e-21 0.000000000000e+00 0.000000000000e+00 2.568203370425e-01 7.119746420839e+00
24 16 0.000000000000e+00 -1.730089505301e-19 0.000000000000e+00 0.000000000000e+00 -2.365336857589e-01 7.594396182228e+00
24 17 0.000000000000e+00 -2.252451761622e-18 0.000000000000e+00 0.000000000000e+00 -3.109119528440e-01 8.069045943617e+00
24 18 0.000000000000e+00 -6.956481037118e-17 0.000000000000e+00 0.000000000000e+00 1.874949928284e-01 8.543695705007e+00
24 19 0.000000000000e+00 -7.238532967594e-16 0.000000000000e+00 0.000000000000e+00 3.740799185822e-01 9.018345466396e+00
24 20 0.000000000000e+00 -2.052860629703e-14 0.000000000000e+00 0.000000000000e+00 -1.029621060228e-01 9.492995227785e+00
24 21 0.000000000000e+00 -1.713937024991e-13 0.000000000000e+00 0.000000000000e+00 -4.452799471182e-01 9.967644989174e+00
24 22 0.000000000000e+00 -5.018833040860e-12 0.000000000000e+00 0.000000000000e+00 -6.151854673261e-02 1.044229475056e+01
24 23 1.123943836984e-07 -2.940339264490e-11 -1.136948092005e-03 9.103373582631e-03 5.041760457228e-01 1.091694451195e+01
24 24 2.495973579323e-05 -1.304853211516e-09 -1.412391798772e-01 2.006589356635e-02 5.150816640466e-01 1.139159427334e+01
25 1 6.566945715337e-143 -2.604554666447e-77 2.451960232748e-72 -9.324513154433e-72 3.186360507128e-01 4.746497613893e-01
25 2 9.615214918051e-126 -8.023999925022e-63 2.669017306817e-63 -6.878936368739e-63 2.644925418165e-02 9.492995227785e-01
25 3 2.238269968687e-114 -2.372423924105e-54 4.753092106357e-57 -2.433853113492e-57 -3.175354575524e-01 1.423949284168e+00
25 4 6.228364907358e-106 -8.899508480728e-49 9.066680434182e-53 7.672071636025e-53 -5.345495219800e-02 1.898599045557e+00
25 5 2.781225603444e-98 -3.215109735852e-44 -6.250401147806e-49 7.704339848722e-49 3.151798674233e-01 2.373248806946e+00
25 6 7.566514328041e-92 -7.544438433633e-41 -1.066196539547e-45 -1.648974245766e-45 8.160050413918e-02 2.847898568336e+00
25 7 2.111417428205e-85 -1.084467947251e-37 3.820635459402e-42 2.190611478948e-43 -3.112364765768e-01 3.322548329725e+00
25 8 9.728016335779e-80 -2.769412068228e-35 -2.490242498442e-39 1.616116419254e-39 -1.115263566313e-01 3.797198091114e+00
25 9 8.621760680261e-74 -8.089611004684e-33 1.948888139727e-36 -2.467292864508e-36 3.051380253601e-01 4.271847852503e+00
25 10 1.830697335116e-68 -6.200805974503e-31 -9.791590413282e-34 1.277770824003e-33 1.439662211911e-01 4.746497613893e+00
25 11 9.958286486295e-63 -7.249188297243e-29 1.073128440471e-30 -7.443592978527e-31 -2.959744898023e-01 5.221147375282e+00
25 12 0.000000000000e+00 -2.663263136224e-27 0.000000000000e+00 0.000000000000e+00 -1.797918689951e-01 5.695797136671e+00
25 13 0.000000000000e+00 -1.756392886339e-25 0.000000000000e+00 0.000000000000e+00 2.822886199599e-01 6.170446898060e+00
25 14 0.000000000000e+00 -3.968289546351e-24 0.000000000000e+00 0.000000000000e+00 2.200654681058e-01 6.645096659450e+00
25 15 0.000000000000e+00 -1.799323107328e-22 0.000000000000e+00 0.000000000000e+00 -2.616773908215e-01 7.119746420839e+00
25 16 0.000000000000e+00 -2.888057447327e-21 0.000000000000e+00 0.000000000000e+00 -2.660838661898e-01 7.594396182228e+00
25 17 0.000000000000e+00 -1.022440280096e-19 0.000000000000e+00 0.000000000000e+00 2.299620968898e-01 8.069045943617e+00
25 18 0.000000000000e+00 -1.270101435864e-18 0.000000000000e+00 0.000000000000e+00 3.193396258445e-01 8.543695705007e+00
25 19 0.000000000000e+00 -3.852606042193e-17 0.000000000000e+00 0.000000000000e+00 -1.792755151872e-01 9.018345466396e+00
25 20 0.000000000000e+00 -3.872459615677e-16 0.000000000000e+00 0.000000000000e+00 -3.810622662166e-01 9.492995227785e+00
25 21 0.000000000000e+00 -1.094675702202e-14 0.000000000000e+00 0.000000000000e+00 9.290544211532e-02 9.967644989174e+00
25 22 0.000000000000e+00 -8.870433494113e-14 0.000000000000e+00 0.000000000000e+00 4.496331038830e-01 1.044229475056e+01
25 23 0.000000000000e+00 -2.622795828606e-12 0.000000000000e+00 0.000000000000e+00 7.303526985160e-02 1.091694451195e+01
25 24 0.000000000000e+00 -1.488131109915e-11 0.000000000000e+00 0.000000000000e+00 -5.037175984397e-01 1.139159427334e+01
25 25 1.910487880657e-05 -6.809608689295e-10 6.419400921742e-02 1.130558266886e-01 -5.244024357246e-01 1.186624403473e+01
26 1 1.480475906705e-149 -3.217582796247e-81 9.916161334070e-76 -4.469186896011e-75 1.268708176683e-02 4.746497613893e-01
26 2 2.459144323489e-131 -8.633588724728e-66 3.353164341773e-66 -1.131363513467e-65 -3.182354187023e-01 9.492995227785e-01
26 3 4.184107975527e-120 -2.516061938926e-57 6.011246054665e-60 -4.143717316394e-60 -3.830725806414e-02 1.423949284168e+00
26 4 5.731872658724e-111 -3.620790550300e-51 3.130087699100e-55 1.784542037022e-55 3.166690125868e-01 1.898599045557e+00
26 5 1.256406589468e-103 -8.841089000487e-47 -8.922787115923e-52 1.910527869973e-51 6.467638147007e-02 2.373248806946e+00
26 6 1.343786591593e-96 -6.433531715279e-43 -6.411653612851e-48 -5.231632762615e-48 -3.138331697618e-01 2.847898568336e+00
26 7 1.548893183007e-90 -5.380955560650e-40 9.799068469248e-45 -3.378283995596e-45 -9.233128897017e-02 3.322548329725e+00
26 8 2.530201929552e-84 -3.877744752869e-37 -7.512074579246e-42 1.314509463156e-41 3.093555508195e-01 3.797198091114e+00
26 9 8.298369906099e-79 -6.048953616078e-35 9.082700496547e-40 -9.712056523024e-39 1.218692434550e-01 4.271847852503e+00
26 10 5.934691434910e-73 -1.247072754423e-32 3.191619551962e-37 9.160070427096e-36 -3.026345149394e-01 4.746497613893e+00
26 11 1.098622233377e-67 -7.324640219731e-31 6.221242224995e-34 -4.293062410994e-33 -1.539802038697e-01 5.221147375282e+00
26 12 0.000000000000e+00 -7.076136511982e-29 0.000000000000e+00 0.000000000000e+00 2.927272233791e-01 5.695797136671e+00
26 13 0.000000000000e+00 -2.226109209376e-27 0.000000000000e+00 0.000000000000e+00 1.894861146079e-01 6.170446898060e+00
26 14 0.000000000000e+00 -1.317236492204e-25 0.000000000000e+00 0.000000000000e+00 -2.781423579553e-01 6.645096659450e+00
26 15 0.000000000000e+00 -2.705064820151e-24 0.000000000000e+00 0.000000000000e+00 -2.293842921379e-01 7.119746420839e+00
26 16 0.000000000000e+00 -1.153140897332e-22 0.000000000000e+00 0.000000000000e+00 2.564403387103e-01 7.594396182228e+00
26 17 0.000000000000e+00 -1.740037272636e-21 0.000000000000e+00 0.000000000000e+00 2.748756325631e-01 8.069045943617e+00
26 18 0.000000000000e+00 -5.957997641976e-20 0.000000000000e+00 0.000000000000e+00 -2.234071229451e-01 8.543695705007e+00
26 19 0.000000000000e+00 -7.093599267682e-19 0.000000000000e+00 0.000000000000e+00 -3.272947133557e-01 9.018345466396e+00
26 20 0.000000000000e+00 -2.119706667735e-17 0.000000000000e+00 0.000000000000e+00 1.711620477297e-01 9.492995227785e+00
26 21 0.000000000000e+00 -2.063339056764e-16 0.000000000000e+00 0.000000000000e+00 3.875888011294e-01 9.967644989174e+00
26 22 0.000000000000e+00 -5.822387312958e-15 0.000000000000e+00 0.000000000000e+00 -8.308531864674e-02 1.044229475056e+01
26 23 0.000000000000e+00 -4.586270107347e-14 0.000000000000e+00 0.000000000000e+00 -4.536112233686e-01 1.091694451195e+01
26 24 0.000000000000e+00 -1.370034810042e-12 0.000000000000e+00 0.000000000000e+00 -8.415524664027e-02 1.139159427334e+01
26 25 6.780230729281e-08 -7.537391408191e-12 -4.391752178022e-03 -6.379549323867e-03 5.031505760957e-01 1.186624403473e+01
26 26 1.463195459823e-05 -3.554017784600e-10 7.443903999095e-02 -9.198020258123e-02 5.333997745579e-01 1.234089379612e+01
27 1 9.058735675650e-156 -8.223864514349e-85 6.449604962929e-79 -3.522379074934e-78 -3.185901785214e-01 4.746497613893e-01
27 2 2.004645261465e-137 -3.881376249252e-69 2.215780082674e-69 -1.042101978451e-68 -2.449710575828e-02 9.492995227785e-01
27 3 2.142405941991e-125 -5.546636008669e-60 1.233242813302e-62 -1.099333476871e-62 3.176473124110e-01 1.423949284168e+00
27 4 1.683073733152e-116 -6.156494245382e-54 5.815687580316e-58 2.073037068953e-58 4.943606741693e-02 1.898599045557e+00
27 5 1.581112029475e-108 -5.093415178110e-49 -1.517100641180e-54 7.324761917797e-54 -3.156482535166e-01 2.373248806946e+00
27 6 7.612420791856e-102 -2.289508462742e-45 -1.823365241462e-50 -7.447309759641e-51 -7.527701333028e-02 2.847898568336e+00
27 7 3.243992197649e-95 -5.654785324146e-42 3.627743193774e-47 -3.056223712121e-47 3.123513821534e-01 3.322548329725e+00
27 8 2.092842039238e-89 -2.257006560909e-39 -3.052797620363e-45 4.343616060638e-44 1.025184217972e-01 3.797198091114e+00
27 9 2.355834077979e-83 -9.717476671888e-37 -2.246468378775e-41 -4.686719673148e-41 -3.073525887228e-01 4.271847852503e+00
27 10 6.068173453635e-78 -1.034843990972e-34 1.841626627193e-38 2.279964432437e-38 -1.317207909391e-01 4.746497613893e+00
27 11 3.721650395993e-72 -1.619992140359e-32 -1.466583933805e-35 -2.055151940697e-35 3.000215205373e-01 5.221147375282e+00
27 12 6.230248609765e-67 -7.662384620006e-31 2.858308316451e-33 1.090079402924e-32 1.635354420725e-01 5.695797136671e+00
27 13 0.000000000000e+00 -6.330896949300e-29 0.000000000000e+00 0.000000000000e+00 -2.893870253830e-01 6.170446898060e+00
27 14 0.000000000000e+00 -1.747570855911e-27 0.000000000000e+00 0.000000000000e+00 -1.987387445992e-01 6.645096659450e+00
27 15 0.000000000000e+00 -9.440319418287e-26 0.000000000000e+00 0.000000000000e+00 2.739278805109e-01 7.119746420839e+00
27 16 0.000000000000e+00 -1.784601470981e-24 0.000000000000e+00 0.000000000000e+00 2.382671312550e-01 7.594396182228e+00
27 17 0.000000000000e+00 -7.217574695401e-23 0.000000000000e+00 0.000000000000e+00 -2.511726448123e-01 8.069045943617e+00
27 18 0.000000000000e+00 0.000000000000e+00 0.000000000000e+00 0.000000000000e+00 -2.832302941967e-01 8.543695705007e+00
27 19 0.000000000000e+00 -3.430578688426e-20 0.000000000000e+00 0.000000000000e+00 2.168781302334e-01 9.018345466396e+00
27 20 0.000000000000e+00 -3.929528593969e-19 0.000000000000e+00 0.000000000000e+00 3.348127371220e-01 9.492995227785e+00
27 21 0.000000000000e+00 -1.159701221613e-17 0.000000000000e+00 0.000000000000e+00 -1.631586904207e-01 9.967644989174e+00
27 22 0.000000000000e+00 -1.095579263811e-16 0.000000000000e+00 0.000000000000e+00 -3.936965513969e-01 1.044229475056e+01
27 23 0.000000000000e+00 -3.089956861531e-15 0.000000000000e+00 0.000000000000e+00 7.349567389922e-02 1.091694451195e+01
27 24 0.000000000000e+00 -2.369235224409e-14 0.000000000000e+00 0.000000000000e+00 4.572494779528e-01 1.139159427334e+01
27 25 0.000000000000e+00 -7.153676628159e-13 0.000000000000e+00 0.000000000000e+00 9.490138032066e-02 1.186624403473e+01
27 26 0.000000000000e+00 -3.820473616833e-12 0.000000000000e+00 0.000000000000e+00 -5.024902558737e-01 1.234089379612e+01
27 27 1.121205971652e-05 -1.854972587098e-10 -1.025180519426e-01 -3.256083835715e-02 -5.420955165396e-01 1.281554355751e+01
28 1 1.779024079377e-162 -8.758940119941e-89 2.296838577356e-82 -1.570206914703e-81 -1.178836867304e-02 4.746497613893e-01
28 2 4.438324086413e-143 -3.643234527818e-72 2.118659079865e-72 -1.571046651392e-71 3.182458521649e-01 9.492995227785e-01
28 3 3.524636350900e-131 -5.097982622430e-63 1.402624322426e-65 -1.588403724039e-65 3.556231091772e-02 1.423949284168e+00
28 4 1.358310163158e-121 -2.198477278555e-56 1.727344463250e-60 3.044651858318e-61 -3.169008067140e-01 1.898599045557e+00
28 5 6.395323282473e-114 -1.222724429377e-51 2.680520908756e-58 1.504165098832e-56 -5.993538507427e-02 2.373248806946e+00
28 6 1.207738569110e-106 -1.726080516186e-47 -7.801383833445e-53 -8.274628099994e-54 3.144924082556e-01 2.847898568336e+00
28 7 2.180658816225e-100 -2.470078725401e-44 6.124772195441e-50 -1.066500480060e-49 8.533276812489e-02 3.322548329725e+00
28 8 4.975450429939e-94 -2.815415463341e-41 7.367322362126e-47 1.991169811822e-46 -3.107488381146e-01 3.797198091114e+00
28 9 2.136603436841e-88 -6.455345891084e-39 -1.279036680583e-43 -9.021594992870e-44 -1.122207159179e-01 4.271847852503e+00
28 10 1.843650351870e-82 -1.868298720717e-36 1.549817249163e-40 4.559088660492e-41 3.052398695717e-01 4.746497613893e+00
28 11 3.984582486705e-77 -1.468552606787e-34 -8.031742700059e-38 -1.933867233107e-38 1.411278324258e-01 5.221147375282e+00
28 12 2.184785770223e-71 -1.840847821306e-32 5.935159055104e-35 3.050984638217e-35 -2.973107115970e-01 5.695797136671e+00
28 13 0.000000000000e+00 -7.277035940011e-31 0.000000000000e+00 0.000000000000e+00 -1.726707529302e-01 6.170446898060e+00
28 14 0.000000000000e+00 -5.279064876847e-29 0.000000000000e+00 0.000000000000e+00 2.859654639882e-01 6.645096659450e+00
28 15 0.000000000000e+00 -1.303216568272e-27 0.000000000000e+00 0.000000000000e+00 2.075836561940e-01 7.119746420839e+00
28 16 0.000000000000e+00 -6.515892416595e-26 0.000000000000e+00 0.000000000000e+00 -2.696564948971e-01 7.594396182228e+00
28 17 0.000000000000e+00 -1.145550491020e-24 0.000000000000e+00 0.000000000000e+00 -2.467454209007e-01 8.069045943617e+00
28 18 0.000000000000e+00 -4.428237472968e-23 0.000000000000e+00 0.000000000000e+00 2.458846176878e-01 8.543695705007e+00
28 19 0.000000000000e+00 0.000000000000e+00 0.000000000000e+00 0.000000000000e+00 2.911787914541e-01 9.018345466396e+00
28 20 0.000000000000e+00 -1.955140079646e-20 0.000000000000e+00 0.000000000000e+00 -2.103829965618e-01 9.492995227785e+00
28 21 0.000000000000e+00 -2.161480069414e-19 0.000000000000e+00 0.000000000000e+00 -3.419255821540e-01 9.967644989174e+00
28 22 0.000000000000e+00 -6.313790967920e-18 0.000000000000e+00 0.000000000000e+00 1.552683665559e-01 1.044229475056e+01
28 23 0.000000000000e+00 -5.799727968300e-17 0.000000000000e+00 0.000000000000e+00 3.994186708249e-01 1.091694451195e+01
28 24 0.000000000000e+00 -1.636671276177e-15 0.000000000000e+00 0.000000000000e+00 -6.413017344239e-02 1.139159427334e+01
28 25 0.000000000000e+00 -1.223059717525e-14 0.000000000000e+00 0.000000000000e+00 -4.605789972118e-01 1.186624403473e+01
28 26 0.000000000000e+00 -3.734034745057e-13 0.000000000000e+00 0.000000000000e+00 -1.052948438612e-01 1.234089379612e+01
28 27 4.061890491265e-08 -1.937810066956e-12 6.285645380527e-03 1.551413911884e-03 5.017497523888e-01 1.281554355751e+01
28 28 8.595464778127e-06 -9.681944543123e-11 6.273415581599e-03 9.746713056931e-02 5.505094203810e-01 1.329019331890e+01
29 1 9.435804823395e-169 -1.957771919381e-92 1.277011726215e-85 -1.148643294835e-84 3.185533528401e-01 4.746497613893e-01
29 2 3.177798677792e-149 -1.422389396689e-75 8.236953169311e-76 -1.338862708915e-74 2.281493695135e-02 9.492995227785e-01
29 3 1.578015977924e-136 -9.872667749299e-66 2.564295011055e-68 -3.678082488087e-68 -3.177364050436e-01 1.423949284168e+00
29 4 3.547451012616e-127 -3.265498938550e-59 2.834272910574e-63 3.833944043154e-65 -4.598665348120e-02 1.898599045557e+00
29 5 7.138874745246e-119 -6.226749391611e-54 1.145725352876e-59 4.893972613303e-59 3.160174245825e-01 2.373248806946e+00
29 6 6.197792286953e-112 -5.405064697354e-50 -1.753503948067e-55 2.891627640921e-56 6.988467267617e-02 2.847898568336e+00
29 7 4.128616297160e-105 -2.310442669979e-46 1.005837660683e-52 -5.255973431446e-52 -3.132165685807e-01 3.322548329725e+00
29 8 3.815919143294e-99 -1.453586794087e-43 4.038928562544e-49 4.272885032542e-49 -9.490509689839e-02 3.797198091114e+00
29 9 5.606943935138e-93 -9.296072324406e-41 -7.947664027964e-46 -1.060084590778e-46 3.090375209949e-01 4.271847852503e+00
29 10 1.795544782073e-87 -1.387198263524e-38 4.838656699430e-43 -1.415734822319e-43 1.214866215515e-01 4.746497613893e+00
29 11 1.276667587405e-81 -2.931815105195e-36 -4.241265511609e-40 1.969438255473e-40 -3.030281493544e-01 5.221147375282e+00
29 12 2.423138479432e-76 -1.800317935227e-34 2.116041143056e-37 -6.794773681106e-38 -1.501297109856e-01 5.695797136671e+00
29 13 1.222566138467e-70 -1.880207645283e-32 -1.701740046212e-34 -1.697313526937e-35 2.945125276761e-01 6.170446898060e+00
29 14 0.000000000000e+00 -6.391078179760e-31 0.000000000000e+00 0.000000000000e+00 1.814194193159e-01 6.645096659450e+00
29 15 0.000000000000e+00 -4.155095667792e-29 0.000000000000e+00 0.000000000000e+00 -2.824729061366e-01 7.119746420839e+00
29 16 0.000000000000e+00 -9.313279667280e-28 0.000000000000e+00 0.000000000000e+00 -2.160504840556e-01 7.594396182228e+00
29 17 0.000000000000e+00 -4.357888213579e-26 0.000000000000e+00 0.000000000000e+00 2.653382391044e-01 8.069045943617e+00
29 18 0.000000000000e+00 -7.185191875328e-25 0.000000000000e+00 0.000000000000e+00 2.548470876156e-01 8.543695705007e+00
29 19 0.000000000000e+00 -2.671053076198e-23 0.000000000000e+00 0.000000000000e+00 -2.405852425361e-01 9.018345466396e+00
29 20 0.000000000000e+00 -3.473348062394e-22 0.000000000000e+00 0.000000000000e+00 -2.987489037885e-01 9.492995227785e+00
29 21 0.000000000000e+00 -1.104432384436e-20 0.000000000000e+00 0.000000000000e+00 2.039283318001e-01 9.967644989174e+00
29 22 0.000000000000e+00 -1.181694351531e-19 0.000000000000e+00 0.000000000000e+00 3.486619899942e-01 1.044229475056e+01
29 23 0.000000000000e+00 -3.422775072388e-18 0.000000000000e+00 0.000000000000e+00 -1.474930331841e-01 1.091694451195e+01
29 24 0.000000000000e+00 -3.062177699476e-17 0.000000000000e+00 0.000000000000e+00 -4.047849477897e-01 1.139159427334e+01
29 25 0.000000000000e+00 -8.654277902714e-16 0.000000000000e+00 0.000000000000e+00 5.498233156999e-02 1.186624403473e+01
29 26 0.000000000000e+00 -6.309947445656e-15 0.000000000000e+00 0.000000000000e+00 4.636274278130e-01 1.234089379612e+01
29 27 0.000000000000e+00 -1.948480096038e-13 0.000000000000e+00 0.000000000000e+00 1.153552320017e-01 1.281554355751e+01
29 28 0.000000000000e+00 -9.835263461500e-13 0.000000000000e+00 0.000000000000e+00 -5.009403618188e-01 1.329019331890e+01
29 29 6.592236267382e-06 -5.053406833208e-11 8.033279568278e-02 -3.734397812654e-02 -5.586594170794e-01 1.376484308029e+01
30 1 1.628388934405e-175 -1.816061617805e-96 3.712213774622e-89 -4.786743919600e-88 1.100901776472e-02 4.746497613893e-01
30 2 6.148160471895e-155 -1.174661982269e-78 -1.576857760407e-79 -1.865736397321e-77 -3.182542204014e-01 9.492995227785e-01
30 3 2.300511827927e-142 -7.937241206923e-69 2.589185741972e-71 -4.754429838425e-71 -3.318758005242e-02 1.423949284168e+00
30 4 2.528483365567e-132 -1.031205730224e-61 7.492572587670e-66 -1.062368504415e-66 3.170862724812e-01 1.898599045557e+00
30 5 2.595097628369e-124 -1.315555733454e-56 4.022903628361e-62 8.697916934555e-62 5.585304084348e-02 2.373248806946e+00
30 6 8.817606114840e-117 -3.625606432658e-52 -6.119363487465e-58 2.736395060412e-58 -3.150136396703e-01 2.847898568336e+00
30 7 2.541980834224e-110 -8.945262402966e-49 -1.691891546746e-55 -1.317022145567e-54 -7.934815673607e-02 3.322548329725e+00
30 8 8.290920010230e-104 -1.623819068559e-45 2.490563610031e-51 1.143804629992e-51 3.118329802541e-01 3.797198091114e+00
30 9 4.766335061857e-98 -5.515875389372e-43 -2.215800277020e-48 7.451861690574e-49 1.040444272505e-01 4.271847852503e+00
30 10 5.093493569526e-92 -2.257556899037e-40 1.823679252937e-45 -1.970864922470e-45 -3.072277038994e-01 4.746497613893e+00
30 11 1.314215758859e-86 -2.393551545919e-38 -7.238234211127e-43 1.314189841454e-42 -1.303565830190e-01 5.221147375282e+00
30 12 8.097287799143e-81 -3.923463547935e-36 6.413168159468e-40 -1.113221418745e-39 3.007269795728e-01 5.695797136671e+00
30 13 1.393533660225e-75 -1.963770575780e-34 -4.194530969155e-37 3.967772837464e-37 1.587598858713e-01 6.170446898060e+00
30 14 0.000000000000e+00 -1.761449010745e-32 0.000000000000e+00 0.000000000000e+00 -2.916363619272e-01 6.645096659450e+00
30 15 0.000000000000e+00 -5.263982761215e-31 0.000000000000e+00 0.000000000000e+00 -1.898102889992e-01 7.119746420839e+00
30 16 0.000000000000e+00 -3.117421857771e-29 0.000000000000e+00 0.000000000000e+00 2.789186631403e-01 7.594396182228e+00
30 17 0.000000000000e+00 -6.422171792674e-28 0.000000000000e+00 0.000000000000e+00 2.241653672935e-01 8.069045943617e+00
30 18 0.000000000000e+00 -2.837917740428e-26 0.000000000000e+00 0.000000000000e+00 -2.609820339545e-01 8.543695705007e+00
30 19 0.000000000000e+00 -4.418699215725e-25 0.000000000000e+00 0.000000000000e+00 -2.625971101446e-01 9.018345466396e+00
30 20 0.000000000000e+00 -1.587808338847e-23 0.000000000000e+00 0.000000000000e+00 2.352823531947e-01 9.492995227785e+00
30 21 0.000000000000e+00 -1.982948737088e-22 0.000000000000e+00 0.000000000000e+00 3.059656979052e-01 9.967644989174e+00
30 22 0.000000000000e+00 -6.190885219678e-21 0.000000000000e+00 0.000000000000e+00 -1.975196634986e-01 1.044229475056e+01
30 23 0.000000000000e+00 -6.426001397093e-20 0.000000000000e+00 0.000000000000e+00 -3.550479665720e-01 1.091694451195e+01
30 24 0.000000000000e+00 -1.848576935239e-18 0.000000000000e+00 0.000000000000e+00 1.398338538294e-01 1.139159427334e+01
30 25 0.000000000000e+00 -1.613073483453e-17 0.000000000000e+00 0.000000000000e+00 4.098222323443e-01 1.186624403473e+01
30 26 0.000000000000e+00 -4.569276269095e-16 0.000000000000e+00 0.000000000000e+00 -4.604560405540e-02 1.234089379612e+01
30 27 0.000000000000e+00 -3.253736530529e-15 0.000000000000e+00 0.000000000000e+00 -4.664194021315e-01 1.281554355751e+01
30 28 0.000000000000e+00 -1.016474657851e-13 0.000000000000e+00 0.000000000000e+00 -1.251006994766e-01 1.329019331890e+01
30 29 0.000000000000e+00 -4.994887857556e-13 0.000000000000e+00 0.000000000000e+00 5.000718441821e-01 1.376484308029e+01
30 30 5.057729577378e-06 -2.637509111928e-11 -5.787162566630e-02 -5.562746421533e-02 5.665618236499e-01 1.423949284168e+01
