2 1 7.072204562263e-13 -7.743402633955e-06 -7.333498049206e-07 7.493357489861e-07 2.770389062901e-01 4.973841684646e-01
2 2 1.349407607737e-03 -3.933455460590e-04 -9.159746517396e-02 -1.945831285616e-05 9.290630735815e-02 9.947683369292e-01
3 1 1.895653993574e-20 -3.149386747531e-08 4.089544219934e-11 1.667143549174e-10 -3.420075482429e-01 4.973841684646e-01
3 2 1.134473626257e-11 -6.544172348384e-06 8.398412453138e-06 -6.214822165752e-08 -3.416783232703e-01 9.947683369292e-01
3 3 1.299519998536e-03 -2.437540862916e-04 -9.927718553250e-02 9.123512012263e-02 -1.372360934781e-01 1.492152505394e+00
4 1 2.554978636152e-28 -1.145926500482e-10 1.433628586220e-14 1.384260447681e-14 -8.723246560736e-02 4.973841684646e-01
4 2 9.209567303707e-20 -7.090752486293e-08 -3.893680313658e-10 -6.488512213978e-10 3.135962536300e-01 9.947683369292e-01
4 3 3.791931260703e-10 -3.987068027406e-06 2.451666068989e-05 -6.858356716056e-05 3.817882599874e-01 1.492152505394e+00
4 4 1.009511928602e-03 -1.261476226304e-04 -6.199231667962e-02 1.458217260415e-01 1.730949036492e-01 1.989536673858e+00
5 1 2.777213846345e-35 -4.005365216178e-13 5.921260069121e-18 2.847418187515e-18 3.265488725258e-01 4.973841684646e-01
5 2 1.064737608260e-27 -5.675652626402e-10 -8.124741472524e-14 4.357218484173e-15 1.437628807248e-01 9.947683369292e-01
5 3 8.507349616652e-19 -6.815507979269e-08 2.702528905083e-10 3.439248830748e-09 -2.875693746855e-01 1.492152505394e+00
5 4 8.773922065295e-09 -2.220204142853e-06 1.473058924802e-04 -4.432972212536e-04 -4.102245007146e-01 1.989536673858e+00
5 5 7.529178009085e-04 -6.395388885037e-05 -2.779603127508e-02 1.687774675837e-01 -2.041471401444e-01 2.486920842323e+00
6 1 5.472767484616e-43 -8.801361670626e-16 9.043346996517e-22 1.812944619538e-22 5.411197469946e-02 4.973841684646e-01
6 2 1.353460713471e-34 -5.297663561929e-12 -2.173236513990e-17 1.921546176196e-17 -3.178052614714e-01 9.947683369292e-01
6 3 4.814097981317e-27 -7.678729470157e-10 2.551955385571e-13 -4.714548594425e-14 -1.869037807328e-01 1.492152505394e+00
6 4 1.652956664839e-17 -5.028017712003e-08 1.741793991430e-08 -1.037849928289e-08 2.626824013653e-01 1.989536673858e+00
6 5 4.542248704104e-08 -1.194963636128e-06 9.623551889836e-04 -9.159663690574e-04 4.315611516148e-01 2.486920842323e+00
6 6 5.590452674109e-04 -3.269679425574e-05 -7.583368169669e-03 1.767083558958e-01 2.318311043266e-01 2.984305010788e+00
7 1 4.257031632300e-50 -2.216105446878e-18 2.572327270614e-25 1.666056995226e-27 -3.225473258513e-01 4.973841684646e-01
7 2 4.481863011455e-42 -2.984222535502e-14 -1.727079852734e-21 4.988355502746e-21 -9.498296230389e-02 9.947683369292e-01
7 3 4.105220026563e-34 -1.145205491436e-11 2.475296337684e-17 -7.162640992022e-17 3.080542926916e-01 1.492152505394e+00
7 4 3.845303529685e-26 -6.862346728568e-10 -9.559333528337e-13 -2.062425506178e-13 2.219609192057e-01 1.989536673858e+00
7 5 0.000000000000e+00 -3.299999942982e-08 0.000000000000e+00 0.000000000000e+00 -2.387812690424e-01 2.486920842323e+00
7 6 9.789798619895e-08 -6.338121498440e-07 2.236094930033e-03 -6.914526103872e-04 -4.480771021242e-01 2.984305010788e+00
7 7 4.169318474376e-04 -1.693383440004e-05 -4.081346146215e-04 1.782014889239e-01 -2.569160251811e-01 3.481689179252e+00
8 1 6.822129296936e-58 -2.967777899946e-21 3.216643209580e-29 -5.074924513963e-30 -3.975825192059e-02 4.973841684646e-01
8 2 6.587051645052e-49 -2.175166800173e-16 1.337008381428e-25 2.019331255602e-24 3.182443918858e-01 9.947683369292e-01
8 3 1.222853202861e-41 -9.911429325041e-14 -5.840738265757e-21 -1.170292446139e-20 1.285104258318e-01 1.492152505394e+00
8 4 1.816878876358e-33 -1.362218340378e-11 -6.212997163988e-17 2.032891408211e-16 -2.974732878874e-01 1.989536673858e+00
8 5 5.455105324905e-25 -5.083742631799e-10 2.203737475225e-12 4.042539932184e-12 -2.513850948636e-01 2.486920842323e+00
8 6 0.000000000000e+00 -2.036503496406e-08 0.000000000000e+00 0.000000000000e+00 2.158562616731e-01 2.984305010788e+00
8 7 1.435889526968e-07 -3.339961440955e-07 3.292572869364e-03 3.090756299329e-04 4.611111252764e-01 3.481689179252e+00
8 8 3.128919824676e-04 -8.875309029756e-06 -3.173408094937e-03 1.764001020114e-01 2.798885080628e-01 3.979073347717e+00
9 1 3.585260534923e-65 -5.308291062637e-24 7.145743205012e-33 -2.160502662256e-33 3.209018075058e-01 4.973841684646e-01
9 2 2.363705078179e-56 -8.300257773861e-19 1.502505996319e-28 3.526908301539e-28 7.189965728685e-02 9.947683369292e-01
9 3 1.845225602222e-48 -1.216833314974e-15 -4.493905300291e-24 -2.370409775548e-24 -3.130574399651e-01 1.492152505394e+00
9 4 3.847310534282e-41 -1.508996109695e-13 2.231172989260e-20 2.142499533634e-20 -1.571758177489e-01 1.989536673858e+00
9 5 1.310744815003e-32 -1.229804695773e-11 4.377627242769e-16 -5.636669245131e-16 2.862985201706e-01 2.486920842323e+00
9 6 0.000000000000e+00 -3.403791026583e-10 0.000000000000e+00 0.000000000000e+00 2.765752676435e-01 2.984305010788e+00
9 7 0.000000000000e+00 -1.212197828105e-08 0.000000000000e+00 0.000000000000e+00 -1.939024271438e-01 3.481689179252e+00
9 8 1.725469435637e-07 -1.755311838850e-07 3.747475411793e-03 1.766837137117e-03 -4.715287743846e-01 3.979073347717e+00
9 9 2.362478305768e-04 -4.697798510856e-06 -1.291270551549e-02 1.719838486161e-01 -3.010896154178e-01 4.476457516182e+00
10 1 4.384441519036e-73 -4.701115643727e-27 7.554364247205e-37 -3.329188529409e-37 3.157812236276e-02 4.973841684646e-01
10 2 2.940758585484e-63 -4.567142852627e-21 8.579482931861e-32 1.045167442241e-31 -3.183276226103e-01 9.947683369292e-01
10 3 7.886224310487e-56 -7.695165438410e-18 -1.049697785593e-27 3.726027443998e-29 -9.925742962678e-02 1.492152505394e+00
10 4 4.719931117179e-48 -2.550131649912e-15 1.078402593872e-23 -1.044810471509e-24 3.071528893557e-01 1.989536673858e+00
10 5 1.756172199119e-40 -1.597401101828e-13 -5.808400313390e-20 -5.874307971396e-20 1.822737096167e-01 2.486920842323e+00
10 6 0.000000000000e+00 -9.545179565946e-12 0.000000000000e+00 0.000000000000e+00 -2.747358001263e-01 2.984305010788e+00
10 7 0.000000000000e+00 -2.144644274789e-10 0.000000000000e+00 0.000000000000e+00 -2.984349472331e-01 3.481689179252e+00
10 8 0.000000000000e+00 -7.052924927564e-09 0.000000000000e+00 0.000000000000e+00 1.729002243972e-01 3.979073347717e+00
10 9 1.843631093114e-07 -9.217926886545e-08 3.501713495170e-03 3.309161718366e-03 4.799252922635e-01 4.476457516182e+00
10 10 1.793467261151e-04 -2.506246236401e-06 -2.710301389461e-02 1.647517700979e-01 3.207746232929e-01 4.973841684646e+00
11 1 1.620349548044e-80 -6.182032337917e-30 1.375582582898e-40 -7.914857407490e-41 -3.200616413332e-01 4.973841684646e-01
11 2 9.383907098355e-71 -1.232015214654e-23 1.947812920082e-35 1.428487417356e-35 -5.814564012799e-02 9.947683369292e-01
11 3 1.252211181317e-62 -7.474745844837e-20 -3.719060931635e-31 1.920041548754e-31 3.150723155663e-01 1.492152505394e+00
11 4 1.867559755078e-55 -2.180216721192e-17 1.481414642821e-27 -1.565285000636e-27 1.232577474022e-01 1.989536673858e+00
11 5 1.558713954654e-47 -3.362166392017e-15 -2.329460212908e-23 7.942238041685e-24 -3.006720407569e-01 2.486920842323e+00
11 6 1.207869969118e-39 -1.384125495526e-13 1.085028256277e-19 2.362578313917e-19 -2.045839699634e-01 2.984305010788e+00
11 7 0.000000000000e+00 -6.756426435950e-12 0.000000000000e+00 0.000000000000e+00 2.629469437551e-01 3.481689179252e+00
11 8 0.000000000000e+00 -1.299251879535e-10 0.000000000000e+00 0.000000000000e+00 3.175949967212e-01 3.979073347717e+00
11 9 0.000000000000e+00 -4.041886272590e-09 0.000000000000e+00 0.000000000000e+00 -1.528174208183e-01 4.476457516182e+00
11 10 1.826611951556e-07 -4.841893850517e-08 2.635185198803e-03 4.631276317723e-03 -4.867279692191e-01 4.973841684646e+00
11 11 1.367885230451e-04 -1.345391686422e-06 -4.359764572232e-02 1.543593795754e-01 -3.391431145886e-01 5.471225853111e+00
12 1 1.523738142161e-88 -3.867910868117e-33 1.253261619729e-44 -8.932185167161e-45 -2.624695191200e-02 4.973841684646e-01
12 2 9.331815293890e-78 -5.197873857049e-26 6.980827565316e-39 3.047896731864e-39 3.183443303789e-01 9.947683369292e-01
12 3 5.573801726156e-70 -3.525419269982e-22 -5.738012493629e-35 6.711977970553e-35 8.130749826596e-02 1.492152505394e+00
12 4 2.954122589354e-62 -3.018277772269e-19 1.293658119044e-31 -8.473300879823e-31 -3.112654604073e-01 1.989536673858e+00
12 5 5.011566819557e-55 -3.511234685880e-17 -1.379311283646e-27 4.191955839079e-27 -1.447179483743e-01 2.486920842323e+00
12 6 7.252524493641e-47 -3.425766899733e-15 6.156985194450e-23 -1.635724046378e-23 2.937369143735e-01 2.984305010788e+00
12 7 0.000000000000e+00 -1.061027058119e-13 0.000000000000e+00 0.000000000000e+00 2.246255629557e-01 3.481689179252e+00
12 8 0.000000000000e+00 -4.502040568060e-12 0.000000000000e+00 0.000000000000e+00 -2.510547270905e-01 3.979073347717e+00
12 9 0.000000000000e+00 -7.663165792223e-11 0.000000000000e+00 0.000000000000e+00 -3.345196477512e-01 4.476457516182e+00
12 10 0.000000000000e+00 -2.292130942074e-09 0.000000000000e+00 0.000000000000e+00 1.336137524574e-01 4.973841684646e+00
12 11 1.718748545215e-07 -2.545256971403e-08 1.322518770252e-03 5.529706453347e-03 4.922533733622e-01 5.471225853111e+00
12 12 1.047472775766e-04 -7.257593900991e-07 -6.055140048561e-02 1.406397595268e-01 3.563558932220e-01 5.968610021575e+00
13 1 4.137133593743e-96 -3.875678396553e-36 1.927991053981e-48 -1.647308628789e-48 3.195739055304e-01 4.973841684646e-01
13 2 2.514012345461e-85 -1.035543655389e-28 1.222301264192e-42 2.628602751834e-43 4.892677251734e-02 9.947683369292e-01
13 3 8.057203720801e-77 -2.721416235871e-24 -1.201542631670e-38 3.134968405043e-38 -3.160969304147e-01 1.492152505394e+00
13 4 1.418707452818e-69 -2.006955239345e-21 -6.940135870801e-35 -1.745490024416e-34 -1.019716140685e-01 1.989536673858e+00
13 5 6.940698875968e-62 -6.212882917096e-19 7.335287314769e-31 1.469386734590e-30 3.069997666922e-01 2.486920842323e+00
13 6 1.753986254066e-54 -4.122553770072e-17 1.621503291526e-27 -9.773495629589e-27 1.641546619061e-01 2.984305010788e+00
13 7 0.000000000000e+00 -2.978148901343e-15 0.000000000000e+00 0.000000000000e+00 -2.864505217519e-01 3.481689179252e+00
13 8 0.000000000000e+00 -7.503799593155e-14 0.000000000000e+00 0.000000000000e+00 -2.427690037413e-01 3.979073347717e+00
13 9 0.000000000000e+00 -2.877077052155e-12 0.000000000000e+00 0.000000000000e+00 2.391509456761e-01 4.476457516182e+00
13 10 0.000000000000e+00 -4.434827160809e-11 0.000000000000e+00 0.000000000000e+00 3.495634774148e-01 4.973841684646e+00
13 11 0.000000000000e+00 -1.290126478756e-09 0.000000000000e+00 0.000000000000e+00 -1.152448039532e-01 5.471225853111e+00
13 12 1.558700999275e-07 -1.339374417467e-08 -2.253202290980e-04 5.902395826800e-03 -4.967418196653e-01 5.968610021575e+00
13 13 8.048595403685e-05 -3.930093575058e-07 -7.639487135662e-02 1.237215308224e-01 -3.725453469950e-01 6.465994190040e+00
14 1 3.053509371828e-104 -1.801119189392e-39 1.536488032408e-52 -1.544535655528e-52 2.248082997893e-02 4.973841684646e-01
14 2 1.992473525146e-92 -3.429004304450e-31 3.518026907465e-46 1.091719343727e-47 -3.183450308335e-01 9.947683369292e-01
14 3 3.346443347383e-84 -9.852648208543e-27 -3.992073392044e-43 6.830530348218e-42 -6.904403926211e-02 1.492152505394e+00
14 4 2.315665805586e-76 -2.272165484090e-23 -5.679902027431e-38 -5.032929567990e-38 3.134193449778e-01 1.989536673858e+00
14 5 3.136350858678e-69 -5.216917215585e-21 3.176610660462e-34 1.448113300531e-34 1.206979961283e-01 2.486920842323e+00
14 6 1.969686739618e-61 -8.747004522000e-19 -2.384288419322e-30 -2.310248013615e-30 -3.023510374549e-01 2.984305010788e+00
14 7 8.338218597242e-54 -3.980699597448e-17 -6.614127417832e-27 2.431748751423e-26 -1.819199823321e-01 3.481689179252e+00
14 8 0.000000000000e+00 -2.330950658740e-15 0.000000000000e+00 0.000000000000e+00 2.788983379688e-01 3.979073347717e+00
14 9 0.000000000000e+00 -5.018422495240e-14 0.000000000000e+00 0.000000000000e+00 2.592925994937e-01 4.476457516182e+00
14 10 0.000000000000e+00 -1.784093811232e-12 0.000000000000e+00 0.000000000000e+00 -2.273036934428e-01 4.973841684646e+00
14 11 0.000000000000e+00 -2.531091483730e-11 0.000000000000e+00 0.000000000000e+00 -3.630048964527e-01 5.471225853111e+00
14 12 0.000000000000e+00 -7.221517101983e-10 0.000000000000e+00 0.000000000000e+00 9.766470898598e-02 5.968610021575e+00
14 13 1.375501751751e-07 -7.056399296235e-09 -1.800438513968e-03 5.735159528297e-03 5.003793193557e-01 6.465994190040e+00
14 14 6.202531987812e-05 -2.134645699976e-07 -8.984443006064e-02 1.040423211375e-01 3.878222438782e-01 6.963378358505e+00
15 1 6.320565729845e-112 -1.418147666556e-42 2.038990078864e-56 -2.380594334530e-56 -3.192653314475e-01 4.973841684646e-01
15 2 4.483571153343e-100 -5.232891238707e-34 5.231709488706e-50 -7.115699773503e-51 -4.228474477458e-02 9.947683369292e-01
15 3 4.199680565376e-91 -6.134236798504e-29 5.286266643561e-46 2.365534286901e-45 3.166940566889e-01 1.492152505394e+00
15 4 1.146074743642e-83 -1.197371499734e-25 -1.610414866079e-41 -5.068572123537e-42 8.721575791435e-02 1.989536673858e+00
15 5 5.050427125872e-76 -7.722969815359e-23 1.380438779160e-37 -2.387242427888e-38 -3.103785687330e-01 2.486920842323e+00
15 6 7.708423723577e-69 -8.693700044905e-21 -6.552503867578e-34 4.470994408941e-35 -1.378569884419e-01 2.984305010788e+00
15 7 7.224872436849e-61 -9.722507996471e-19 5.793039195538e-30 4.633518925044e-30 2.973838152073e-01 3.481689179252e+00
15 8 0.000000000000e+00 -3.376192382675e-17 0.000000000000e+00 0.000000000000e+00 1.982682783923e-01 3.979073347717e+00
15 9 0.000000000000e+00 -1.695672627457e-15 0.000000000000e+00 0.000000000000e+00 -2.711505935695e-01 4.476457516182e+00
15 10 0.000000000000e+00 -3.223497711085e-14 0.000000000000e+00 0.000000000000e+00 -2.744133753504e-01 4.973841684646e+00
15 11 0.000000000000e+00 -1.081822827351e-12 0.000000000000e+00 0.000000000000e+00 2.155631435293e-01 5.471225853111e+00
15 12 0.000000000000e+00 -1.429572420361e-11 0.000000000000e+00 0.000000000000e+00 3.750672103759e-01 5.968610021575e+00
15 13 0.000000000000e+00 -4.025544490166e-10 0.000000000000e+00 0.000000000000e+00 -8.082789627202e-02 6.465994190040e+00
15 14 1.188894701893e-07 -3.722166362223e-09 -3.223486113396e-03 5.082358877599e-03 -5.033121710213e-01 6.963378358505e+00
15 15 4.791941206799e-05 -1.162210823279e-07 -9.992581092899e-02 8.230556460628e-02 -4.022804343077e-01 7.460762526969e+00
16 1 3.740112527992e-120 -5.087253045960e-46 1.437577355799e-60 -1.935720952853e-60 -1.967215066613e-02 4.973841684646e-01
16 2 2.864280393954e-107 -1.390858084309e-36 1.279495576792e-53 -3.791966976804e-54 3.183417386149e-01 9.947683369292e-01
16 3 1.559981783517e-98 -1.750825760828e-31 2.136980958445e-49 4.154140542553e-49 6.008482595227e-02 1.492152505394e+00
16 4 1.767107102879e-90 -1.118720462809e-27 -6.610812443014e-45 4.959034562742e-46 -3.146986798146e-01 1.989536673858e+00
16 5 2.590245695153e-83 -5.276842098645e-25 2.408868200887e-41 -2.064720773442e-41 -1.038450602087e-01 2.486920842323e+00
16 6 1.128109867300e-75 -1.571642098997e-22 -1.741918696355e-37 1.810650730734e-37 3.070265847486e-01 2.984305010788e+00
16 7 2.318932522702e-68 -1.097276624263e-20 1.257658948967e-33 -4.295659352633e-34 1.537078444510e-01 3.481689179252e+00
16 8 0.000000000000e+00 -9.232108413524e-19 0.000000000000e+00 0.000000000000e+00 -2.921535176757e-01 3.979073347717e+00
16 9 0.000000000000e+00 -2.615533016184e-17 0.000000000000e+00 0.000000000000e+00 -2.133918538829e-01 4.476457516182e+00
16 10 0.000000000000e+00 -1.169766876102e-15 0.000000000000e+00 0.000000000000e+00 2.632647071760e-01 4.973841684646e+00
16 11 0.000000000000e+00 -2.009181831502e-14 0.000000000000e+00 0.000000000000e+00 2.883054211475e-01 5.471225853111e+00
16 12 0.000000000000e+00 -6.448622026825e-13 0.000000000000e+00 0.000000000000e+00 -2.039659475754e-01 5.968610021575e+00
16 13 0.000000000000e+00 -8.009960347866e-12 0.000000000000e+00 0.000000000000e+00 -3.859325778772e-01 6.465994190040e+00
16 14 0.000000000000e+00 -2.236882953556e-10 0.000000000000e+00 0.000000000000e+00 6.469016137911e-02 6.963378358505e+00
16 15 1.011140821833e-07 -1.965801660423e-09 -4.358397020521e-03 4.045750326808e-03 5.056569965517e-01 7.460762526969e+00
16 16 3.710209760738e-05 -6.339622235184e-08 -1.059942197415e-01 5.940676233967e-02 4.160002440040e-01 7.958146695434e+00
17 1 6.082897072367e-128 -3.229292096927e-49 1.669804223417e-64 -2.582059405471e-64 3.190576199087e-01 4.973841684646e-01
17 2 5.400300040673e-115 -1.674841701460e-39 1.665276099131e-57 -7.645611656281e-58 3.725776000128e-02 9.947683369292e-01
17 3 1.675599353316e-105 -8.936220637366e-34 9.978518907060e-53 1.161203452207e-52 -3.170746527385e-01 1.492152505394e+00
17 4 8.382536051213e-98 -4.764245958741e-30 -1.316777046264e-48 5.923455435854e-49 -7.632055844179e-02 1.989536673858e+00
17 5 4.275527903431e-90 -6.570775400469e-27 4.743023362637e-45 -1.198545473360e-44 3.124102017682e-01 2.486920842323e+00
17 6 5.501171313605e-83 -1.299337702041e-24 -5.905384693367e-42 5.516793405324e-41 1.192093421105e-01 2.984305010788e+00
17 7 2.922074012699e-75 -2.317318459842e-22 1.666312603734e-37 -4.413570600709e-37 -3.034068323619e-01 3.481689179252e+00
17 8 8.859610360472e-68 -1.150126837753e-20 -2.758552908627e-33 1.097309539872e-33 -1.684407247118e-01 3.979073347717e+00
17 9 0.000000000000e+00 -7.850248582163e-19 0.000000000000e+00 0.000000000000e+00 2.867077097075e-01 4.476457516182e+00
17 10 0.000000000000e+00 -1.897200383483e-17 0.000000000000e+00 0.000000000000e+00 2.274413573439e-01 4.973841684646e+00
17 11 0.000000000000e+00 -7.755214425418e-16 0.000000000000e+00 0.000000000000e+00 -2.552875167604e-01 5.471225853111e+00
17 12 0.000000000000e+00 -1.223800668297e-14 0.000000000000e+00 0.000000000000e+00 -3.011114670564e-01 5.968610021575e+00
17 13 0.000000000000e+00 -3.793000147389e-13 0.000000000000e+00 0.000000000000e+00 1.925385370235e-01 6.465994190040e+00
17 14 0.000000000000e+00 -4.460113359783e-12 0.000000000000e+00 0.000000000000e+00 3.957516531557e-01 6.963378358505e+00
17 15 0.000000000000e+00 -1.239909913787e-10 0.000000000000e+00 0.000000000000e+00 -4.920928597396e-02 7.460762526969e+00
17 16 8.490261638718e-08 -1.039447831921e-09 -5.118693135102e-03 2.753915511828e-03 -5.075078376832e-01 7.958146695434e+00
17 17 2.878092621692e-05 -3.463302428828e-08 -1.077405451909e-01 3.634581586338e-02 -4.290510037539e-01 8.455530863899e+00
18 1 2.941986595305e-136 -9.217125029608e-53 1.049880273045e-68 -1.863004529080e-68 1.749393605499e-02 4.973841684646e-01
18 2 2.821952041077e-122 -3.644778749219e-42 3.542424343239e-61 -2.235405794693e-61 -3.183377707207e-01 9.947683369292e-01
18 3 5.478050174313e-113 -2.057432996976e-36 2.215799677188e-56 1.659464509258e-56 -5.323086490593e-02 1.492152505394e+00
18 4 1.175055316446e-104 -3.717217264618e-32 -3.983138671133e-52 3.654965001916e-52 3.155252755091e-01 1.989536673858e+00
18 5 2.250066168840e-97 -3.705669193813e-29 -1.980592881043e-49 -2.950347390663e-48 9.129254878322e-02 2.486920842323e+00
18 6 8.928216332860e-90 -2.007373496616e-26 1.048586404893e-44 1.973971892040e-44 -3.098671088644e-01 2.984305010788e+00
18 7 1.279294651912e-82 -2.216178118130e-24 -4.074760423674e-41 -8.990817312185e-41 -1.335080463900e-01 3.481689179252e+00
18 8 9.257430230518e-75 -2.752213623189e-22 -1.533805317604e-37 9.473228056598e-37 2.995567995176e-01 3.979073347717e+00
18 9 0.000000000000e+00 -1.057982788725e-20 0.000000000000e+00 0.000000000000e+00 1.822005692401e-01 4.476457516182e+00
18 10 0.000000000000e+00 -6.159217905206e-19 0.000000000000e+00 0.000000000000e+00 -2.810871380514e-01 4.973841684646e+00
18 11 0.000000000000e+00 -1.309892989812e-17 0.000000000000e+00 0.000000000000e+00 -2.405381694674e-01 5.471225853111e+00
18 12 0.000000000000e+00 -4.986795112441e-16 0.000000000000e+00 0.000000000000e+00 2.472571942290e-01 5.968610021575e+00
18 13 0.000000000000e+00 -7.321223489028e-15 0.000000000000e+00 0.000000000000e+00 3.129505652413e-01 6.465994190040e+00
18 14 0.000000000000e+00 -2.207471854234e-13 0.000000000000e+00 0.000000000000e+00 -1.812995945798e-01 6.963378358505e+00
18 15 0.000000000000e+00 -2.471262589587e-12 0.000000000000e+00 0.000000000000e+00 -4.046504725456e-01 7.460762526969e+00
18 16 0.000000000000e+00 -6.859475834706e-11 0.000000000000e+00 0.000000000000e+00 3.434536086549e-02 7.958146695434e+00
18 17 7.055951422163e-08 -5.502573972280e-10 -5.467257803850e-03 1.343883459969e-03 5.089412905814e-01 8.455530863899e+00
18 18 2.236272640636e-05 -1.894222250574e-08 -1.051789094487e-01 1.413733953153e-02 4.414929852929e-01 8.952915032363e+00
19 1 3.853270057624e-144 -4.818864714380e-56 1.077605436977e-72 -2.197340039983e-72 -3.189110808824e-01 4.973841684646e-01
19 2 4.492940760261e-130 -3.548132615134e-45 4.085252342952e-65 -3.353518436361e-65 -3.331405240106e-02 9.947683369292e-01
19 3 5.029830824956e-120 -8.742128915370e-39 7.590120411409e-60 3.571491985602e-60 3.173331147126e-01 1.492152505394e+00
19 4 5.161121800395e-112 -1.302277427697e-34 -5.743841767707e-56 9.765640791887e-56 6.791599250440e-02 1.989536673858e+00
19 5 3.582594436420e-104 -3.914973752313e-31 -5.393366506839e-52 -1.049435739629e-51 -3.137342788913e-01 2.486920842323e+00
19 6 4.774629977813e-97 -1.394780511039e-28 4.435466375532e-48 2.654197579207e-48 -1.052147920507e-01 2.984305010788e+00
19 7 1.928755664406e-89 -4.053062945179e-26 -3.473300505720e-44 -1.620709896504e-44 3.071007884122e-01 3.481689179252e+00
19 8 3.494697857974e-82 -2.951785765890e-24 1.282578380101e-40 1.353359532857e-40 1.468900314640e-01 3.979073347717e+00
19 9 3.664451407630e-74 -2.806400269341e-22 3.154861844952e-37 -2.124678306807e-36 -2.955092488364e-01 4.476457516182e+00
19 10 0.000000000000e+00 -8.847206028841e-21 0.000000000000e+00 0.000000000000e+00 -1.951013986098e-01 4.973841684646e+00
19 11 0.000000000000e+00 -4.548804974533e-19 0.000000000000e+00 0.000000000000e+00 2.753266555636e-01 5.471225853111e+00
19 12 0.000000000000e+00 -8.707061460145e-18 0.000000000000e+00 0.000000000000e+00 2.527823067304e-01 5.968610021575e+00
19 13 0.000000000000e+00 -3.130634025647e-16 0.000000000000e+00 0.000000000000e+00 -2.392048353463e-01 6.465994190040e+00
19 14 0.000000000000e+00 -4.317507986967e-15 0.000000000000e+00 0.000000000000e+00 -3.239234045403e-01 6.963378358505e+00
19 15 0.000000000000e+00 -1.273776302932e-13 0.000000000000e+00 0.000000000000e+00 1.702619094839e-01 7.460762526969e+00
19 16 0.000000000000e+00 -1.363880416759e-12 0.000000000000e+00 0.000000000000e+00 4.127355090705e-01 7.958146695434e+00
19 17 0.000000000000e+00 -3.788916297595e-11 0.000000000000e+00 0.000000000000e+00 -2.006091857546e-02 8.455530863899e+00
19 18 5.814858783662e-08 -2.916130256373e-10 -5.411309097213e-03 -5.402341594006e-05 -5.100202934980e-01 8.952915032363e+00
19 19 1.740078501249e-05 -1.036997212567e-08 -9.861506842659e-02 -6.272109528479e-03 -4.533789134990e-01 9.450299200828e+00
20 1 1.549107798520e-152 -1.121393139188e-59 6.068175414456e-77 -1.428184568558e-76 -1.575380102719e-02 4.973841684646e-01
20 2 1.948743311798e-137 -6.431310636346e-48 7.635307107527e-69 -7.928898266152e-69 3.183340712764e-01 9.947683369292e-01
20 3 1.440869192384e-127 -1.655502525446e-41 1.375821956489e-63 3.504810085813e-64 4.780725140843e-02 1.492152505394e+00
20 4 6.469371431653e-119 -8.587172280908e-37 -1.014515320158e-59 3.880770687783e-59 -3.160925148093e-01 1.989536673858e+00
20 5 1.836250964300e-111 -1.847774358521e-33 -2.011408378538e-55 -1.757817955603e-55 -8.154351343458e-02 2.486920842323e+00
20 6 7.917804292734e-104 -1.853193767320e-30 2.103182395537e-51 8.550193557267e-53 3.117316788074e-01 2.984305010788e+00
20 7 9.879246432631e-97 -3.308795716184e-28 -8.484705490424e-48 1.804388735614e-48 1.182450071253e-01 3.481689179252e+00
20 8 4.702531185056e-89 -6.185375098427e-26 6.838983330857e-44 -9.973485580949e-46 -3.041380797067e-01 3.979073347717e+00
20 9 1.158005252595e-81 -3.300942895131e-24 -3.014906665061e-40 -2.343159945302e-40 -1.594700014958e-01 4.476457516182e+00
20 10 0.000000000000e+00 -2.559274450840e-22 0.000000000000e+00 0.000000000000e+00 2.912929407016e-01 4.973841684646e+00
20 11 0.000000000000e+00 -6.885779700717e-21 0.000000000000e+00 0.000000000000e+00 2.072352797097e-01 5.471225853111e+00
20 12 0.000000000000e+00 -3.206338909271e-19 0.000000000000e+00 0.000000000000e+00 -2.694560492899e-01 5.968610021575e+00
20 13 0.000000000000e+00 -5.617600063873e-18 0.000000000000e+00 0.000000000000e+00 -2.642576850731e-01 6.465994190040e+00
20 14 0.000000000000e+00 -1.928033333867e-16 0.000000000000e+00 0.000000000000e+00 2.311557589528e-01 6.963378358505e+00
20 15 0.000000000000e+00 -2.516820974504e-15 0.000000000000e+00 0.000000000000e+00 3.341161173950e-01 7.460762526969e+00
20 16 0.000000000000e+00 -7.298841561799e-14 0.000000000000e+00 0.000000000000e+00 -1.594337770787e-01 7.958146695434e+00
20 17 0.000000000000e+00 -7.503181933928e-13 0.000000000000e+00 0.000000000000e+00 -4.200974672667e-01 8.455530863899e+00
20 18 0.000000000000e+00 -2.090216826474e-11 0.000000000000e+00 0.000000000000e+00 6.320945813208e-03 8.952915032363e+00
20 19 4.758930218540e-08 -1.547041409377e-10 -4.994180126583e-03 -1.327558307458e-03 5.107969677532e-01 9.450299200828e+00
20 20 1.355690963110e-05 -5.681260911238e-09 -8.859817768115e-02 -2.407335449339e-02 4.647551676938e-01 9.947683369292e+00
21 1 1.667460712632e-160 -4.916242118451e-63 5.527762143043e-81 -1.512066579039e-80 3.188038173112e-01 4.973841684646e-01
21 2 2.644401310364e-145 -5.163684291587e-51 7.821136028481e-73 -1.016112713190e-72 3.013414708745e-02 9.947683369292e-01
21 3 1.135559841490e-134 -5.937602436036e-44 3.975790857730e-67 2.813387413169e-68 -3.175171368825e-01 1.492152505394e+00
21 4 2.587579407466e-126 -2.513946819541e-39 2.277994331160e-65 8.022079762907e-63 -6.122016335755e-02 1.989536673858e+00
21 5 2.733964500729e-118 -1.671835301412e-35 -9.621270945486e-59 -3.697735768835e-59 3.146489556884e-01 2.486920842323e+00
21 6 4.334094882145e-111 -1.093908182247e-32 4.494771075085e-55 -2.012458737695e-55 9.428223477517e-02 2.984305010788e+00
21 7 1.609295849547e-103 -5.265032943064e-30 -2.434053944292e-51 2.516487221117e-51 -3.095414692583e-01 3.481689179252e+00
21 8 2.211997786949e-96 -5.739865944618e-28 1.067830908781e-47 -1.029695582659e-47 -1.305030131556e-01 3.979073347717e+00
21 9 1.350495530972e-88 -7.740089183578e-26 -1.249906013768e-43 3.716169612231e-44 3.010025043306e-01 4.476457516182e+00
21 10 4.715967958626e-81 -3.246892337752e-24 6.671542032297e-40 5.366162610618e-40 1.713387811241e-01 4.973841684646e+00
21 11 0.000000000000e+00 -2.145234628555e-22 0.000000000000e+00 0.000000000000e+00 -2.869331554446e-01 5.471225853111e+00
21 12 0.000000000000e+00 -5.070177345001e-21 0.000000000000e+00 0.000000000000e+00 -2.186781746020e-01 5.968610021575e+00
21 13 0.000000000000e+00 -2.178531791792e-19 0.000000000000e+00 0.000000000000e+00 2.635007705876e-01 6.465994190040e+00
21 14 0.000000000000e+00 -3.538859330586e-18 0.000000000000e+00 0.000000000000e+00 2.750357574967e-01 6.963378358505e+00
21 15 0.000000000000e+00 -1.169053234913e-16 0.000000000000e+00 0.000000000000e+00 -2.231305609154e-01 7.460762526969e+00
21 16 0.000000000000e+00 -1.453287900516e-15 0.000000000000e+00 0.000000000000e+00 -3.436030871446e-01 7.958146695434e+00
21 17 0.000000000000e+00 -4.158166731608e-14 0.000000000000e+00 0.000000000000e+00 1.488200606933e-01 8.455530863899e+00
21 18 0.000000000000e+00 -4.117002880742e-13 0.000000000000e+00 0.000000000000e+00 4.268141872092e-01 8.952915032363e+00
21 19 0.000000000000e+00 -1.151912272495e-11 0.000000000000e+00 0.000000000000e+00 6.907177843895e-03 9.450299200828e+00
21 20 3.872282070303e-08 -8.215363983922e-11 -4.285359021723e-03 -2.389990446181e-03 -5.113147796661e-01 9.947683369292e+00
21 21 1.057389428522e-05 -3.114323768250e-09 -7.586034314358e-02 -3.864619001778e-02 -4.756627490702e-01 1.044506753776e+01
22 1 5.654216388347e-169 -9.516606494525e-67 2.785423481739e-85 -8.951578484013e-85 1.433084127356e-02 4.973841684646e-01
22 2 9.649762091789e-153 -7.911858061562e-54 1.283220248019e-76 -2.086431318901e-76 -3.183308666766e-01 9.947683369292e-01
22 3 2.852871059205e-142 -9.402507401400e-47 6.287024824544e-71 -6.196252555628e-72 -4.340276615691e-02 1.492152505394e+00
22 4 2.882332045143e-133 -1.416744237351e-41 6.508015614922e-67 2.597103940056e-66 3.164998019064e-01 1.989536673858e+00
22 5 1.326576115346e-125 -6.687784144029e-38 -2.268831951372e-62 -8.653436530000e-64 7.373330424538e-02 2.486920842323e+00
22 6 7.022127753023e-118 -1.259248750933e-34 1.308480949898e-58 -1.489079232984e-58 -3.130266732910e-01 2.984305010788e+00
22 7 8.857621516653e-111 -3.699774934949e-32 -1.799073180891e-55 8.014243340635e-55 -1.062593736664e-01 3.481689179252e+00
22 8 3.395143752718e-103 -1.056992071097e-29 6.617369545303e-52 -5.773873485295e-51 3.071838870290e-01 3.979073347717e+00
22 9 5.655214319719e-96 -7.970750228814e-28 -1.085197452968e-47 2.437752981332e-47 1.420822828517e-01 4.476457516182e+00
22 10 4.661809278662e-88 -8.369516575375e-26 2.479177890579e-43 -1.048813599587e-43 -2.977149274799e-01 4.973841684646e+00
22 11 0.000000000000e+00 -2.898419432738e-24 0.000000000000e+00 0.000000000000e+00 -1.825699764973e-01 5.471225853111e+00
22 12 0.000000000000e+00 -1.684635783328e-22 0.000000000000e+00 0.000000000000e+00 2.824521206684e-01 5.968610021575e+00
22 13 0.000000000000e+00 -3.573626192817e-21 0.000000000000e+00 0.000000000000e+00 2.294938921047e-01 6.465994190040e+00
22 14 0.000000000000e+00 -1.437218852733e-19 0.000000000000e+00 0.000000000000e+00 -2.574825689795e-01 6.963378358505e+00
22 15 0.000000000000e+00 -2.186517723427e-18 0.000000000000e+00 0.000000000000e+00 -2.851781096718e-01 7.460762526969e+00
22 16 0.000000000000e+00 -6.998248003561e-17 0.000000000000e+00 0.000000000000e+00 2.151459670705e-01 7.958146695434e+00
22 17 0.000000000000e+00 -8.326028794825e-16 0.000000000000e+00 0.000000000000e+00 3.524490696481e-01 8.455530863899e+00
22 18 0.000000000000e+00 -2.357486975973e-14 0.000000000000e+00 0.000000000000e+00 -1.384230020184e-01 8.952915032363e+00
22 19 0.000000000000e+00 -2.254156760698e-13 0.000000000000e+00 0.000000000000e+00 -4.329529032623e-01 9.450299200828e+00
22 20 0.000000000000e+00 -6.342739237338e-12 0.000000000000e+00 0.000000000000e+00 -1.965378462793e-02 9.947683369292e+00
22 21 3.135534100798e-08 -4.366744950879e-11 -3.370039251160e-03 -3.183813757686e-03 5.116102068182e-01 1.044506753776e+01
22 22 8.255348553352e-06 -1.707967118703e-09 -6.124933850851e-02 -4.959108656530e-02 4.861380688289e-01 1.094245170622e+01
23 1 5.087474276732e-177 -3.552323499127e-70 2.244821595727e-89 -8.604688124657e-89 -3.187229331337e-01 4.973841684646e-01
23 2 1.126471079426e-160 -5.327832624998e-57 1.155767977871e-80 -2.380790424494e-80 -2.751388098885e-02 9.947683369292e-01
23 3 1.941942116057e-149 -2.881648187751e-49 1.593704241728e-74 -4.204906300239e-75 3.176530542740e-01 1.492152505394e+00
23 4 1.041976693156e-140 -3.513656805651e-44 2.326261534545e-70 4.528017658982e-70 5.575156221013e-02 1.989536673858e+00
23 5 1.817405594763e-132 -5.229632543179e-40 -8.098543821438e-66 2.244578252951e-66 -3.153092581579e-01 2.486920842323e+00
23 6 3.781632175546e-125 -6.379755803628e-37 1.446343297794e-62 -4.366869387023e-62 -8.548225775782e-02 2.984305010788e+00
23 7 1.471354680135e-117 -5.152496961707e-34 9.506564447044e-59 3.209819193727e-58 3.112447897309e-01 3.481689179252e+00
23 8 1.799587252070e-110 -8.541194753807e-32 -6.680406831978e-55 -1.159303216446e-54 1.175732259809e-01 3.979073347717e+00
23 9 7.930525511699e-103 -1.656691088459e-29 3.620984930227e-51 9.313382259606e-51 -3.046765709886e-01 4.476457516182e+00
23 10 1.697141616730e-95 -9.393814138345e-28 9.859431870992e-48 -5.040669190677e-47 -1.530574478821e-01 4.973841684646e+00
23 11 0.000000000000e+00 -8.101953676253e-26 0.000000000000e+00 0.000000000000e+00 2.942939650743e-01 5.471225853111e+00
23 12 0.000000000000e+00 -2.399954448392e-24 0.000000000000e+00 0.000000000000e+00 1.932244342009e-01 5.968610021575e+00
23 13 0.000000000000e+00 -1.256498142589e-22 0.000000000000e+00 0.000000000000e+00 -2.778693809948e-01 6.465994190040e+00
23 14 0.000000000000e+00 -2.431979278440e-21 0.000000000000e+00 0.000000000000e+00 -2.397368416180e-01 6.963378358505e+00
23 15 0.000000000000e+00 -9.256865791368e-20 0.000000000000e+00 0.000000000000e+00 2.514200362643e-01 7.460762526969e+00
23 16 0.000000000000e+00 -1.329560202508e-18 0.000000000000e+00 0.000000000000e+00 2.947383643813e-01 7.958146695434e+00
23 17 0.000000000000e+00 -4.144876534245e-17 0.000000000000e+00 0.000000000000e+00 -2.072155238129e-01 8.455530863899e+00
23 18 0.000000000000e+00 -4.738795753753e-16 0.000000000000e+00 0.000000000000e+00 -3.607108304069e-01 8.952915032363e+00
23 19 0.000000000000e+00 -1.331142368890e-14 0.000000000000e+00 0.000000000000e+00 1.282428429744e-01 9.450299200828e+00
23 20 0.000000000000e+00 -1.232010194679e-13 0.000000000000e+00 0.000000000000e+00 4.385720257796e-01 9.947683369292e+00
23 21 0.000000000000e+00 -3.489996055225e-12 0.000000000000e+00 0.000000000000e+00 3.194704679434e-02 1.044506753776e+01
23 22 2.528506689716e-08 -2.323122657367e-11 -2.339184977740e-03 -3.681163074287e-03 -5.117140369163e-01 1.094245170622e+01
23 23 6.450798271909e-06 -9.370170191964e-10 -4.566006230250e-02 -5.674079493687e-02 -4.962135965656e-01 1.143983587469e+01
24 1 1.473611062013e-185 -5.816762822279e-74 1.001292457671e-93 -4.680093626452e-93 -1.314511405956e-02 4.973841684646e-01
24 2 3.500738820921e-168 -6.989393471496e-60 1.631764136125e-84 -4.370765318654e-84 3.183281599481e-01 9.947683369292e-01
24 3 4.293241833784e-157 -3.870194433155e-52 2.247894306497e-78 -9.762471880391e-79 3.975156579585e-02 1.492152505394e+00
24 4 1.030382846201e-147 -1.709692534985e-46 1.020359597437e-73 1.233481061590e-73 -3.168027426990e-01 1.989536673858e+00
24 5 8.218188101793e-140 -1.793322513581e-42 -1.512847662397e-69 9.512555802744e-70 -6.732464281949e-02 2.486920842323e+00
24 6 5.835283894823e-132 -6.410620613137e-39 -1.016648965639e-66 -1.804162755627e-65 3.139655444523e-01 2.984305010788e+00
24 7 8.274732249802e-125 -3.142549139289e-36 5.488384465900e-62 5.736094082231e-62 9.657124461410e-02 3.481689179252e+00
24 8 2.936586433964e-117 -1.388820166480e-33 -4.850064737550e-58 -2.385491734010e-58 -3.093192246282e-01 3.979073347717e+00
24 9 3.919993744481e-110 -1.500910860093e-31 1.979271392712e-54 1.008969320408e-54 -1.283014480520e-01 4.476457516182e+00
24 10 2.123940729695e-102 -2.162518884927e-29 -1.170577369887e-50 -1.389679700962e-50 3.020351917962e-01 4.973841684646e+00
24 11 6.059093239959e-95 -9.774355398710e-28 -1.233894659544e-47 1.060370904237e-46 1.634893192417e-01 5.471225853111e+00
24 12 0.000000000000e+00 -7.197196901645e-26 0.000000000000e+00 0.000000000000e+00 -2.907562710514e-01 5.968610021575e+00
24 13 0.000000000000e+00 -1.872497880968e-24 0.000000000000e+00 0.000000000000e+00 -2.033533129481e-01 6.465994190040e+00
24 14 0.000000000000e+00 -8.991482958566e-23 0.000000000000e+00 0.000000000000e+00 2.732021238542e-01 6.963378358505e+00
24 15 0.000000000000e+00 -1.608412339494e-21 0.000000000000e+00 0.000000000000e+00 2.494540059985e-01 7.460762526969e+00
24 16 0.000000000000e+00 -5.845340790165e-20 0.000000000000e+00 0.000000000000e+00 -2.453290702746e-01 7.958146695434e+00
24 17 0.000000000000e+00 -7.977871745149e-19 0.000000000000e+00 0.000000000000e+00 -3.037636130990e-01 8.455530863899e+00
24 18 0.000000000000e+00 -2.432972228977e-17 0.000000000000e+00 0.000000000000e+00 1.993501583458e-01 8.952915032363e+00
24 19 0.000000000000e+00 -2.682171716486e-16 0.000000000000e+00 0.000000000000e+00 3.684384305565e-01 9.450299200828e+00
24 20 0.000000000000e+00 -7.490177889674e-15 0.000000000000e+00 0.000000000000e+00 -1.182783053390e-01 9.947683369292e+00
24 21 0.000000000000e+00 -6.723579342966e-14 0.000000000000e+00 0.000000000000e+00 -4.437225638068e-01 1.044506753776e+01
24 22 0.000000000000e+00 -1.919165404302e-12 0.000000000000e+00 0.000000000000e+00 -4.381311554342e-02 1.094245170622e+01
24 23 2.031828822554e-08 -1.236938172206e-11 -1.280885603485e-03 -3.881577476720e-03 5.116523905941e-01 1.143983587469e+01
24 24 5.044602864512e-06 -5.141995496156e-10 -2.996990967814e-02 -6.015331547511e-02 5.059183982293e-01 1.193722004315e+01
25 1 1.124353042605e-193 -1.873101714165e-77 7.002048656733e-98 -4.121492080088e-97 3.186604275300e-01 4.973841684646e-01
25 2 3.546749700850e-176 -4.004034258919e-63 1.238612578681e-88 -4.529697611374e-88 2.531638421070e-02 9.947683369292e-01
25 3 2.541697454520e-164 -1.024590983146e-54 5.070960880648e-82 -3.137318615308e-82 -3.177564283782e-01 1.492152505394e+00
25 4 3.357818084346e-155 -3.635258946169e-49 2.257728593979e-77 1.803803941071e-77 -5.119619433996e-02 1.989536673858e+00
25 5 1.027674576721e-146 -1.222364527586e-44 -4.235691986648e-73 4.689822932127e-73 3.158026371696e-01 2.486920842323e+00
25 6 3.019541320365e-139 -2.814003086207e-41 -1.641456316196e-69 -3.768624425206e-69 7.823256991328e-02 2.984305010788e+00
25 7 1.354076172960e-131 -3.854110782031e-38 3.003429646534e-65 1.137029662379e-65 -3.124843660252e-01 3.481689179252e+00
25 8 1.650556963498e-124 -9.838167743321e-36 -1.275677547444e-61 1.210414849156e-62 -1.070820649728e-01 3.979073347717e+00
25 9 6.086867808137e-117 -2.776069939331e-33 8.572760627104e-58 -1.773559270213e-58 3.072637331536e-01 4.476457516182e+00
25 10 9.551715951137e-110 -2.154890106476e-31 -3.848829420409e-54 -1.836666959432e-55 1.385066182055e-01 4.973841684646e+00
25 11 6.643961074884e-102 -2.456050887821e-29 2.734675714976e-50 2.240022068840e-50 -2.992738213806e-01 5.471225853111e+00
25 12 0.000000000000e+00 -9.231470085225e-28 0.000000000000e+00 0.000000000000e+00 -1.734283348514e-01 5.968610021575e+00
25 13 0.000000000000e+00 -5.972772149394e-26 0.000000000000e+00 0.000000000000e+00 2.871167630206e-01 6.465994190040e+00
25 14 0.000000000000e+00 -1.392707942694e-24 0.000000000000e+00 0.000000000000e+00 2.130002550867e-01 6.963378358505e+00
25 15 0.000000000000e+00 -6.220479069649e-23 0.000000000000e+00 0.000000000000e+00 -2.684654673712e-01 7.460762526969e+00
25 16 0.000000000000e+00 -1.038932683567e-21 0.000000000000e+00 0.000000000000e+00 -2.586863901188e-01 7.958146695434e+00
25 17 0.000000000000e+00 -3.630628378849e-20 0.000000000000e+00 0.000000000000e+00 2.392232684818e-01 8.455530863899e+00
25 18 0.000000000000e+00 -4.733757573599e-19 0.000000000000e+00 0.000000000000e+00 3.122955151830e-01 8.952915032363e+00
25 19 0.000000000000e+00 -1.417278117490e-17 0.000000000000e+00 0.000000000000e+00 -1.915586345300e-01 9.450299200828e+00
25 20 0.000000000000e+00 -1.510959824909e-16 0.000000000000e+00 0.000000000000e+00 -3.756762526579e-01 9.947683369292e+00
25 21 0.000000000000e+00 -4.202112437929e-15 0.000000000000e+00 0.000000000000e+00 1.085269623145e-01 1.044506753776e+01
25 22 0.000000000000e+00 -3.664776070435e-14 0.000000000000e+00 0.000000000000e+00 4.484492734118e-01 1.094245170622e+01
25 23 0.000000000000e+00 -1.054820198428e-12 0.000000000000e+00 0.000000000000e+00 5.527626246314e-02 1.143983587469e+01
25 24 1.627778119972e-08 -6.591205108392e-12 -2.734650279135e-04 -3.807795661975e-03 -5.114475342485e-01 1.193722004315e+01
25 25 3.947655871279e-06 -2.822298595023e-10 -1.498235440646e-02 -6.008898019297e-02 -5.152785857958e-01 1.243460421162e+01
26 1 2.812783867393e-202 -2.631679947517e-81 2.659194119439e-102 -2.074002928659e-101 1.214157780131e-02 4.973841684646e-01
26 2 9.489234103383e-184 -4.547663510141e-66 1.379047632808e-92 -7.556363215748e-92 -3.183258904488e-01 9.947683369292e-01
26 3 4.967245371426e-172 -1.181394206686e-57 6.419525611972e-86 -5.317859184789e-86 -3.667368739455e-02 1.492152505394e+00
26 4 2.952642087325e-162 -1.541402784543e-51 7.606263455361e-81 3.946937371483e-81 3.170345360228e-01 1.989536673858e+00
26 5 4.293900025664e-154 -3.629767421793e-47 -5.892862309439e-77 1.149502117880e-76 6.196464984235e-02 2.486920842323e+00
26 6 4.372221130410e-146 -2.486029705542e-43 -1.061146607932e-72 -1.149172956000e-72 -3.146695901507e-01 2.984305010788e+00
26 7 7.542019087756e-139 -2.056329003920e-40 7.566572061240e-69 -4.374471776814e-70 -8.856183174681e-02 3.481689179252e+00
26 8 2.742521701934e-131 -1.419857976353e-37 -4.277123030926e-65 2.998220457653e-65 3.108786679956e-01 3.979073347717e+00
26 9 3.308580269307e-124 -2.224550137439e-35 1.371275775503e-61 -1.511729678189e-61 1.170801414461e-01 4.476457516182e+00
26 10 1.377248345609e-116 -4.444775148034e-33 -1.105092761836e-57 9.589419853539e-58 -3.050904914011e-01 4.973841684646e+00
26 11 2.666265136750e-109 -2.652229539744e-31 6.887974269887e-54 -1.644287137004e-54 -1.482400630973e-01 5.471225853111e+00
26 12 0.000000000000e+00 -2.502855225688e-29 0.000000000000e+00 0.000000000000e+00 2.964051708046e-01 5.968610021575e+00
26 13 0.000000000000e+00 -8.073975500498e-28 0.000000000000e+00 0.000000000000e+00 1.829169842600e-01 6.465994190040e+00
26 14 0.000000000000e+00 -4.692089136285e-26 0.000000000000e+00 0.000000000000e+00 -2.833888119630e-01 6.963378358505e+00
26 15 0.000000000000e+00 -9.961563613247e-25 0.000000000000e+00 0.000000000000e+00 -2.222029579844e-01 7.460762526969e+00
26 16 0.000000000000e+00 -4.184877936781e-23 0.000000000000e+00 0.000000000000e+00 2.636727140759e-01 7.958146695434e+00
26 17 0.000000000000e+00 -6.579912270641e-22 0.000000000000e+00 0.000000000000e+00 2.674701081297e-01 8.455530863899e+00
26 18 0.000000000000e+00 -2.223845906907e-20 0.000000000000e+00 0.000000000000e+00 -2.331142614199e-01 8.952915032363e+00
26 19 0.000000000000e+00 -2.782264761471e-19 0.000000000000e+00 0.000000000000e+00 -3.203711576698e-01 9.450299200828e+00
26 20 0.000000000000e+00 -8.202428351926e-18 0.000000000000e+00 0.000000000000e+00 1.838479250431e-01 9.947683369292e+00
26 21 0.000000000000e+00 -8.477353469002e-17 0.000000000000e+00 0.000000000000e+00 3.824638299021e-01 1.044506753776e+01
26 22 0.000000000000e+00 -2.351409453716e-15 0.000000000000e+00 0.000000000000e+00 -9.898552746437e-02 1.094245170622e+01
26 23 0.000000000000e+00 -1.995449359531e-14 0.000000000000e+00 0.000000000000e+00 -4.527915934469e-01 1.143983587469e+01
26 24 0.000000000000e+00 -5.795017444642e-13 0.000000000000e+00 0.000000000000e+00 -6.635901838355e-02 1.193722004315e+01
26 25 1.300671985053e-08 -3.514821939664e-12 6.193859021831e-04 -3.500345475870e-03 5.111185314259e-01 1.243460421162e+01
26 26 3.091137353400e-06 -1.549307297888e-10 -1.381936092768e-03 -5.697530787864e-02 5.243176956465e-01 1.293198838008e+01
27 1 1.842380906863e-210 -7.394427280276e-85 1.493862807536e-106 -1.685671141070e-105 -3.186111210627e-01 4.973841684646e-01
27 2 8.412462773693e-192 -2.243519139998e-69 7.052275175414e-97 -7.197784574420e-96 -2.344631929344e-02 9.947683369292e-01
27 3 2.575557980076e-179 -2.727685482594e-60 1.290195960386e-89 -1.392302139657e-89 3.178369602449e-01 1.492152505394e+00
27 4 8.674598412061e-170 -2.839419991551e-54 1.406550402753e-84 4.231172901841e-85 4.733993817640e-02 1.989536673858e+00
27 5 4.883901136341e-161 -2.173632284346e-49 -9.754649232069e-81 4.245862877386e-80 -3.161816439894e-01 2.486920842323e+00
27 6 2.143068495045e-153 -9.536515147071e-46 -3.026183166323e-76 -1.683600720071e-76 -7.214827391309e-02 2.984305010788e+00
27 7 1.190196152452e-145 -2.234484892155e-42 2.705940762371e-72 -1.320267325413e-72 3.134167858538e-01 3.481689179252e+00
27 8 1.572828236356e-138 -8.875199540567e-40 -5.698261295329e-69 1.113542306906e-68 9.838129012493e-02 3.979073347717e+00
27 9 5.403081850663e-131 -3.677458418954e-37 1.207122949234e-65 -8.159121818309e-65 -3.091595354609e-01 4.476457516182e+00
27 10 7.058240751038e-124 -3.949111521928e-35 -4.803415837726e-62 3.277289516621e-61 -1.266186958482e-01 4.973841684646e+00
27 11 3.501962140479e-116 -6.007532064601e-33 1.195491224619e-57 -2.270988836411e-57 3.028104421881e-01 5.471225853111e+00
27 12 8.636872529522e-109 -2.894805202986e-31 -1.289405426276e-53 5.202502823295e-54 1.575445488046e-01 5.968610021575e+00
27 13 0.000000000000e+00 -2.340084357304e-29 0.000000000000e+00 0.000000000000e+00 -2.934407590851e-01 6.465994190040e+00
27 14 0.000000000000e+00 -6.637197191977e-28 0.000000000000e+00 0.000000000000e+00 -1.919915513204e-01 6.963378358505e+00
27 15 0.000000000000e+00 -3.524312869287e-26 0.000000000000e+00 0.000000000000e+00 2.795844075083e-01 7.460762526969e+00
27 16 0.000000000000e+00 -6.898491365149e-25 0.000000000000e+00 0.000000000000e+00 2.309943355160e-01 7.958146695434e+00
27 17 0.000000000000e+00 -2.750399195303e-23 0.000000000000e+00 0.000000000000e+00 -2.588355737215e-01 8.455530863899e+00
27 18 0.000000000000e+00 -4.098587143810e-22 0.000000000000e+00 0.000000000000e+00 -2.758372157732e-01 8.952915032363e+00
27 19 0.000000000000e+00 -1.346109899810e-20 0.000000000000e+00 0.000000000000e+00 2.270119950067e-01 9.450299200828e+00
27 20 0.000000000000e+00 -1.622029926611e-19 0.000000000000e+00 0.000000000000e+00 3.280237388691e-01 9.947683369292e+00
27 21 0.000000000000e+00 -4.720518059520e-18 0.000000000000e+00 0.000000000000e+00 -1.762235163034e-01 1.044506753776e+01
27 22 0.000000000000e+00 -4.739695125671e-17 0.000000000000e+00 0.000000000000e+00 -3.888365242402e-01 1.094245170622e+01
27 23 0.000000000000e+00 -1.312867121410e-15 0.000000000000e+00 0.000000000000e+00 8.965008007395e-02 1.143983587469e+01
27 24 0.000000000000e+00 -1.085552963794e-14 0.000000000000e+00 0.000000000000e+00 4.567844146288e-01 1.193722004315e+01
27 25 0.000000000000e+00 -3.182491222764e-13 0.000000000000e+00 0.000000000000e+00 7.708230656970e-02 1.243460421162e+01
27 26 1.036939266242e-08 -1.875622415192e-12 1.351442192021e-03 -3.011564605165e-03 -5.106817688249e-01 1.293198838008e+01
27 27 2.421786764620e-06 -8.505820422527e-11 1.029742991073e-02 -5.136375488410e-02 -5.330570088612e-01 1.342937254854e+01
28 1 4.019401123990e-219 -9.023909716842e-89 4.007915467234e-111 -7.894116837982e-110 -1.128106242409e-02 4.973841684646e-01
28 2 1.956474991288e-199 -2.227697601316e-72 2.004614206870e-101 -1.102750577274e-99 3.183239868832e-01 9.947683369292e-01
28 3 4.471534619454e-187 -2.728932886284e-63 1.455689242297e-93 -2.033834128758e-93 3.404272293859e-02 1.492152505394e+00
28 4 6.803531125437e-177 -1.057857366569e-56 4.086713959142e-88 4.684676243386e-89 -3.172160550624e-01 1.989536673858e+00
28 5 1.877374642741e-168 -5.639845311126e-52 8.997146623104e-86 8.540892883738e-84 -5.741124964719e-02 2.486920842323e+00
28 6 2.887200685462e-160 -7.457295431922e-48 -1.244177003718e-79 -2.601126701549e-80 3.152121077199e-01 2.984305010788e+00
28 7 6.436364402934e-153 -1.050552313808e-44 4.728202813995e-76 -5.164026177313e-76 8.181963689788e-02 3.481689179252e+00
28 8 2.588812160258e-145 -1.142793664292e-41 -7.090891913750e-74 5.074342187384e-72 -3.120550208758e-01 3.979073347717e+00
28 9 3.085613537496e-138 -2.620736698433e-39 -7.819372097418e-69 -1.809300429078e-68 -1.077466629935e-01 4.476457516182e+00
28 10 1.104730330939e-130 -7.325758235760e-37 6.502280125054e-65 1.137717144428e-64 3.073367222888e-01 4.973841684646e+00
28 11 1.658547362840e-123 -5.826432466827e-35 -1.696829760316e-61 -5.321202611848e-61 1.357416956717e-01 5.471225853111e+00
28 12 1.017540048998e-115 -7.113002345997e-33 -1.149149928268e-57 4.632005177631e-57 -3.004335115494e-01 5.968610021575e+00
28 13 0.000000000000e+00 -2.871567825394e-31 0.000000000000e+00 0.000000000000e+00 -1.664562118633e-01 6.465994190040e+00
28 14 0.000000000000e+00 -2.040844890469e-29 0.000000000000e+00 0.000000000000e+00 2.903910437183e-01 6.963378358505e+00
28 15 0.000000000000e+00 -5.186154469279e-28 0.000000000000e+00 0.000000000000e+00 2.006833918003e-01 7.460762526969e+00
28 16 0.000000000000e+00 -2.550615189752e-26 0.000000000000e+00 0.000000000000e+00 -2.757143043601e-01 7.958146695434e+00
28 17 0.000000000000e+00 -4.649777848037e-25 0.000000000000e+00 0.000000000000e+00 -2.394033932741e-01 8.455530863899e+00
28 18 0.000000000000e+00 -1.772305711532e-23 0.000000000000e+00 0.000000000000e+00 2.539643583680e-01 8.952915032363e+00
28 19 0.000000000000e+00 -2.517119612543e-22 0.000000000000e+00 0.000000000000e+00 2.838163588866e-01 9.450299200828e+00
28 20 0.000000000000e+00 -8.065682305120e-21 0.000000000000e+00 0.000000000000e+00 -2.209249697400e-01 9.947683369292e+00
28 21 0.000000000000e+00 -9.390184288784e-20 0.000000000000e+00 0.000000000000e+00 -3.352831197376e-01 1.044506753776e+01
28 22 0.000000000000e+00 -2.703455955798e-18 0.000000000000e+00 0.000000000000e+00 1.686896592116e-01 1.094245170622e+01
28 23 0.000000000000e+00 -2.641947369660e-17 0.000000000000e+00 0.000000000000e+00 3.948260866629e-01 1.143983587469e+01
28 24 0.000000000000e+00 -7.315902686681e-16 0.000000000000e+00 0.000000000000e+00 -8.051624131578e-02 1.193722004315e+01
28 25 0.000000000000e+00 -5.901155423533e-15 0.000000000000e+00 0.000000000000e+00 -4.604587165020e-01 1.243460421162e+01
28 26 0.000000000000e+00 -1.747177783818e-13 0.000000000000e+00 0.000000000000e+00 -8.746556852462e-02 1.293198838008e+01
28 27 8.250447193363e-09 -1.001553585714e-12 1.894875714450e-03 -2.399692570343e-03 5.101513840394e-01 1.342937254854e+01
28 28 1.898310979999e-06 -4.670067493677e-11 1.969014391071e-02 -4.388256442579e-02 5.415158238197e-01 1.392675671701e+01
29 1 2.284215515500e-227 -2.234529627045e-92 8.616563118170e-116 -5.958062015118e-114 3.185715397808e-01 4.973841684646e-01
29 2 1.529121569914e-207 -9.564720623074e-76 -5.680536704550e-105 -9.734073969492e-104 2.183516260480e-02 9.947683369292e-01
29 3 2.044314769886e-194 -5.542017828631e-66 2.564942227072e-97 -4.692577430189e-97 -3.179009655742e-01 1.492152505394e+00
29 4 1.804853936661e-184 -1.703895179514e-59 6.689151715029e-92 -3.778779409141e-93 -4.403143545177e-02 1.989536673858e+00
29 5 1.940543114231e-175 -2.988504648262e-54 6.425977507798e-88 2.669838194744e-87 3.164794933457e-01 2.486920842323e+00
29 6 1.328934754176e-167 -2.519393879444e-50 -2.717981059423e-83 2.215903634018e-84 6.696395006301e-02 2.984305010788e+00
29 7 9.665407829817e-160 -1.017338172382e-46 1.018508586901e-79 -2.514830615856e-79 -3.141371761338e-01 3.481689179252e+00
29 8 1.477096307183e-152 -6.342513965040e-44 4.952165575699e-76 1.106437063176e-75 -9.103727533383e-02 3.979073347717e+00
29 9 5.124775126009e-145 -3.889557230772e-41 -6.445069255616e-72 -4.794312164023e-72 3.105934700575e-01 4.476457516182e+00
29 10 6.121708301048e-138 -5.829714937364e-39 2.808118469551e-68 1.276744254445e-68 1.167037014987e-01 4.973841684646e+00
29 11 2.439056467062e-130 -1.193517478001e-36 -1.858157216624e-64 -1.065222151178e-64 -3.054189716069e-01 5.471225853111e+00
29 12 4.382214316872e-123 -7.437482351882e-35 5.875306876956e-61 7.973059322392e-61 -1.444859718288e-01 5.968610021575e+00
29 13 3.409673804234e-115 -7.578958639444e-33 1.176297920509e-57 -9.390765543598e-57 2.979687537846e-01 6.465994190040e+00
29 14 0.000000000000e+00 -2.636606365156e-31 0.000000000000e+00 0.000000000000e+00 1.750059707208e-01 6.963378358505e+00
29 15 0.000000000000e+00 -1.681208361453e-29 0.000000000000e+00 0.000000000000e+00 -2.872655283284e-01 7.460762526969e+00
29 16 0.000000000000e+00 -3.885409885847e-28 0.000000000000e+00 0.000000000000e+00 -2.090198872382e-01 7.958146695434e+00
29 17 0.000000000000e+00 -1.789357798118e-26 0.000000000000e+00 0.000000000000e+00 2.717881528594e-01 8.455530863899e+00
29 18 0.000000000000e+00 -3.063240469054e-25 0.000000000000e+00 0.000000000000e+00 2.474558997387e-01 8.952915032363e+00
29 19 0.000000000000e+00 -1.122994105139e-23 0.000000000000e+00 0.000000000000e+00 -2.490681528087e-01 9.450299200828e+00
29 20 0.000000000000e+00 -1.527218795593e-22 0.000000000000e+00 0.000000000000e+00 -2.914332867732e-01 9.947683369292e+00
29 21 0.000000000000e+00 -4.790562436723e-21 0.000000000000e+00 0.000000000000e+00 2.148604436227e-01 1.044506753776e+01
29 22 0.000000000000e+00 -5.403146808990e-20 0.000000000000e+00 0.000000000000e+00 3.421762742917e-01 1.094245170622e+01
29 23 0.000000000000e+00 -1.541700977578e-18 0.000000000000e+00 0.000000000000e+00 -1.612495760707e-01 1.143983587469e+01
29 24 0.000000000000e+00 -1.468756607968e-17 0.000000000000e+00 0.000000000000e+00 -4.004611243162e-01 1.193722004315e+01
29 25 0.000000000000e+00 -4.069799060118e-16 0.000000000000e+00 0.000000000000e+00 7.157931214705e-02 1.243460421162e+01
29 26 0.000000000000e+00 -3.205884305597e-15 0.000000000000e+00 0.000000000000e+00 4.638420986670e-01 1.293198838008e+01
29 27 0.000000000000e+00 -9.589191317312e-14 0.000000000000e+00 0.000000000000e+00 9.752688155402e-02 1.342937254854e+01
29 28 6.553097042010e-09 -5.351479899484e-13 2.239550466418e-03 -1.723473565952e-03 -5.095396156580e-01 1.392675671701e+01
29 29 1.488644018107e-06 -2.564162714096e-11 2.660307743968e-02 -3.518964658565e-02 -5.497116893729e-01 1.442414088547e+01
30 1 4.382935684866e-236 -2.393953912901e-96 -5.361011062889e-120 -2.609593230067e-118 1.053491470334e-02 4.973841684646e-01
30 2 3.117991908660e-215 -8.374736335881e-79 -1.831106724657e-108 -1.380259968902e-107 -3.183223840905e-01 9.947683369292e-01
30 3 3.168874266333e-202 -4.855715270730e-69 2.493755365960e-101 -6.173537834396e-101 -3.176715042565e-02 1.492152505394e+00
30 4 1.267256986402e-191 -5.619396006682e-62 1.732535262494e-95 -3.873598014957e-96 3.173609875452e-01 1.989536673858e+00
30 5 6.850432171335e-183 -6.830157549538e-57 2.254636311380e-91 4.640846435808e-91 5.349244616233e-02 2.486920842323e+00
30 6 1.658032702401e-174 -1.754714488596e-52 -9.029384921891e-87 3.354292492464e-87 -3.156396279611e-01 2.984305010788e+00
30 7 5.009953821231e-167 -4.243160826836e-49 2.787945962390e-84 -6.170978452351e-83 -7.605952404243e-02 3.481689179252e+00
30 8 2.365466592472e-159 -7.323103515250e-46 3.591339495037e-79 3.261038913591e-79 3.129660297340e-01 3.979073347717e+00
30 9 2.982614359657e-152 -2.478182944320e-43 -1.917771792115e-75 -2.783205731122e-76 9.984906795647e-02 4.476457516182e+00
30 10 9.999416565225e-145 -9.763699175367e-41 1.230330057187e-71 -2.014964760756e-72 -3.090401540227e-01 4.973841684646e+00
30 11 1.284787193787e-137 -1.043478996536e-38 -4.839762152935e-68 8.610131665435e-69 -1.252904814881e-01 5.471225853111e+00
30 12 5.959046632227e-130 -1.660978266875e-36 3.627914216290e-64 4.202590460601e-65 3.034142174357e-01 5.968610021575e+00
30 13 1.317799026828e-122 -8.458423846975e-35 -1.386775605526e-60 -1.240417297630e-60 1.528827671174e-01 6.465994190040e+00
30 14 0.000000000000e+00 -7.414355013110e-33 0.000000000000e+00 0.000000000000e+00 -2.954244559480e-01 6.963378358505e+00
30 15 0.000000000000e+00 -2.272090021762e-31 0.000000000000e+00 0.000000000000e+00 -1.832205750893e-01 7.460762526969e+00
30 16 0.000000000000e+00 -1.320921992620e-29 0.000000000000e+00 0.000000000000e+00 2.840728552844e-01 7.958146695434e+00
30 17 0.000000000000e+00 -2.810042433641e-28 0.000000000000e+00 0.000000000000e+00 2.170251691031e-01 8.455530863899e+00
30 18 0.000000000000e+00 -1.222679319272e-26 0.000000000000e+00 0.000000000000e+00 -2.678146155965e-01 8.952915032363e+00
30 19 0.000000000000e+00 -1.979080292564e-25 0.000000000000e+00 0.000000000000e+00 -2.551749092805e-01 9.450299200828e+00
30 20 0.000000000000e+00 -7.013600133554e-24 0.000000000000e+00 0.000000000000e+00 2.441549632607e-01 9.947683369292e+00
30 21 0.000000000000e+00 -9.169419844240e-23 0.000000000000e+00 0.000000000000e+00 2.987112644366e-01 1.044506753776e+01
30 22 0.000000000000e+00 -2.823666136150e-21 0.000000000000e+00 0.000000000000e+00 -2.088246046188e-01 1.094245170622e+01
30 23 0.000000000000e+00 -3.092520040525e-20 0.000000000000e+00 0.000000000000e+00 -3.487276617147e-01 1.143983587469e+01
30 24 0.000000000000e+00 -8.759069250290e-19 0.000000000000e+00 0.000000000000e+00 1.539056319251e-01 1.193722004315e+01
30 25 0.000000000000e+00 -8.146468348278e-18 0.000000000000e+00 0.000000000000e+00 4.057674930935e-01 1.243460421162e+01
30 26 0.000000000000e+00 -2.260598207900e-16 0.000000000000e+00 0.000000000000e+00 -6.283438129775e-02 1.293198838008e+01
30 27 0.000000000000e+00 -1.740702583889e-15 0.000000000000e+00 0.000000000000e+00 -4.669592266444e-01 1.342937254854e+01
30 28 0.000000000000e+00 -5.261583912932e-14 0.000000000000e+00 0.000000000000e+00 -1.072830678149e-01 1.392675671701e+01
30 29 5.196988045492e-09 -2.861079020514e-13 2.391049553569e-03 -1.037623405516e-03 5.088570915365e-01 1.442414088547e+01
30 30 1.167850099547e-06 -1.407903914602e-11 3.100760252331e-02 -2.592890109625e-02 5.576606052061e-01 1.492152505394e+01
