2 1 1.268323349718e-14 -3.369503657396e-06 -9.978900072270e-08 9.937562260012e-08 2.769146916862e-01 4.988766857730e-01
2 2 5.827556553817e-04 -1.706628505872e-04 1.262044337427e-02 -5.904110713154e-02 9.273622067408e-02 9.977533715459e-01
3 1 3.982210162868e-23 -1.377539089169e-08 1.842395102177e-12 7.673150790006e-12 -3.421292502982e-01 4.988766857730e-01
3 2 2.460053927237e-13 -2.860170519456e-06 1.238788133199e-06 6.452921044629e-08 -3.415223496263e-01 9.977533715459e-01
3 3 5.634391042603e-04 -1.063816592667e-04 1.042775817741e-02 -8.843610135115e-02 -1.369662357536e-01 1.496630057319e+00
4 1 8.426940137756e-32 -5.058436667037e-11 2.605978123003e-16 2.527147443966e-16 -8.703518414121e-02 4.988766857730e-01
4 2 1.232491328687e-22 -3.105119073782e-08 -1.377514061336e-11 -2.410740522599e-11 3.138708753732e-01 9.977533715459e-01
4 3 2.163616571265e-11 -1.749732861950e-06 9.628200043552e-06 -1.455331660392e-05 3.816394287808e-01 1.496630057319e+00
4 4 4.390058847388e-04 -5.531247870460e-05 3.740723647929e-02 -9.790096870268e-02 1.727465638722e-01 1.995506743092e+00
5 1 1.548774756570e-39 -1.785769273953e-13 4.433479867347e-20 2.136156291828e-20 3.265874860185e-01 4.988766857730e-01
5 2 1.695939524691e-31 -2.498737488700e-10 -1.029102411642e-15 4.190306130199e-17 1.434490823938e-01 9.977533715459e-01
5 3 1.119424435517e-21 -2.993283623542e-08 3.246871064971e-12 1.254747778102e-10 -2.879805971257e-01 1.496630057319e+00
5 4 2.082988397320e-09 -9.780952691139e-07 2.223063123712e-04 -5.192445244826e-05 -4.101022108708e-01 1.995506743092e+00
5 5 3.281861893592e-04 -2.815240141665e-05 8.260682322134e-02 -7.749910301461e-02 -2.037364227904e-01 2.494383428865e+00
6 1 5.341031587608e-48 -3.988193330294e-16 2.833737714653e-24 5.674052966215e-25 5.396926945674e-02 4.988766857730e-01
6 2 3.085239836358e-39 -2.341892454468e-12 -1.048760945977e-19 9.109958225655e-20 -3.179162475326e-01 9.977533715459e-01
6 3 5.319300850625e-31 -3.387010076181e-10 2.704800581362e-15 -4.126584272574e-16 -1.865199904801e-01 1.496630057319e+00
6 4 3.203443307761e-20 -2.215274881143e-08 8.153674836995e-10 -3.696964547862e-10 2.632118364064e-01 1.995506743092e+00
6 5 1.633375005936e-08 -5.283734764925e-07 2.060610297072e-04 7.720653268975e-04 4.314754069541e-01 2.494383428865e+00
6 6 2.441590251065e-04 -1.444379999285e-05 1.155510610022e-01 -1.982048954972e-02 2.313707607900e-01 2.993260114638e+00
7 1 7.375166299839e-56 -1.022284623027e-18 3.395959081016e-28 1.872668154256e-30 -3.225667121716e-01 4.988766857730e-01
7 2 1.595717861054e-47 -1.330037287656e-14 -3.326333385912e-24 9.420584914457e-24 -9.473781540364e-02 9.977533715459e-01
7 3 5.272223410514e-39 -5.063748452795e-12 9.469602637226e-20 -2.554064205800e-19 3.082457143381e-01 1.496630057319e+00
7 4 3.977460559188e-30 -3.035329655551e-10 -9.608080117950e-15 -2.683397484645e-15 2.215364828520e-01 1.995506743092e+00
7 5 0.000000000000e+00 -1.458649608829e-08 0.000000000000e+00 0.000000000000e+00 -2.394122608215e-01 2.494383428865e+00
7 6 3.863049226965e-08 -2.812544056000e-07 -1.315429790734e-03 6.665904561577e-04 -4.480327475298e-01 2.993260114638e+00
7 7 1.824113342065e-04 -7.505255089432e-06 1.035878914059e-01 5.697855610430e-02 -2.564162421115e-01 3.492136800411e+00
8 1 2.124619942195e-64 -1.404014128436e-21 1.800019795891e-32 -2.868714649698e-33 -3.964786954520e-02 4.988766857730e-01
8 2 3.829550016535e-55 -9.761316764998e-17 9.573813221536e-29 1.544736879478e-27 3.183053361122e-01 9.977533715459e-01
8 3 2.123557254471e-47 -4.409920271355e-14 -7.456799860641e-24 -1.559678048359e-23 1.281904249204e-01 1.496630057319e+00
8 4 1.702901217494e-38 -6.035029139320e-12 -2.168490083595e-19 6.156633617750e-19 -2.977451209311e-01 1.995506743092e+00
8 5 7.004593807291e-29 -2.255547594155e-10 2.014497888108e-14 4.829629054144e-14 -2.509397769202e-01 2.494383428865e+00
8 6 0.000000000000e+00 -9.030905816520e-09 0.000000000000e+00 0.000000000000e+00 2.165743422129e-01 2.993260114638e+00
8 7 5.877213090482e-08 -1.487312023151e-07 -1.537569649464e-03 -1.462603804015e-03 4.611100155324e-01 3.492136800411e+00
8 8 1.371158169506e-04 -3.946191300491e-06 3.816756009211e-02 1.107508715849e-01 2.793574471637e-01 3.991013486184e+00
9 1 2.015107640643e-72 -2.582580149677e-24 1.698113652805e-36 -5.172301929019e-37 3.209135498432e-01 4.988766857730e-01
9 2 2.316616532880e-63 -3.766163916534e-19 4.687760168543e-32 1.108733163569e-31 7.170297157672e-02 9.977533715459e-01
9 3 4.696809428848e-55 -5.437068542062e-16 -2.257958167204e-27 -1.229545161611e-27 -3.131692580391e-01 1.496630057319e+00
9 4 4.117532949024e-47 -6.721413987576e-14 2.242023820872e-23 2.296817805291e-23 -1.568007792046e-01 1.995506743092e+00
9 5 1.127750111505e-37 -5.462278829290e-12 1.400202388401e-18 -1.564679148721e-18 2.866476459834e-01 2.494383428865e+00
9 6 0.000000000000e+00 -1.515027616423e-10 0.000000000000e+00 0.000000000000e+00 2.761229021503e-01 2.993260114638e+00
9 7 0.000000000000e+00 -5.392940584505e-09 0.000000000000e+00 0.000000000000e+00 -1.946951785203e-01 3.492136800411e+00
9 8 7.200527903866e-08 -7.843592411879e-08 8.992979294172e-04 -2.529334765619e-03 -4.715709966943e-01 3.991013486184e+00
9 9 1.036892522082e-04 -2.095310918810e-06 -4.992238828065e-02 1.031571292417e-01 -3.005338296756e-01 4.489890171957e+00
10 1 4.478883301563e-81 -2.372246767091e-27 7.649807762361e-41 -3.393937480604e-41 3.148833855326e-02 4.988766857730e-01
10 2 4.942034053827e-71 -2.093084258240e-21 1.113487448849e-35 1.360654483004e-35 -3.183664026948e-01 9.977533715459e-01
10 3 3.109669327495e-63 -3.465467201620e-18 -2.091344827406e-31 5.231858751841e-33 -9.899236802685e-02 1.496630057319e+00
10 4 6.526320514494e-55 -1.139346487379e-15 4.030837351054e-27 -2.848950584114e-28 3.073192757769e-01 1.995506743092e+00
10 5 1.418853669583e-46 -7.130082765767e-14 -4.948535042310e-23 -5.565984114182e-23 1.818584664838e-01 2.494383428865e+00
10 6 0.000000000000e+00 -4.251537861363e-12 0.000000000000e+00 0.000000000000e+00 -2.751578537437e-01 2.993260114638e+00
10 7 0.000000000000e+00 -9.576948000826e-11 0.000000000000e+00 0.000000000000e+00 -2.979854366898e-01 3.492136800411e+00
10 8 0.000000000000e+00 -3.147914598969e-09 0.000000000000e+00 0.000000000000e+00 1.737570219351e-01 3.991013486184e+00
10 9 7.787666023241e-08 -4.133119071757e-08 3.116422814941e-03 -3.899168014847e-04 4.800098917472e-01 4.489890171957e+00
10 10 7.883349617669e-05 -1.121309915120e-06 -1.059982566978e-01 3.304433554606e-02 3.201993858717e-01 4.988766857730e+00
11 1 3.010429784686e-89 -3.248131795408e-30 5.937217015064e-45 -3.438740683627e-45 -3.200695380546e-01 4.988766857730e-01
11 2 2.748986359430e-79 -5.727995970352e-24 1.057031167465e-39 7.759974058232e-40 -5.798209868595e-02 9.977533715459e-01
11 3 7.906220549786e-71 -3.386364148460e-20 -2.976561587863e-35 1.505679811941e-35 3.151461326749e-01 1.496630057319e+00
11 4 3.622745435223e-63 -9.804571375411e-18 2.115823440969e-31 -2.141816660358e-31 1.229380683558e-01 1.995506743092e+00
11 5 1.409708161476e-54 -1.504226229997e-15 -7.122550093325e-27 2.092827522362e-27 -3.008939108360e-01 2.494383428865e+00
11 6 8.872427060176e-46 -6.193889690364e-14 7.671005934349e-23 2.099113519803e-22 -2.041399573674e-01 2.993260114638e+00
11 7 0.000000000000e+00 -3.018323346735e-12 0.000000000000e+00 0.000000000000e+00 2.634371167321e-01 3.492136800411e+00
11 8 0.000000000000e+00 -5.820916922020e-11 0.000000000000e+00 0.000000000000e+00 3.171555154593e-01 3.991013486184e+00
11 9 0.000000000000e+00 -1.809818655003e-09 0.000000000000e+00 0.000000000000e+00 -1.537291724952e-01 4.489890171957e+00
11 10 7.781825281705e-08 -2.178368861922e-08 2.029493446281e-03 2.837244540888e-03 -4.868533923518e-01 4.988766857730e+00
11 11 6.021496707506e-05 -6.038018335614e-07 -9.138351809905e-02 -5.515908942534e-02 -3.385526793305e-01 5.487643543503e+00
12 1 5.174424985731e-98 -2.136487175346e-33 2.311161297106e-49 -1.658318791164e-49 -2.617134715497e-02 4.988766857730e-01
12 2 4.801631072872e-87 -2.449774602722e-26 1.588522762373e-43 6.928264568834e-44 3.183712555897e-01 9.977533715459e-01
12 3 5.796528178136e-79 -1.612575982982e-22 -1.869914210321e-39 2.159002134135e-39 8.108276704361e-02 1.496630057319e+00
12 4 8.463557243685e-71 -1.363163157622e-19 7.756558410019e-36 -4.535871215811e-35 -3.113785334175e-01 1.995506743092e+00
12 5 5.685682043004e-63 -1.580087453240e-17 -1.632264082565e-31 4.423022059341e-31 -1.443545158826e-01 2.494383428865e+00
12 6 5.071576942783e-54 -1.535850751265e-15 1.657500823781e-26 -3.282201139215e-27 2.940136997839e-01 2.993260114638e+00
12 7 0.000000000000e+00 -4.761340280058e-14 0.000000000000e+00 0.000000000000e+00 2.241617805250e-01 3.492136800411e+00
12 8 0.000000000000e+00 -2.017347500923e-12 0.000000000000e+00 0.000000000000e+00 -2.516081505494e-01 3.991013486184e+00
12 9 0.000000000000e+00 -3.444594139481e-11 0.000000000000e+00 0.000000000000e+00 -3.340954162581e-01 4.489890171957e+00
12 10 0.000000000000e+00 -1.029636785160e-09 0.000000000000e+00 0.000000000000e+00 1.345726651641e-01 4.988766857730e+00
12 11 7.369789386280e-08 -1.148972180528e-08 -1.567100610439e-03 3.389515784179e-03 4.924177435815e-01 5.487643543503e+00
12 12 4.617700056567e-05 -3.267249122755e-07 -1.632559145762e-02 -1.006557858605e-01 3.557537006551e-01 5.986520229275e+00
13 1 2.566038622426e-106 -2.261709952267e-36 1.518420595562e-53 -1.306534427905e-53 3.195795872390e-01 4.988766857730e-01
13 2 2.295730139721e-95 -4.970618773505e-29 1.171829745397e-47 2.505809690443e-48 4.878699855350e-02 9.977533715459e-01
13 3 1.402920992607e-86 -1.254644250793e-24 -1.610549615556e-43 4.141309227684e-43 -3.161494778188e-01 1.496630057319e+00
13 4 6.258956647002e-79 -9.134114658853e-22 -1.406846532261e-39 -3.698736943896e-39 -1.016957577074e-01 1.995506743092e+00
13 5 1.061820694519e-70 -2.805204106247e-19 2.701812463511e-35 5.848988210718e-35 3.071541875918e-01 2.494383428865e+00
13 6 1.358403749250e-62 -1.858214816844e-17 1.890449843004e-31 -8.537994840303e-31 1.637562509686e-01 2.993260114638e+00
13 7 0.000000000000e+00 -1.338429749881e-15 0.000000000000e+00 0.000000000000e+00 -2.867808285928e-01 3.492136800411e+00
13 8 0.000000000000e+00 -3.377242846217e-14 0.000000000000e+00 0.000000000000e+00 -2.422926382608e-01 3.991013486184e+00
13 9 0.000000000000e+00 -1.293204548901e-12 0.000000000000e+00 0.000000000000e+00 2.397628812433e-01 4.489890171957e+00
13 10 0.000000000000e+00 -2.000048910474e-11 0.000000000000e+00 0.000000000000e+00 3.491582849214e-01 4.988766857730e+00
13 11 0.000000000000e+00 -5.813900995364e-10 0.000000000000e+00 0.000000000000e+00 -1.162441827242e-01 5.487643543503e+00
13 12 6.718299345574e-08 -6.066437932808e-09 -3.870902670495e-03 3.799248159849e-04 -4.969431099592e-01 5.986520229275e+00
13 13 3.553244179031e-05 -1.774756627250e-07 6.415997367980e-02 -7.262070640178e-02 -3.719341870715e-01 6.485396915048e+00
14 1 3.473194130978e-115 -1.122337841484e-39 5.177872505856e-58 -5.244194873917e-58 2.241555870709e-02 4.988766857730e-01
14 2 3.240074101515e-103 -1.675522002261e-31 1.423002826724e-51 4.152670608900e-53 -3.183648452973e-01 9.977533715459e-01
14 3 9.925710093843e-95 -4.595230922148e-27 -2.313383260440e-48 3.730368007743e-47 -6.884939441018e-02 1.496630057319e+00
14 4 1.615254232131e-86 -1.039866731160e-23 -4.704602718876e-43 -4.275544136698e-43 3.135014883795e-01 1.995506743092e+00
14 5 6.848265684837e-79 -2.371307417699e-21 4.650637209595e-39 2.268027401032e-39 1.203792422847e-01 2.494383428865e+00
14 6 1.860173451700e-70 -3.953407867519e-19 -7.016251716038e-35 -7.449189642067e-35 -3.025476280999e-01 2.993260114638e+00
14 7 5.083804838024e-62 -1.798134895005e-17 -6.600289215631e-31 1.860041513698e-30 -1.814938047632e-01 3.492136800411e+00
14 8 0.000000000000e+00 -1.050356149995e-15 0.000000000000e+00 0.000000000000e+00 2.792803091346e-01 3.991013486184e+00
14 9 0.000000000000e+00 -2.265513733402e-14 0.000000000000e+00 0.000000000000e+00 2.588094495902e-01 4.489890171957e+00
14 10 0.000000000000e+00 -8.044364167300e-13 0.000000000000e+00 0.000000000000e+00 -2.279696279870e-01 4.988766857730e+00
14 11 0.000000000000e+00 -1.145265972588e-11 0.000000000000e+00 0.000000000000e+00 -3.626214662525e-01 5.487643543503e+00
14 12 0.000000000000e+00 -3.264767155817e-10 0.000000000000e+00 0.000000000000e+00 9.869878759533e-02 5.986520229275e+00
14 13 5.954506799609e-08 -3.206730085988e-09 -2.365060964941e-03 -3.184752341705e-03 5.006154602386e-01 6.485396915048e+00
14 14 2.742153923893e-05 -9.669670074286e-08 9.155464035523e-02 4.721486420479e-03 3.872043845576e-01 6.984273600821e+00
15 1 1.316525491869e-123 -9.492246348247e-43 2.937763741861e-62 -3.457840717530e-62 -3.192696183493e-01 4.988766857730e-01
15 2 1.308004081045e-111 -2.615859671879e-34 8.959635402021e-56 -1.241125864494e-56 -4.216277240056e-02 9.977533715459e-01
15 3 2.140662336761e-102 -2.889677381545e-29 1.184307232422e-51 5.359523394657e-51 3.167334388978e-01 1.496630057319e+00
15 4 1.296207185203e-94 -5.529088891913e-26 -5.413840788074e-47 -1.766735484311e-47 8.697391848375e-02 1.995506743092e+00
15 5 1.634242331937e-86 -3.525556466164e-23 7.904803696275e-43 -1.184308728513e-43 -3.104926770698e-01 2.494383428865e+00
15 6 9.556403658440e-79 -3.953240206069e-21 -7.331711295646e-39 2.089388418180e-40 -1.375021820023e-01 2.993260114638e+00
15 7 4.809993421656e-70 -4.401813076897e-19 1.418980384200e-34 1.293090563324e-34 2.976226060469e-01 3.492136800411e+00
15 8 0.000000000000e+00 -1.528827278273e-17 0.000000000000e+00 0.000000000000e+00 1.978203402868e-01 3.991013486184e+00
15 9 0.000000000000e+00 -7.662346353677e-16 0.000000000000e+00 0.000000000000e+00 -2.715821205776e-01 4.489890171957e+00
15 10 0.000000000000e+00 -1.459727491439e-14 0.000000000000e+00 0.000000000000e+00 -2.739281535905e-01 4.988766857730e+00
15 11 0.000000000000e+00 -4.893252504433e-13 0.000000000000e+00 0.000000000000e+00 2.162788327375e-01 5.487643543503e+00
15 12 0.000000000000e+00 -6.489912339466e-12 0.000000000000e+00 0.000000000000e+00 3.747074621141e-01 5.986520229275e+00
15 13 1.621643593227e-10 -1.825723863477e-10 -5.299313964159e-06 2.069482986529e-04 -8.189169534073e-02 6.485396915048e+00
15 14 5.166095541644e-08 -1.697138474907e-09 1.490088309556e-03 -3.689637320873e-03 -5.035811173708e-01 6.984273600821e+00
15 15 2.121531465829e-05 -5.281105415987e-08 4.940450008518e-02 7.087773570025e-02 -4.016577232974e-01 7.483150286594e+00
16 1 1.431652116625e-132 -3.700323804303e-46 8.870027424539e-67 -1.204975845249e-66 -1.961473765487e-02 4.988766857730e-01
16 2 1.500949998711e-119 -7.111693068583e-37 9.281614384247e-60 -2.781336496849e-60 3.183569428666e-01 9.977533715459e-01
16 3 1.382757614366e-110 -8.362249265727e-32 2.012760320671e-55 3.925472507602e-55 5.991331028498e-02 1.496630057319e+00
16 4 3.289670817500e-102 -5.201682852504e-28 -9.052501930519e-51 5.996466932733e-52 -3.147611857845e-01 1.995506743092e+00
16 5 1.285043031466e-94 -2.427255329220e-25 5.470721657136e-47 -4.506465980014e-47 -1.035624617448e-01 2.494383428865e+00
16 6 1.929987692531e-86 -7.171863799887e-23 -7.483190176727e-43 7.256050065300e-43 3.071739977681e-01 2.993260114638e+00
16 7 1.849935952418e-78 -4.996071121861e-21 1.146446478816e-38 -3.211656683699e-39 1.533227619458e-01 3.492136800411e+00
16 8 1.857716101888e-69 -4.188658849198e-19 -2.723162800884e-34 -3.343106747075e-34 -2.924340319986e-01 3.991013486184e+00
16 9 0.000000000000e+00 -1.187536662960e-17 0.000000000000e+00 0.000000000000e+00 -2.129272081893e-01 4.489890171957e+00
16 10 0.000000000000e+00 -5.301237367201e-16 0.000000000000e+00 0.000000000000e+00 2.637435594167e-01 4.988766857730e+00
16 11 0.000000000000e+00 -9.126973238717e-15 0.000000000000e+00 0.000000000000e+00 2.878219761799e-01 5.487643543503e+00
16 12 0.000000000000e+00 -2.926052032143e-13 0.000000000000e+00 0.000000000000e+00 -2.047274313079e-01 5.986520229275e+00
16 13 0.000000000000e+00 -3.648347859295e-12 0.000000000000e+00 0.000000000000e+00 -3.855978198219e-01 6.485396915048e+00
16 14 2.038859834053e-10 -1.017745398605e-10 -2.380334003060e-04 7.635434262967e-05 6.577936981173e-02 6.984273600821e+00
16 15 4.408409671097e-08 -8.992885425209e-10 3.881744921775e-03 -6.653820220606e-04 5.059567679842e-01 7.483150286594e+00
16 16 1.644939682546e-05 -2.889759050013e-08 -2.488767144135e-02 7.723736548326e-02 4.153741894524e-01 7.982026972367e+00
17 1 4.271217937794e-141 -2.570064078320e-49 4.407478192419e-71 -6.882234160014e-71 3.190609707630e-01 4.988766857730e-01
17 2 5.112674503269e-128 -8.805528227803e-40 5.130892407426e-64 -2.377739635700e-64 3.714959552996e-02 9.977533715459e-01
17 3 2.595317165474e-118 -4.321079807562e-34 3.937176066795e-59 4.585237439602e-59 -3.171052976756e-01 1.496630057319e+00
17 4 2.612581349924e-110 -2.238225862071e-30 -7.396790400475e-55 3.264065118020e-55 -7.610554634342e-02 1.995506743092e+00
17 5 3.324168764880e-102 -3.038502422524e-27 4.374576515065e-51 -1.052696502904e-50 3.124981631923e-01 2.494383428865e+00
17 6 1.356675156864e-94 -5.969588240694e-25 -1.196312373979e-47 8.656944168111e-47 1.188914546044e-01 2.993260114638e+00
17 7 2.977178193569e-86 -1.058257124810e-22 6.025482642686e-43 -1.384974988688e-42 -3.035882058508e-01 3.492136800411e+00
17 8 5.109740993474e-78 -5.246316140204e-21 -2.158202325558e-38 6.752623933291e-39 -1.680302975167e-01 3.991013486184e+00
17 9 0.000000000000e+00 -3.570215721897e-19 0.000000000000e+00 0.000000000000e+00 2.870291409487e-01 4.489890171957e+00
17 10 0.000000000000e+00 -8.638034569153e-18 0.000000000000e+00 0.000000000000e+00 2.269642884943e-01 4.988766857730e+00
17 11 0.000000000000e+00 -3.525001999530e-16 0.000000000000e+00 0.000000000000e+00 -2.558114226612e-01 5.487643543503e+00
17 12 0.000000000000e+00 -5.576916223498e-15 0.000000000000e+00 0.000000000000e+00 -3.006329513063e-01 5.986520229275e+00
17 13 0.000000000000e+00 -1.726537054888e-13 0.000000000000e+00 0.000000000000e+00 1.933421388591e-01 6.485396915048e+00
17 14 0.000000000000e+00 -2.038185808242e-12 0.000000000000e+00 0.000000000000e+00 3.954427254925e-01 6.984273600821e+00
17 15 2.366358176491e-10 -5.659402241009e-11 -1.821419226553e-04 -2.237922132501e-04 -5.032016187067e-02 7.483150286594e+00
17 16 3.712839934132e-08 -4.770855345005e-10 2.563466500494e-03 2.879556361968e-03 -5.078365418093e-01 7.982026972367e+00
17 17 1.277817597637e-05 -1.583620727614e-08 -7.188575166036e-02 2.464114703876e-02 -4.284228384426e-01 8.480903658140e+00
18 1 3.801718732129e-150 -8.127092280398e-53 1.187176225090e-75 -2.129679808197e-75 1.744269741233e-02 4.988766857730e-01
18 2 4.826903505712e-136 -1.970595544220e-42 4.635061239964e-68 -2.951002651842e-68 -3.183498118707e-01 9.977533715459e-01
18 3 1.495796863430e-126 -1.011180574273e-36 3.673768195216e-63 2.748608392946e-63 -5.307762903947e-02 1.496630057319e+00
18 4 6.186883747547e-118 -1.761024012659e-32 -9.215177201861e-59 8.359184825909e-59 3.155744948610e-01 1.995506743092e+00
18 5 2.804518120162e-110 -1.728355980805e-29 -5.466984728898e-56 -1.045657636588e-54 9.103920941374e-02 2.494383428865e+00
18 6 3.268910805013e-102 -9.262443845782e-27 6.035529005176e-51 1.214887995134e-50 -3.099820303857e-01 2.993260114638e+00
18 7 1.757406899815e-94 -1.018403569644e-24 -4.321608628538e-47 -1.076951643883e-46 -1.331595740297e-01 3.492136800411e+00
18 8 6.272179578427e-86 -1.258655084050e-22 -5.639469201723e-43 2.441136253386e-42 2.997723221731e-01 3.991013486184e+00
18 9 2.023565762531e-77 -4.836523704200e-21 5.016714316494e-38 -6.809985770238e-39 1.817690463598e-01 4.489890171957e+00
18 10 0.000000000000e+00 -2.808360368604e-19 0.000000000000e+00 0.000000000000e+00 -2.814484648922e-01 4.988766857730e+00
18 11 0.000000000000e+00 -5.981284678132e-18 0.000000000000e+00 0.000000000000e+00 -2.400523323126e-01 5.487643543503e+00
18 12 0.000000000000e+00 -2.273505895981e-16 0.000000000000e+00 0.000000000000e+00 2.478238930557e-01 5.986520229275e+00
18 13 0.000000000000e+00 -3.346972844068e-15 0.000000000000e+00 0.000000000000e+00 3.124795641870e-01 6.485396915048e+00
18 14 0.000000000000e+00 -1.008020051062e-13 0.000000000000e+00 0.000000000000e+00 -1.821419125683e-01 6.984273600821e+00
18 15 0.000000000000e+00 -1.133045802312e-12 0.000000000000e+00 0.000000000000e+00 -4.043678556078e-01 7.483150286594e+00
18 16 0.000000000000e+00 -3.140908820212e-11 0.000000000000e+00 0.000000000000e+00 3.547464858061e-02 7.982026972367e+00
18 17 3.094219470792e-08 -2.533906116857e-10 -1.043171513168e-03 3.590998813219e-03 5.092971351726e-01 8.480903658140e+00
18 18 9.942624232654e-06 -8.688767284445e-09 -5.834543926713e-02 -4.041383390883e-02 4.408637178811e-01 8.979780343913e+00
19 1 9.144800468940e-159 -4.743730554451e-56 5.213545552872e-80 -1.076198953303e-79 -3.189137727327e-01 4.988766857730e-01
19 2 1.395200572311e-144 -1.983659836180e-45 2.274974658178e-72 -1.884528866932e-72 -3.321690149911e-02 9.977533715459e-01
19 3 2.427305972189e-134 -4.361260540557e-39 5.291698017504e-67 2.481763075612e-67 3.173576550703e-01 1.496630057319e+00
19 4 4.647905090751e-126 -6.243060436505e-35 -5.508439041056e-63 9.270782441517e-63 6.772257137995e-02 1.995506743092e+00
19 5 7.257018019380e-118 -1.837615236103e-31 -7.506495512741e-59 -1.507832537181e-58 -3.138042570563e-01 2.494383428865e+00
19 6 2.671423999122e-110 -6.484449862787e-29 1.036755901681e-54 6.549898857138e-55 -1.049275928806e-01 2.993260114638e+00
19 7 3.709634977595e-102 -1.869318419137e-26 -1.498606313797e-50 -7.724207153540e-51 3.072435993625e-01 3.492136800411e+00
19 8 2.971012268009e-94 -1.357857521387e-24 1.109786836592e-46 1.319755718571e-46 1.465150598744e-01 3.991013486184e+00
19 9 1.831633437969e-85 -1.285822260822e-22 1.116206912867e-42 -4.685529076761e-42 -2.957587839620e-01 4.489890171957e+00
19 10 0.000000000000e+00 -4.054235819019e-21 0.000000000000e+00 0.000000000000e+00 -1.946524684989e-01 4.988766857730e+00
19 11 0.000000000000e+00 -2.079683263718e-19 0.000000000000e+00 0.000000000000e+00 2.757267190695e-01 5.487643543503e+00
19 12 0.000000000000e+00 -3.987657719177e-18 0.000000000000e+00 0.000000000000e+00 2.522908336736e-01 5.986520229275e+00
19 13 0.000000000000e+00 -1.431633226756e-16 0.000000000000e+00 0.000000000000e+00 -2.398121103887e-01 6.485396915048e+00
19 14 0.000000000000e+00 -1.980128985680e-15 0.000000000000e+00 0.000000000000e+00 -3.234620380804e-01 6.984273600821e+00
19 15 0.000000000000e+00 -5.835126806604e-14 0.000000000000e+00 0.000000000000e+00 1.711398021985e-01 7.483150286594e+00
19 16 0.000000000000e+00 -6.273851483125e-13 0.000000000000e+00 0.000000000000e+00 4.124794059848e-01 7.982026972367e+00
19 17 2.695258276978e-10 -1.740456024160e-11 3.483498105647e-04 2.138320523163e-05 -2.120577912759e-02 8.480903658140e+00
19 18 2.556602940351e-08 -1.347286572708e-10 -3.458561807929e-03 9.957288409774e-04 -5.104015914949e-01 8.979780343913e+00
19 19 7.747422923240e-06 -4.771720336573e-09 -1.509200340887e-03 -6.611534345769e-02 -4.527493695837e-01 9.478657029686e+00
20 1 6.772720772195e-168 -1.248921173898e-59 1.257627302363e-84 -3.001531341178e-84 -1.570754041093e-02 4.988766857730e-01
20 2 1.097814173009e-152 -3.719501940762e-48 1.808457902554e-76 -1.896389009012e-76 3.183438463923e-01 9.977533715459e-01
20 3 1.237552711366e-142 -8.417341585619e-42 4.046258761371e-71 1.022133028290e-71 4.766880525236e-02 1.496630057319e+00
20 4 1.001976616210e-133 -4.157945379880e-37 -4.054850172188e-67 1.530529780720e-66 -3.161323081585e-01 1.995506743092e+00
20 5 6.144562847516e-126 -8.757064415540e-34 -1.155697552774e-62 -1.032713643766e-62 -8.131414957108e-02 2.494383428865e+00
20 6 6.897438592512e-118 -8.660032001259e-31 1.966699345691e-58 1.224641561134e-59 3.118239324923e-01 2.993260114638e+00
20 7 2.756714397514e-110 -1.536533753396e-28 -1.431385488598e-54 2.518501309334e-55 1.179278467123e-01 3.492136800411e+00
20 8 5.255941657258e-102 -2.854351842950e-26 2.291769539693e-50 8.902937622683e-52 -3.043092995791e-01 3.991013486184e+00
20 9 6.724537662844e-94 -1.520872052361e-24 -2.159389836257e-46 -1.963305064123e-46 -1.590721083131e-01 4.489890171957e+00
20 10 0.000000000000e+00 -1.175121221887e-22 0.000000000000e+00 0.000000000000e+00 2.915761219302e-01 4.988766857730e+00
20 11 0.000000000000e+00 -3.163565662002e-21 0.000000000000e+00 0.000000000000e+00 2.067721636078e-01 5.487643543503e+00
20 12 0.000000000000e+00 -1.470020467989e-19 0.000000000000e+00 0.000000000000e+00 -2.698936059119e-01 5.986520229275e+00
20 13 0.000000000000e+00 -2.580522676931e-18 0.000000000000e+00 0.000000000000e+00 -2.637632703840e-01 6.485396915048e+00
20 14 0.000000000000e+00 -8.844046278429e-17 0.000000000000e+00 0.000000000000e+00 2.318014585656e-01 6.984273600821e+00
20 15 0.000000000000e+00 -1.158002347075e-15 0.000000000000e+00 0.000000000000e+00 3.336661204469e-01 7.483150286594e+00
20 16 0.000000000000e+00 -3.354252978126e-14 0.000000000000e+00 0.000000000000e+00 -1.603443473996e-01 7.982026972367e+00
20 17 0.000000000000e+00 -3.462832532135e-13 0.000000000000e+00 0.000000000000e+00 -4.198678676330e-01 8.480903658140e+00
20 18 2.707123594711e-10 -9.632142590921e-12 1.380971377134e-04 3.436373431435e-04 7.478898334443e-03 8.979780343913e+00
20 19 2.097475883313e-08 -7.171023843661e-11 -2.574158880536e-03 -2.283466127351e-03 5.112021377047e-01 9.478657029686e+00
20 20 6.044515803446e-06 -2.622501107757e-09 4.909548317491e-02 -3.701984793009e-02 4.641260228392e-01 9.977533715459e+00
21 1 1.340036052059e-176 -6.246958981184e-63 4.899965713175e-89 -1.362123244756e-88 3.188060275008e-01 4.988766857730e-01
21 2 2.713969471744e-161 -3.107273484420e-51 7.892769621133e-81 -1.036641562429e-80 3.004598173112e-02 9.977533715459e-01
21 3 1.737769222542e-150 -3.073216550319e-44 4.933970928493e-75 3.358602177391e-76 -3.175372397048e-01 1.496630057319e+00
21 4 6.958835086634e-142 -1.233820275074e-39 8.288823994041e-74 1.319505852603e-70 -6.104445212009e-02 1.995506743092e+00
21 5 1.524630937273e-133 -7.982732186637e-36 -2.270509963310e-66 -8.972872157781e-67 3.147060073766e-01 2.494383428865e+00
21 6 6.001088582106e-126 -5.154629472570e-33 1.691652844980e-62 -7.187596289667e-63 9.402064458073e-02 2.993260114638e+00
21 7 6.674065237405e-118 -2.455568129153e-30 -1.623292067540e-58 1.574429965802e-58 -3.096570340077e-01 3.492136800411e+00
21 8 3.392685739687e-110 -2.665671197276e-28 1.386682944475e-54 -1.213467013912e-54 -1.301593222161e-01 3.991013486184e+00
21 9 9.640486397848e-102 -3.576091952609e-26 -3.410647281752e-50 7.605639733656e-51 3.012023550463e-01 4.489890171957e+00
21 10 2.054359538509e-93 -1.498873084734e-24 4.049286918803e-46 3.965885278178e-46 1.709211206387e-01 4.988766857730e+00
21 11 0.000000000000e+00 -9.873383242516e-23 0.000000000000e+00 0.000000000000e+00 -2.872494532620e-01 5.487643543503e+00
21 12 0.000000000000e+00 -2.335722637990e-21 0.000000000000e+00 0.000000000000e+00 -2.182036995552e-01 5.986520229275e+00
21 13 0.000000000000e+00 -1.001666710910e-19 0.000000000000e+00 0.000000000000e+00 2.639745292723e-01 6.485396915048e+00
21 14 0.000000000000e+00 -1.630603420027e-18 0.000000000000e+00 0.000000000000e+00 2.745407248115e-01 6.984273600821e+00
21 15 0.000000000000e+00 -5.379192885148e-17 0.000000000000e+00 0.000000000000e+00 -2.238126114583e-01 7.483150286594e+00
21 16 0.000000000000e+00 -6.708250658792e-16 0.000000000000e+00 0.000000000000e+00 -3.431658744744e-01 7.982026972367e+00
21 17 0.000000000000e+00 -1.917033613862e-14 0.000000000000e+00 0.000000000000e+00 1.497606387784e-01 8.480903658140e+00
21 18 0.000000000000e+00 -1.906312139278e-13 0.000000000000e+00 0.000000000000e+00 4.266109165343e-01 8.979780343913e+00
21 19 2.638439406822e-10 -5.325182836776e-12 -2.573312494528e-04 2.876174626957e-04 5.738305519616e-03 9.478657029686e+00
21 20 1.710667121008e-08 -3.820588391566e-11 5.191221340739e-04 -3.229660896579e-03 -5.117423433081e-01 9.977533715459e+00
21 21 4.721158893827e-06 -1.442153029185e-09 5.440648627379e-02 1.719600441545e-02 -4.750345554806e-01 1.047641040123e+01
22 1 8.377080919931e-186 -1.399096874448e-66 1.056942568765e-93 -3.461574991490e-93 1.428867867404e-02 4.988766857730e-01
22 2 1.802046326764e-169 -4.957129340051e-54 5.511080862132e-85 -9.074454053852e-85 -3.183389620617e-01 9.977533715459e-01
22 3 7.824281399214e-159 -4.974787230559e-47 3.301288447512e-79 -3.364020392638e-80 -4.327652278527e-02 1.496630057319e+00
22 4 1.350377699655e-149 -7.035239380794e-42 4.446114345594e-75 1.783523930556e-74 3.165326575034e-01 1.995506743092e+00
22 5 1.248347936719e-141 -3.227912222861e-38 -2.206783292412e-70 -1.017647515926e-71 7.352387226648e-02 2.494383428865e+00
22 6 1.564652273973e-133 -5.969439044528e-35 1.996798483150e-66 -2.195674102855e-66 -3.131024448975e-01 2.993260114638e+00
22 7 5.599297294080e-126 -1.738504784750e-32 -5.118490349521e-63 2.007085420012e-62 -1.059688389374e-01 3.492136800411e+00
22 8 7.363197779643e-118 -4.927215039420e-30 4.272858489132e-59 -2.680764359052e-58 3.073234444968e-01 3.991013486184e+00
22 9 5.220946455173e-110 -3.704858371105e-28 -1.192056165053e-54 2.278603273383e-54 1.417151021881e-01 4.489890171957e+00
22 10 2.324134147468e-101 -3.873233617377e-26 5.737104437329e-50 -1.851808208764e-50 -2.979434116876e-01 4.988766857730e+00
22 11 0.000000000000e+00 -1.340948364212e-24 0.000000000000e+00 0.000000000000e+00 -1.821353456500e-01 5.487643543503e+00
22 12 0.000000000000e+00 -7.773016159444e-23 0.000000000000e+00 0.000000000000e+00 2.828008897619e-01 5.986520229275e+00
22 13 0.000000000000e+00 -1.650905103114e-21 0.000000000000e+00 0.000000000000e+00 2.290105491525e-01 6.485396915048e+00
22 14 0.000000000000e+00 -6.627531287085e-20 0.000000000000e+00 0.000000000000e+00 -2.579912175037e-01 6.984273600821e+00
22 15 0.000000000000e+00 -1.010601474554e-18 0.000000000000e+00 0.000000000000e+00 -2.846844668131e-01 7.483150286594e+00
22 16 0.000000000000e+00 -3.230173749528e-17 0.000000000000e+00 0.000000000000e+00 2.158623803645e-01 7.982026972367e+00
22 17 0.000000000000e+00 -3.855661099221e-16 0.000000000000e+00 0.000000000000e+00 3.520257885273e-01 8.480903658140e+00
22 18 0.000000000000e+00 -1.090345179713e-14 0.000000000000e+00 0.000000000000e+00 -1.393911283314e-01 8.979780343913e+00
22 19 0.000000000000e+00 -1.047183082112e-13 0.000000000000e+00 0.000000000000e+00 -4.327756615695e-01 9.478657029686e+00
22 20 2.508808633536e-10 -2.941546309854e-12 -3.829963365384e-04 -1.011899777264e-04 -1.847589779433e-02 9.977533715459e+00
22 21 1.388280840278e-08 -2.037435154711e-11 2.840195051478e-03 -1.227617520647e-03 5.120587849270e-01 1.047641040123e+01
22 22 3.691156681926e-06 -7.934261841624e-10 1.604108366911e-02 5.036216194541e-02 4.855112769745e-01 1.097528708701e+01
23 1 1.386376109748e-194 -6.097491567486e-70 3.638799912993e-98 -1.426720651689e-97 -3.187247805174e-01 4.988766857730e-01
23 2 3.842389695708e-178 -3.496779376118e-57 2.114669819376e-89 -4.422924566880e-89 -2.743318413169e-02 9.977533715459e-01
23 3 9.546502200616e-167 -1.556918256834e-49 3.540481466536e-83 -9.489296310883e-84 3.176698280263e-01 1.496630057319e+00
23 4 8.570705111178e-158 -1.771728306027e-44 6.687777048382e-79 1.302736228470e-78 5.559062170210e-02 1.995506743092e+00
23 5 2.902474186283e-149 -2.546147777735e-40 -3.252009197153e-74 8.782192863804e-75 -3.153566922984e-01 2.494383428865e+00
23 6 1.377294970736e-141 -3.052223627797e-37 9.153756550700e-71 -2.629743511784e-70 -8.524224480256e-02 2.993260114638e+00
23 7 1.440894201722e-133 -2.433325750530e-34 8.599861916278e-67 3.209527862699e-66 3.113403396168e-01 3.492136800411e+00
23 8 5.687927098953e-126 -4.009047725593e-32 -1.107424216084e-62 -2.113309124681e-62 1.172566654873e-01 3.991013486184e+00
23 9 9.818380609317e-118 -7.725846646367e-30 1.086341489503e-58 3.355020349810e-58 -3.048405380670e-01 4.489890171957e+00
23 10 1.027541803757e-109 -4.372279655526e-28 1.081315005654e-54 -3.859909902418e-54 -1.526694893176e-01 4.988766857730e+00
23 11 0.000000000000e+00 -3.756712130847e-26 0.000000000000e+00 0.000000000000e+00 2.945509220957e-01 5.487643543503e+00
23 12 0.000000000000e+00 -1.112986162997e-24 0.000000000000e+00 0.000000000000e+00 1.927753249273e-01 5.986520229275e+00
23 13 0.000000000000e+00 -5.812841412765e-23 0.000000000000e+00 0.000000000000e+00 -2.782498946316e-01 6.485396915048e+00
23 14 0.000000000000e+00 -1.126727823522e-21 0.000000000000e+00 0.000000000000e+00 -2.392468329075e-01 6.984273600821e+00
23 15 0.000000000000e+00 -4.281356431580e-20 0.000000000000e+00 0.000000000000e+00 2.519622600782e-01 7.483150286594e+00
23 16 0.000000000000e+00 -6.164354779603e-19 0.000000000000e+00 0.000000000000e+00 2.942478484214e-01 7.982026972367e+00
23 17 0.000000000000e+00 -1.919144846382e-17 0.000000000000e+00 0.000000000000e+00 -2.079644008448e-01 8.480903658140e+00
23 18 0.000000000000e+00 -2.201579598075e-16 0.000000000000e+00 0.000000000000e+00 -3.603024037380e-01 8.979780343913e+00
23 19 0.000000000000e+00 -6.176277755335e-15 0.000000000000e+00 0.000000000000e+00 1.292362518760e-01 9.478657029686e+00
23 20 0.000000000000e+00 -5.742187488507e-14 0.000000000000e+00 0.000000000000e+00 4.384204179149e-01 9.977533715459e+00
23 21 0.000000000000e+00 -1.623707295674e-12 0.000000000000e+00 0.000000000000e+00 3.076181939519e-02 1.047641040123e+01
23 22 1.121918330587e-08 -1.087474720594e-11 2.413846353571e-03 1.632366530783e-03 -5.121823441883e-01 1.097528708701e+01
23 23 2.888381984001e-06 -4.366731220305e-10 -2.964337325359e-02 3.886647519720e-02 -4.955885727829e-01 1.147416377278e+01
24 1 7.407394521549e-204 -1.182859509527e-73 6.933404903455e-103 -3.332051094201e-102 -1.310638350880e-02 4.988766857730e-01
24 2 2.177694621948e-186 -4.809917003712e-60 1.269114281707e-93 -3.465659573779e-93 3.183349752652e-01 9.977533715459e-01
24 3 3.802208724786e-175 -2.144457227673e-52 2.117660983765e-87 -9.309310860528e-88 3.963555793302e-02 1.496630057319e+00
24 4 1.490694144260e-165 -8.739088659041e-47 1.231797340793e-82 1.487408200899e-82 -3.168303393198e-01 1.995506743092e+00
24 5 2.249733043677e-157 -8.836666525024e-43 -2.519003439662e-78 1.565136029852e-78 -6.713201045433e-02 2.494383428865e+00
24 6 3.503023654717e-149 -3.088255452992e-39 -1.905733413709e-75 -4.436654864541e-74 3.140289356666e-01 2.993260114638e+00
24 7 1.279404665795e-141 -1.496265247787e-36 2.110421331873e-70 2.312871964554e-70 9.630345083826e-02 3.492136800411e+00
24 8 1.380425920231e-133 -6.547114711440e-34 -3.272941068924e-66 -1.761569296789e-66 -3.094353068776e-01 3.991013486184e+00
24 9 6.743481836294e-126 -7.044722224499e-32 2.530025716733e-62 1.463043559033e-62 -1.279614740276e-01 4.489890171957e+00
24 10 1.630417044902e-117 -1.009497799961e-29 -2.962001612598e-58 -4.089270365258e-58 3.022237844870e-01 4.988766857730e+00
24 11 2.610714430563e-109 -4.557298346863e-28 -1.497689163075e-54 6.866958278562e-54 1.630830139494e-01 5.487643543503e+00
24 12 0.000000000000e+00 -3.344452673386e-26 0.000000000000e+00 0.000000000000e+00 -2.910414177072e-01 5.986520229275e+00
24 13 0.000000000000e+00 -8.705750229165e-25 0.000000000000e+00 0.000000000000e+00 -2.028919543515e-01 6.485396915048e+00
24 14 0.000000000000e+00 -4.171001342570e-23 0.000000000000e+00 0.000000000000e+00 2.736135992544e-01 6.984273600821e+00
24 15 0.000000000000e+00 -7.473557020003e-22 0.000000000000e+00 0.000000000000e+00 2.489592834660e-01 7.483150286594e+00
24 16 0.000000000000e+00 -2.711633327490e-20 0.000000000000e+00 0.000000000000e+00 -2.459035660287e-01 7.982026972367e+00
24 17 0.000000000000e+00 -3.710462267540e-19 0.000000000000e+00 0.000000000000e+00 -3.032777277868e-01 8.480903658140e+00
24 18 0.000000000000e+00 -1.130049995246e-17 0.000000000000e+00 0.000000000000e+00 2.001296903997e-01 8.979780343913e+00
24 19 0.000000000000e+00 -1.250144065264e-16 0.000000000000e+00 0.000000000000e+00 3.680455924435e-01 9.478657029686e+00
24 20 0.000000000000e+00 -3.486443556075e-15 0.000000000000e+00 0.000000000000e+00 -1.192949095259e-01 9.977533715459e+00
24 21 0.000000000000e+00 -3.144033371843e-14 0.000000000000e+00 0.000000000000e+00 -4.435961233206e-01 1.047641040123e+01
24 22 0.000000000000e+00 -8.957349501171e-13 0.000000000000e+00 0.000000000000e+00 -4.262202043336e-02 1.097528708701e+01
24 23 9.034102396659e-09 -5.809179621842e-12 -7.032536899991e-05 2.732811842022e-03 5.121392300473e-01 1.147416377278e+01
24 24 2.261949910693e-06 -2.403947072487e-10 -4.509378656941e-02 -1.982188813222e-03 5.052954390996e-01 1.197304045855e+01
25 1 1.040058990678e-212 -4.556360278220e-77 2.063681145805e-107 -1.258491384646e-106 3.186619947799e-01 4.988766857730e-01
25 2 4.037969674873e-195 -2.907530882786e-63 4.090751624994e-98 -1.535708798330e-97 2.524199205086e-02 9.977533715459e-01
25 3 4.053235656120e-183 -5.816983060091e-55 2.024809889659e-91 -1.266709842052e-91 -3.177706395319e-01 1.496630057319e+00
25 4 8.600517145149e-174 -1.890515783427e-49 1.147298032159e-86 9.140850496281e-87 -5.104775215699e-02 1.995506743092e+00
25 5 4.839976643551e-165 -6.083669272472e-45 -2.929070541842e-82 3.215864468617e-82 3.158427144520e-01 2.494383428865e+00
25 6 3.024906937420e-157 -1.369386689158e-41 -1.603340994200e-78 -3.802363818393e-78 7.801093324281e-02 2.993260114638e+00
25 7 3.342772002862e-149 -1.845647660816e-38 4.693682328513e-74 1.892843806676e-74 -3.125647532344e-01 3.492136800411e+00
25 8 1.180280015458e-141 -4.672536249245e-36 -3.430489880216e-70 2.096506063822e-71 -1.067890029525e-01 3.991013486184e+00
25 9 1.491309468172e-133 -1.307962361326e-33 4.293827776161e-66 -6.726684905734e-67 3.074008687599e-01 4.489890171957e+00
25 10 9.687297779264e-126 -1.012119164798e-31 -3.866428475387e-62 -4.463256463592e-63 1.381455813892e-01 4.988766857730e+00
25 11 3.420749877076e-117 -1.148183881667e-29 5.737471501987e-58 5.639730263836e-58 -2.994871015151e-01 5.487643543503e+00
25 12 0.000000000000e+00 -4.312814897941e-28 0.000000000000e+00 0.000000000000e+00 -1.730058722171e-01 5.986520229275e+00
25 13 0.000000000000e+00 -2.781991424401e-26 0.000000000000e+00 0.000000000000e+00 2.874297239749e-01 6.485396915048e+00
25 14 0.000000000000e+00 -6.492189536033e-25 0.000000000000e+00 0.000000000000e+00 2.125286478995e-01 6.984273600821e+00
25 15 0.000000000000e+00 -2.893651776649e-23 0.000000000000e+00 0.000000000000e+00 -2.689070846839e-01 7.483150286594e+00
25 16 0.000000000000e+00 -4.841811647071e-22 0.000000000000e+00 0.000000000000e+00 -2.581886876326e-01 7.982026972367e+00
25 17 0.000000000000e+00 -1.689347219990e-20 0.000000000000e+00 0.000000000000e+00 2.398287537146e-01 8.480903658140e+00
25 18 0.000000000000e+00 -2.208591211046e-19 0.000000000000e+00 0.000000000000e+00 3.118155623026e-01 8.979780343913e+00
25 19 0.000000000000e+00 -6.603646581767e-18 0.000000000000e+00 0.000000000000e+00 -1.923671025541e-01 9.478657029686e+00
25 20 0.000000000000e+00 -7.065367047510e-17 0.000000000000e+00 0.000000000000e+00 -3.752995779278e-01 9.977533715459e+00
25 21 0.000000000000e+00 -1.962216208862e-15 0.000000000000e+00 0.000000000000e+00 1.095648382473e-01 1.047641040123e+01
25 22 0.000000000000e+00 -1.719319773489e-14 0.000000000000e+00 0.000000000000e+00 4.483474814330e-01 1.097528708701e+01
25 23 0.000000000000e+00 -4.938900219895e-13 0.000000000000e+00 0.000000000000e+00 5.408059726533e-02 1.147416377278e+01
25 24 7.252177723716e-09 -3.105634232520e-12 -2.187292443186e-03 1.322088383141e-03 -5.119517914709e-01 1.197304045855e+01
25 25 1.772600649965e-06 -1.323678256324e-10 -2.213949469505e-02 -3.524597573109e-02 -5.146579299351e-01 1.247191714432e+01
26 1 4.801588569381e-222 -7.774379794599e-81 3.324911843728e-112 -2.719910993485e-111 1.210576326498e-02 4.988766857730e-01
26 2 1.973700477908e-203 -3.488760621204e-66 1.919588186891e-102 -1.094394130826e-101 -3.183317076483e-01 9.977533715459e-01
26 3 1.432782252789e-191 -6.902786389595e-58 1.088564670247e-95 -9.118574821510e-96 -3.656638564283e-02 1.496630057319e+00
26 4 1.339985355677e-181 -8.142406118318e-52 1.627014696927e-90 8.399157886544e-91 3.170580487730e-01 1.995506743092e+00
26 5 3.507946072814e-173 -1.830784200305e-47 -1.699636824726e-86 3.290148720489e-86 6.178635375060e-02 2.494383428865e+00
26 6 7.350915298202e-165 -1.219348529170e-43 -4.315563210608e-82 -4.770512871188e-82 -3.147234343951e-01 2.993260114638e+00
26 7 3.017326265877e-157 -9.935129479976e-41 4.804765907158e-78 -1.845392348458e-79 -8.831360790429e-02 3.492136800411e+00
26 8 3.026026685330e-149 -6.776860412826e-38 -4.601270840045e-74 3.018726457366e-74 3.109768283092e-01 3.991013486184e+00
26 9 1.185320814223e-141 -1.055396302344e-35 2.729236368551e-70 -2.750445587569e-70 1.167640780817e-01 4.489890171957e+00
26 10 1.900369882729e-133 -2.094767395146e-33 -4.330932399501e-66 3.310587205897e-66 -3.052490204926e-01 4.988766857730e+00
26 11 1.719846521616e-125 -1.247194045374e-31 5.639614817747e-62 -8.582120934450e-63 -1.478600890402e-01 5.487643543503e+00
26 12 0.000000000000e+00 -1.172130195206e-29 0.000000000000e+00 0.000000000000e+00 2.966430808485e-01 5.986520229275e+00
26 13 0.000000000000e+00 -3.780390019159e-28 0.000000000000e+00 0.000000000000e+00 1.824803435401e-01 6.485396915048e+00
26 14 0.000000000000e+00 -2.190897802527e-26 0.000000000000e+00 0.000000000000e+00 -2.837291426404e-01 6.984273600821e+00
26 15 0.000000000000e+00 -4.656321707054e-25 0.000000000000e+00 0.000000000000e+00 -2.217229030865e-01 7.483150286594e+00
26 16 0.000000000000e+00 -1.952286664045e-23 0.000000000000e+00 0.000000000000e+00 2.641436307173e-01 7.982026972367e+00
26 17 0.000000000000e+00 -3.075722168168e-22 0.000000000000e+00 0.000000000000e+00 2.669709684795e-01 8.480903658140e+00
26 18 0.000000000000e+00 -1.037929569645e-20 0.000000000000e+00 0.000000000000e+00 -2.337494814350e-01 8.979780343913e+00
26 19 0.000000000000e+00 -1.302212521263e-19 0.000000000000e+00 0.000000000000e+00 -3.198982635146e-01 9.478657029686e+00
26 20 0.000000000000e+00 -3.833916340096e-18 0.000000000000e+00 0.000000000000e+00 1.846836978202e-01 9.977533715459e+00
26 21 0.000000000000e+00 -3.976961427294e-17 0.000000000000e+00 0.000000000000e+00 3.821037587378e-01 1.047641040123e+01
26 22 0.000000000000e+00 -1.101530563205e-15 0.000000000000e+00 0.000000000000e+00 -1.000429018396e-01 1.097528708701e+01
26 23 0.000000000000e+00 -9.392293493052e-15 0.000000000000e+00 0.000000000000e+00 -4.527138936306e-01 1.147416377278e+01
26 24 0.000000000000e+00 -2.722022439980e-13 0.000000000000e+00 0.000000000000e+00 -6.515992765124e-02 1.197304045855e+01
26 25 5.806220152175e-09 -1.661523514612e-12 -2.137381285644e-03 -1.051789270401e-03 5.116391688792e-01 1.247191714432e+01
26 26 1.389972918733e-06 -7.289624153640e-11 1.519926174333e-02 -3.518966264696e-02 5.236995334055e-01 1.297079383010e+01
27 1 5.789866103908e-231 -2.679893794778e-84 7.830344625664e-117 -9.482914746218e-116 -3.186124674784e-01 4.988766857730e-01
27 2 3.207331135960e-212 -1.830321590209e-69 4.048391508120e-107 -4.460707749135e-106 -2.337731980867e-02 9.977533715459e-01
27 3 1.342481326499e-199 -1.638950535791e-60 9.282608828525e-100 -1.013756321653e-99 3.178491560836e-01 1.496630057319e+00
27 4 7.015065760098e-190 -1.529231179043e-54 1.269739247046e-94 3.780575452542e-95 4.720220419561e-02 1.995506743092e+00
27 5 6.936815826137e-181 -1.108867586955e-49 -1.176675183330e-90 5.072867546295e-90 -3.162159637700e-01 2.494383428865e+00
27 6 6.108395381092e-173 -4.729599292929e-46 -5.099039929228e-86 -2.896018215495e-86 -7.194245031458e-02 2.993260114638e+00
27 7 7.777675082502e-165 -1.086645812468e-42 6.996050445506e-82 -3.263525547684e-82 3.134853955355e-01 3.492136800411e+00
27 8 2.725250418484e-157 -4.270229143746e-40 -2.509239893847e-78 4.580169891023e-78 9.810866448313e-02 3.991013486184e+00
27 9 2.880260013920e-149 -1.752283608938e-37 1.130420996985e-74 -5.933339254404e-74 -3.092760414688e-01 4.489890171957e+00
27 10 1.365917206056e-141 -1.873364976450e-35 -9.316023291014e-71 4.526764453552e-70 -1.262816863669e-01 4.988766857730e+00
27 11 2.928845141118e-133 -2.833713293932e-33 3.964345520563e-66 -6.300921323527e-66 3.029905630205e-01 5.487643543503e+00
27 12 3.809836079112e-125 -1.363385135062e-31 -8.895560427901e-62 2.580443507330e-62 1.571475674594e-01 5.986520229275e+00
27 13 0.000000000000e+00 -1.098098692960e-29 0.000000000000e+00 0.000000000000e+00 -2.937031484945e-01 6.485396915048e+00
27 14 0.000000000000e+00 -3.115026446341e-28 0.000000000000e+00 0.000000000000e+00 -1.915425277453e-01 6.984273600821e+00
27 15 0.000000000000e+00 -1.649878962730e-26 0.000000000000e+00 0.000000000000e+00 2.799516116381e-01 7.483150286594e+00
27 16 0.000000000000e+00 -3.233586520371e-25 0.000000000000e+00 0.000000000000e+00 2.305074578032e-01 7.982026972367e+00
27 17 0.000000000000e+00 -1.286812239369e-23 0.000000000000e+00 0.000000000000e+00 -2.593349352916e-01 8.480903658140e+00
27 18 0.000000000000e+00 -1.921678867800e-22 0.000000000000e+00 0.000000000000e+00 -2.753380135397e-01 8.979780343913e+00
27 19 0.000000000000e+00 -6.301996107797e-21 0.000000000000e+00 0.000000000000e+00 2.276757276697e-01 9.478657029686e+00
27 20 0.000000000000e+00 -7.615897369752e-20 0.000000000000e+00 0.000000000000e+00 3.275588767405e-01 9.977533715459e+00
27 21 0.000000000000e+00 -2.213420754181e-18 0.000000000000e+00 0.000000000000e+00 -1.770850478253e-01 1.047641040123e+01
27 22 0.000000000000e+00 -2.230753034676e-17 0.000000000000e+00 0.000000000000e+00 -3.884933828329e-01 1.097528708701e+01
27 23 0.000000000000e+00 -6.169905795623e-16 0.000000000000e+00 0.000000000000e+00 9.072531733970e-02 1.147416377278e+01
27 24 0.000000000000e+00 -5.126286630249e-15 0.000000000000e+00 0.000000000000e+00 4.567302250051e-01 1.197304045855e+01
27 25 0.000000000000e+00 -1.499649533200e-13 0.000000000000e+00 0.000000000000e+00 7.588080083526e-02 1.247191714432e+01
27 26 4.637808901194e-09 -8.895398295549e-13 -2.493035087896e-04 -2.200100146992e-03 -5.112178203328e-01 1.297079383010e+01
27 27 1.090538953581e-06 -4.014888766628e-11 3.460959923751e-02 -6.734868459242e-03 -5.324414903335e-01 1.346967051587e+01
28 1 2.331813334680e-240 -4.075250998806e-88 8.514524234042e-122 -1.907646373081e-120 -1.124775598973e-02 4.988766857730e-01
28 2 1.364628088418e-220 -1.935556164471e-72 3.141280177809e-112 -2.921427998654e-110 3.183290106382e-01 9.977533715459e-01
28 3 4.229156506512e-208 -1.693868511579e-63 4.449996633468e-104 -6.302180515642e-104 3.394291552780e-02 1.496630057319e+00
28 4 9.804836074083e-198 -5.799713985221e-57 1.556681724409e-98 1.729339125450e-99 -3.172363318053e-01 1.995506743092e+00
28 5 4.668642573908e-189 -2.919916127565e-52 4.012374953009e-96 4.271980931004e-94 -5.724532305218e-02 2.494383428865e+00
28 6 1.400533841119e-180 -3.731473791773e-48 -8.677549038922e-90 -1.882287714138e-90 3.152584284707e-01 2.993260114638e+00
28 7 6.953656373469e-173 -5.158408663174e-45 5.013155912504e-86 -5.305625632401e-86 8.158839339572e-02 3.492136800411e+00
28 8 7.116378774267e-165 -5.529168666705e-42 -3.360582675220e-83 8.432533046871e-82 -3.121391685108e-01 3.991013486184e+00
28 9 2.498053527795e-157 -1.258063938476e-39 -2.032367932954e-78 -5.245063183618e-78 -1.074516208604e-01 4.489890171957e+00
28 10 3.061505344813e-149 -3.488638490349e-37 3.108402619218e-74 6.181586260402e-74 3.074719849633e-01 4.988766857730e+00
28 11 1.861965640683e-141 -2.765447321769e-35 -1.394793501650e-70 -5.769351532404e-70 1.353856114513e-01 5.487643543503e+00
28 12 5.532948563266e-133 -3.359469419027e-33 -3.688763936554e-66 1.053487821139e-65 -3.006353100827e-01 5.986520229275e+00
28 13 0.000000000000e+00 -1.354924273440e-31 0.000000000000e+00 0.000000000000e+00 -1.660439819566e-01 6.485396915048e+00
28 14 0.000000000000e+00 -9.597758166910e-30 0.000000000000e+00 0.000000000000e+00 2.906776891888e-01 6.984273600821e+00
28 15 0.000000000000e+00 -2.440082479810e-28 0.000000000000e+00 0.000000000000e+00 2.002236183388e-01 7.483150286594e+00
28 16 0.000000000000e+00 -1.197239685246e-26 0.000000000000e+00 0.000000000000e+00 -2.761078475652e-01 7.982026972367e+00
28 17 0.000000000000e+00 -2.185759426133e-25 0.000000000000e+00 0.000000000000e+00 -2.389111618371e-01 8.480903658140e+00
28 18 0.000000000000e+00 -8.316363798371e-24 0.000000000000e+00 0.000000000000e+00 2.544913070041e-01 8.979780343913e+00
28 19 0.000000000000e+00 -1.183807313057e-22 0.000000000000e+00 0.000000000000e+00 2.833183199743e-01 9.478657029686e+00
28 20 0.000000000000e+00 -3.787739734472e-21 0.000000000000e+00 0.000000000000e+00 -2.216160287220e-01 9.977533715459e+00
28 21 0.000000000000e+00 -4.423021708444e-20 0.000000000000e+00 0.000000000000e+00 -3.348271291752e-01 1.047641040123e+01
28 22 0.000000000000e+00 -1.271657048235e-18 0.000000000000e+00 0.000000000000e+00 1.695754855426e-01 1.097528708701e+01
28 23 0.000000000000e+00 -1.247486322456e-17 0.000000000000e+00 0.000000000000e+00 3.945001045982e-01 1.147416377278e+01
28 24 0.000000000000e+00 -3.449176999414e-16 0.000000000000e+00 0.000000000000e+00 -8.160783219970e-02 1.197304045855e+01
28 25 0.000000000000e+00 -2.795819322573e-15 0.000000000000e+00 0.000000000000e+00 -4.604274388703e-01 1.247191714432e+01
28 26 0.000000000000e+00 -8.259347951735e-14 0.000000000000e+00 0.000000000000e+00 -8.626254071940e-02 1.297079383010e+01
28 27 3.697044381213e-09 -4.765519302557e-13 1.592146286003e-03 -1.295991392589e-03 5.107019495396e-01 1.346967051587e+01
28 28 8.560333948195e-07 -2.211422265880e-11 2.301297781018e-02 2.280088086539e-02 5.409030654742e-01 1.396854720164e+01
29 1 2.440304729135e-249 -1.270791194894e-91 5.079675733426e-127 -6.177183321731e-125 3.185727090115e-01 4.988766857730e-01
29 2 1.957451552737e-229 -8.911252635806e-76 -7.294450899986e-116 -1.104111462595e-114 2.177082797103e-02 9.977533715459e-01
29 3 3.503851746798e-216 -3.551283947235e-66 3.325907748826e-108 -6.184703181491e-108 -3.179115475067e-01 1.496630057319e+00
29 4 4.658768004050e-206 -9.545592267580e-60 1.077659646022e-102 -6.535028098638e-104 -4.390297583559e-02 1.995506743092e+00
29 5 8.459545109113e-197 -1.567228385657e-54 1.344373199919e-98 5.591432366373e-98 3.165092202057e-01 2.494383428865e+00
29 6 1.106469301144e-188 -1.276027894943e-50 -7.870081793918e-94 5.919063790153e-95 6.677186426329e-02 2.993260114638e+00
29 7 1.736015279590e-180 -5.032011383750e-47 4.479201676187e-90 -1.062809651637e-89 -3.141964462438e-01 3.492136800411e+00
29 8 6.533699623260e-173 -3.095363359312e-44 3.127740180366e-86 7.456966614393e-86 -9.078253000859e-02 3.991013486184e+00
29 9 6.381127804138e-165 -1.876274184716e-41 -7.018905506817e-82 -5.617875952619e-82 3.106937486918e-01 4.489890171957e+00
29 10 2.487050021405e-157 -2.795578056129e-39 5.542269599811e-78 2.859090685273e-78 1.163880542445e-01 4.988766857730e+00
29 11 3.766464717787e-149 -5.684723490600e-37 -7.028574614794e-74 -4.676073149227e-74 -3.055732729199e-01 5.487643543503e+00
29 12 3.054915109070e-141 -3.533777653080e-35 4.321450048451e-70 7.079229031412e-70 -1.441125233651e-01 5.986520229275e+00
29 13 1.289438562967e-132 -3.585284698241e-33 4.325761298322e-66 -1.794580006863e-65 2.981922264438e-01 6.485396915048e+00
29 14 0.000000000000e+00 -1.246611171324e-31 0.000000000000e+00 0.000000000000e+00 1.745801000342e-01 6.984273600821e+00
29 15 0.000000000000e+00 -7.924915123277e-30 0.000000000000e+00 0.000000000000e+00 -2.875761495555e-01 7.483150286594e+00
29 16 0.000000000000e+00 -1.832827119554e-28 0.000000000000e+00 0.000000000000e+00 -2.085508529286e-01 7.982026972367e+00
29 17 0.000000000000e+00 -8.422128771545e-27 0.000000000000e+00 0.000000000000e+00 2.722074732838e-01 8.480903658140e+00
29 18 0.000000000000e+00 -1.444147573915e-25 0.000000000000e+00 0.000000000000e+00 2.469596450755e-01 8.979780343913e+00
29 19 0.000000000000e+00 -5.285202771063e-24 0.000000000000e+00 0.000000000000e+00 -2.496218335920e-01 9.478657029686e+00
29 20 0.000000000000e+00 -7.204735769283e-23 0.000000000000e+00 0.000000000000e+00 -2.909375052085e-01 9.977533715459e+00
29 21 0.000000000000e+00 -2.256694798768e-21 0.000000000000e+00 0.000000000000e+00 2.155776804764e-01 1.047641040123e+01
29 22 0.000000000000e+00 -2.553158316633e-20 0.000000000000e+00 0.000000000000e+00 3.417298775933e-01 1.097528708701e+01
29 23 0.000000000000e+00 -7.274935829751e-19 0.000000000000e+00 0.000000000000e+00 -1.621583119026e-01 1.147416377278e+01
29 24 0.000000000000e+00 -6.957807689857e-18 0.000000000000e+00 0.000000000000e+00 -4.001524492662e-01 1.197304045855e+01
29 25 0.000000000000e+00 -1.924910913519e-16 0.000000000000e+00 0.000000000000e+00 7.268586314422e-02 1.247191714432e+01
29 26 0.000000000000e+00 -1.523840071144e-15 0.000000000000e+00 0.000000000000e+00 4.638331260350e-01 1.297079383010e+01
29 27 0.000000000000e+00 -4.547547638775e-14 0.000000000000e+00 0.000000000000e+00 9.632312120039e-02 1.346967051587e+01
29 28 2.941895153417e-09 -2.554614218466e-13 1.804496371301e-03 5.920209926722e-04 -5.101038562587e-01 1.396854720164e+01
29 29 6.722534851960e-07 -1.218110370297e-11 -5.464058922240e-03 2.922724330740e-02 -5.491017795626e-01 1.446742388742e+01
30 1 8.646417895909e-259 -1.742044859067e-95 -3.126238897218e-131 -1.162369577046e-129 1.050378837710e-02 4.988766857730e-01
30 2 7.310165771314e-238 -8.381018387396e-79 -9.423728202527e-120 -6.696036977683e-119 -3.183267666124e-01 9.977533715459e-01
30 3 9.880183487932e-225 -3.227214451570e-69 1.371593936750e-112 -3.467538047798e-112 -3.167386133089e-02 1.496630057319e+00
30 4 5.856213155316e-214 -3.212128582725e-62 1.180031679171e-106 -2.697151639125e-107 3.173786557902e-01 1.995506743092e+00
30 5 5.267398289170e-205 -3.640619269981e-57 1.985481965133e-102 4.080446959888e-102 5.333729642626e-02 2.494383428865e+00
30 6 2.375433260901e-196 -8.976469900623e-53 -1.086060537983e-97 3.971391061165e-98 -3.156799106563e-01 2.993260114638e+00
30 7 1.511153371570e-188 -2.120819939847e-49 6.200978950234e-95 -1.074269241514e-93 -7.584313295089e-02 3.492136800411e+00
30 8 1.696170541195e-180 -3.596248546934e-46 9.453652302310e-90 8.965534041795e-90 3.130390017711e-01 3.991013486184e+00
30 9 5.806361298187e-173 -1.204972025485e-43 -8.442018243766e-86 -1.509205745748e-86 9.957257374992e-02 4.489890171957e+00
30 10 6.046860810287e-165 -4.702441896329e-41 9.658478210152e-82 -1.127545495564e-82 -3.091570126781e-01 4.988766857730e+00
30 11 2.802682121073e-157 -5.002968444501e-39 -7.234923695214e-78 8.284636031133e-79 -1.249558882202e-01 5.487643543503e+00
30 12 5.478328420751e-149 -7.917013613534e-37 1.089318029767e-73 2.167793319941e-74 3.035877355011e-01 5.986520229275e+00
30 13 6.089153836184e-141 -4.024496972511e-35 -8.525357411690e-70 -9.393521634351e-70 1.524935231472e-01 6.485396915048e+00
30 14 0.000000000000e+00 -3.513910031189e-33 0.000000000000e+00 0.000000000000e+00 -2.956695273665e-01 6.984273600821e+00
30 15 0.000000000000e+00 -1.076649677041e-31 0.000000000000e+00 0.000000000000e+00 -1.827825374975e-01 7.483150286594e+00
30 16 0.000000000000e+00 -6.241865518851e-30 0.000000000000e+00 0.000000000000e+00 2.844071273693e-01 7.982026972367e+00
30 17 0.000000000000e+00 -1.329103086042e-28 0.000000000000e+00 0.000000000000e+00 2.165482346376e-01 8.480903658140e+00
30 18 0.000000000000e+00 -5.770993036850e-27 0.000000000000e+00 0.000000000000e+00 -2.682591322841e-01 8.979780343913e+00
30 19 0.000000000000e+00 -9.357747912384e-26 0.000000000000e+00 0.000000000000e+00 -2.546758380944e-01 9.478657029686e+00
30 20 0.000000000000e+00 -3.310748924501e-24 0.000000000000e+00 0.000000000000e+00 2.447345291296e-01 9.977533715459e+00
30 21 0.000000000000e+00 -4.339163108523e-23 0.000000000000e+00 0.000000000000e+00 2.982187169042e-01 1.047641040123e+01
30 22 0.000000000000e+00 -1.334295417679e-21 0.000000000000e+00 0.000000000000e+00 -2.095669099756e-01 1.097528708701e+01
30 23 0.000000000000e+00 -1.465994336669e-20 0.000000000000e+00 0.000000000000e+00 -3.482914781918e-01 1.147416377278e+01
30 24 0.000000000000e+00 -4.146359431487e-19 0.000000000000e+00 0.000000000000e+00 1.548359669706e-01 1.197304045855e+01
30 25 0.000000000000e+00 -3.871713585694e-18 0.000000000000e+00 0.000000000000e+00 4.054762032725e-01 1.247191714432e+01
30 26 0.000000000000e+00 -1.072633707536e-16 0.000000000000e+00 0.000000000000e+00 -6.395460505819e-02 1.297079383010e+01
30 27 0.000000000000e+00 -8.301087301931e-16 0.000000000000e+00 0.000000000000e+00 -4.669719491057e-01 1.346967051587e+01
30 28 0.000000000000e+00 -2.503219323144e-14 0.000000000000e+00 0.000000000000e+00 -1.060792733249e-01 1.396854720164e+01
30 29 2.337342883194e-09 -1.370238179320e-13 4.400252341220e-04 1.697127637850e-03 5.094342248968e-01 1.446742388742e+01
30 30 5.281398353529e-07 -6.709772712882e-12 -2.501002422347e-02 1.085300486702e-02 5.570536087577e-01 1.496630057319e+01
