2 1 1.937249231756e-09 -3.931276001508e-05 -3.346562465942e-05 4.179395576017e-05 2.780432184827e-01 4.852964729313e-01
2 2 7.235305541148e-03 -2.028515245877e-03 1.599232584460e-01 -1.313426659775e-01 9.429071951009e-02 9.705929458626e-01
3 1 4.405207483313e-15 -1.566843522430e-07 2.223979337178e-08 7.761497456927e-08 -3.410173860522e-01 4.852964729313e-01
3 2 1.624530293110e-08 -3.192103631094e-05 2.825310484891e-04 -1.278023346618e-04 -3.429290140196e-01 9.705929458626e-01
3 3 6.745016822039e-03 -1.197409273193e-03 -2.867488857458e-01 -8.720505717158e-02 -1.394275631270e-01 1.455889418794e+00
4 1 2.633523717812e-21 -5.502459379734e-10 4.562696787028e-11 4.260502884499e-11 -8.882814513759e-02 4.852964729313e-01
4 2 4.209392870794e-14 -3.432751917304e-07 -3.240230296079e-07 -3.796924575218e-07 3.113630666459e-01 9.705929458626e-01
4 3 8.893167097894e-08 -1.878451701000e-05 -8.266230393170e-04 -7.078699763106e-04 3.829688403112e-01 1.455889418794e+00
4 4 5.114556089532e-03 -5.963986278322e-04 6.025106517574e-03 3.479332444610e-01 1.759172409359e-01 1.941185891725e+00
5 1 1.088400589716e-26 -1.886036504315e-12 1.146759738614e-13 5.436215119767e-14 3.262332212882e-01 4.852964729313e-01
5 2 3.920682098178e-20 -2.668329879960e-09 -4.759934761126e-10 7.415172442997e-11 1.462950408665e-01 9.705929458626e-01
5 3 3.049221537605e-13 -3.206876586488e-07 9.207170766595e-07 1.792543227384e-06 -2.842293112254e-01 1.455889418794e+00
5 4 2.921569624485e-07 -1.013000521945e-05 -1.622806437122e-03 2.069710061098e-03 -4.111792026697e-01 1.941185891725e+00
5 5 3.743377260473e-03 -2.927979129379e-04 3.662639765051e-01 -6.583394589295e-02 -2.074677061851e-01 2.426482364657e+00
6 1 7.476333363462e-33 -3.973070022127e-15 1.030793163297e-16 2.092621191186e-17 5.526704551539e-02 4.852964729313e-01
6 2 2.722314044165e-25 -2.459231166794e-11 -8.908381852347e-13 9.043044258344e-13 -3.168984807813e-01 9.705929458626e-01
6 3 2.901307472804e-19 -3.517283130125e-09 1.790280679881e-09 -8.116867403284e-10 -1.899926730189e-01 1.455889418794e+00
6 4 2.106639393004e-12 -2.299938796486e-07 1.716803186112e-06 -6.850550788136e-06 2.583879324641e-01 1.941185891725e+00
6 5 5.957817629961e-07 -5.288059024232e-06 3.298287504384e-03 3.340927266091e-03 4.322111572406e-01 2.426482364657e+00
6 6 2.735801014304e-03 -1.454354797060e-04 -9.290797731873e-02 -3.702821987798e-01 2.355455179041e-01 2.911778837588e+00
7 1 1.987351619960e-38 -9.769705628568e-18 1.714695152881e-19 2.536340009678e-21 -3.223886500997e-01 4.852964729313e-01
7 2 4.020174579925e-31 -1.335094916838e-13 -4.345587998770e-16 1.480112059931e-15 -9.696477471898e-02 9.705929458626e-01
7 3 2.116810464864e-24 -5.201410021614e-11 8.359462527602e-13 -5.243350294057e-12 3.064917112405e-01 1.455889418794e+00
7 4 2.008739460647e-18 -3.058368412116e-09 -6.692413079498e-09 1.664679173617e-09 2.253677769136e-01 1.941185891725e+00
7 5 0.000000000000e+00 -1.468017008359e-07 0.000000000000e+00 0.000000000000e+00 -2.336698981927e-01 2.426482364657e+00
7 6 8.801248944564e-07 -2.722878133380e-06 5.658049328877e-03 -3.856453833305e-03 -4.483854697281e-01 2.911778837588e+00
7 7 2.011675091731e-03 -7.330322735800e-05 -3.697431406077e-01 9.567648299341e-02 -2.609414125778e-01 3.397075310519e+00
8 1 1.045809212084e-44 -1.250142936077e-20 1.231248866147e-22 -1.777161912649e-23 -4.065192525964e-02 4.852964729313e-01
8 2 2.422241643896e-36 -9.561787177166e-16 3.730561226371e-19 3.768058993626e-18 3.177457539210e-01 9.705929458626e-01
8 3 3.838688365032e-30 -4.350201107649e-13 -4.011876549442e-15 -5.918464340438e-15 1.310935285726e-01 1.455889418794e+00
8 4 1.376864266850e-23 -6.037852116174e-11 5.369845098477e-13 1.804722632047e-11 -2.952565400824e-01 1.941185891725e+00
8 5 0.000000000000e+00 -2.203464344353e-09 0.000000000000e+00 0.000000000000e+00 -2.549498200498e-01 2.426482364657e+00
8 6 0.000000000000e+00 -8.813397419901e-08 0.000000000000e+00 0.000000000000e+00 2.100469389526e-01 2.911778837588e+00
8 7 1.067251112035e-06 -1.393799131760e-06 -3.454061260628e-03 -8.090393648904e-03 4.610649230253e-01 3.397075310519e+00
8 8 1.489949361722e-03 -3.742246230595e-05 8.147937846273e-02 3.666976364701e-01 2.841588615563e-01 3.882371783451e+00
9 1 1.811453588457e-50 -2.176798564434e-23 1.575041736233e-25 -4.469650053153e-26 3.208056481817e-01 4.852964729313e-01
9 2 3.281519759567e-42 -3.506393417657e-18 1.810533492023e-21 4.018151677576e-21 7.349085417517e-02 9.705929458626e-01
9 3 3.001346387000e-35 -5.266299825037e-15 -1.855533676733e-17 -7.444233694627e-18 -3.121430949483e-01 1.455889418794e+00
9 4 2.550852411192e-29 -6.473736697673e-13 2.141896027419e-14 1.204890078107e-14 -1.601983420265e-01 1.941185891725e+00
9 5 8.975581389609e-23 -5.313364912727e-11 7.297687024026e-12 -5.715935772622e-11 2.834544380848e-01 2.426482364657e+00
9 6 0.000000000000e+00 -1.434621122017e-09 0.000000000000e+00 0.000000000000e+00 2.801863771232e-01 2.911778837588e+00
9 7 0.000000000000e+00 -5.104901622921e-08 0.000000000000e+00 0.000000000000e+00 -1.874968514280e-01 3.397075310519e+00
9 8 1.144113423285e-06 -7.118536590759e-07 -1.018873825160e-02 2.131472530457e-03 -4.711290812892e-01 3.882371783451e+00
9 9 1.110939753738e-03 -1.930235913624e-05 3.606009647617e-01 -5.590778796560e-02 -3.055522343488e-01 4.367668256382e+00
10 1 7.097689943127e-57 -1.836329749451e-26 9.461001752417e-29 -3.939405173771e-29 3.230511250209e-02 4.852964729313e-01
10 2 1.504752880054e-47 -1.890866294940e-20 6.067419928789e-24 7.228687703013e-24 -3.180101327114e-01 9.705929458626e-01
10 3 5.814846050053e-41 -3.208957196859e-17 -2.763716001764e-20 3.256435355710e-21 -1.013997106107e-01 1.455889418794e+00
10 4 2.129926271796e-34 -1.081620434757e-14 6.783250834682e-17 -2.101503006855e-17 3.057932799840e-01 1.941185891725e+00
10 5 1.591480438729e-28 -6.686435783627e-13 -7.126425427361e-14 -2.844235414317e-14 1.856147026303e-01 2.426482364657e+00
10 6 0.000000000000e+00 -4.017609945016e-11 0.000000000000e+00 0.000000000000e+00 -2.713012022305e-01 2.911778837588e+00
10 7 0.000000000000e+00 -8.789882226796e-10 0.000000000000e+00 0.000000000000e+00 -3.020131002615e-01 3.397075310519e+00
10 8 0.000000000000e+00 -2.890865545566e-08 0.000000000000e+00 0.000000000000e+00 1.659850902831e-01 3.882371783451e+00
10 9 1.131452967207e-06 -3.634000929662e-07 1.101245825376e-04 1.164497104070e-02 4.791813135424e-01 4.367668256382e+00
10 10 8.331564713759e-04 -1.003663580491e-05 -2.329979677841e-02 -3.503499566291e-01 3.253873244830e-01 4.852964729313e+00
11 1 8.500409140453e-63 -2.343062216306e-29 9.850059168434e-32 -5.363097587651e-32 -3.199969574881e-01 4.852964729313e-01
11 2 1.684925149504e-53 -4.892650718041e-23 8.069207850600e-27 5.883870663253e-27 -5.946917550477e-02 9.705929458626e-01
11 3 3.949129410299e-46 -3.064782934152e-19 -6.216939942045e-23 3.734150130253e-23 3.144682299271e-01 1.455889418794e+00
11 4 4.732181810733e-40 -8.925290933106e-17 5.889127309152e-20 -8.795385717279e-20 1.258386474006e-01 1.941185891725e+00
11 5 1.307867452599e-33 -1.394303946764e-14 -1.734161787756e-16 1.353159104001e-16 -2.988604097211e-01 2.426482364657e+00
11 6 1.008798950068e-27 -5.647303751337e-13 2.005964775653e-13 1.161959490441e-13 -2.081504134831e-01 2.911778837588e+00
11 7 0.000000000000e+00 -2.769630639117e-11 0.000000000000e+00 0.000000000000e+00 2.589620512379e-01 3.397075310519e+00
11 8 0.000000000000e+00 -5.178432439725e-10 0.000000000000e+00 0.000000000000e+00 3.210830838651e-01 3.882371783451e+00
11 9 0.000000000000e+00 -1.612709029793e-08 0.000000000000e+00 0.000000000000e+00 -1.454666612729e-01 4.367668256382e+00
11 10 1.058732700725e-06 -1.856040233725e-07 1.230032628121e-02 2.317333296578e-03 -4.856534724716e-01 4.852964729313e+00
11 11 6.279137241722e-04 -5.251523692864e-06 -3.350587342753e-01 -1.284285523717e-02 -3.438720408394e-01 5.338261202244e+00
12 1 2.528983488789e-69 -1.391669858353e-32 5.072995876988e-35 -3.418749035372e-35 -2.685917224861e-02 4.852964729313e-01
12 2 5.860201131479e-59 -2.019219722705e-25 1.703630427267e-29 7.525574163375e-30 3.181238235224e-01 9.705929458626e-01
12 3 6.974781395619e-52 -1.390307338992e-21 -5.890508529190e-26 7.628338134130e-26 8.312499296622e-02 1.455889418794e+00
12 4 3.814340187600e-45 -1.217790706391e-18 3.482167253793e-24 -3.004952526780e-22 -3.103405863463e-01 1.941185891725e+00
12 5 3.003629892753e-39 -1.407065875956e-16 -1.294059615844e-20 3.330909122594e-19 -1.476487003855e-01 2.426482364657e+00
12 6 7.907374611937e-33 -1.387193931479e-14 4.716075156577e-16 -4.458987782854e-16 2.914786280468e-01 2.911778837588e+00
12 7 0.000000000000e+00 -4.217206369530e-13 0.000000000000e+00 0.000000000000e+00 2.283444598090e-01 3.397075310519e+00
12 8 0.000000000000e+00 -1.797077943229e-11 0.000000000000e+00 0.000000000000e+00 -2.465600454574e-01 3.882371783451e+00
12 9 0.000000000000e+00 -2.970449717280e-10 0.000000000000e+00 0.000000000000e+00 -3.378764230936e-01 4.367668256382e+00
12 10 0.000000000000e+00 -8.903836460792e-09 0.000000000000e+00 0.000000000000e+00 1.258905318387e-01 4.852964729313e+00
12 11 9.523903579887e-07 -9.488690642150e-08 4.854493265443e-03 -1.212276471211e-02 4.908644959893e-01 5.338261202244e+00
12 12 4.752044567314e-04 -2.761173754802e-06 -4.962842424018e-02 3.143196399433e-01 3.611737934177e-01 5.823557675176e+00
13 1 2.204476328431e-75 -1.348091103044e-35 4.446672743368e-38 -3.584449039765e-38 3.195273584201e-01 4.852964729313e-01
13 2 5.326733008788e-65 -3.852667314226e-28 1.731944756030e-32 3.915388458150e-33 5.005819164434e-02 9.705929458626e-01
13 3 3.913770127495e-57 -1.053235762395e-23 -7.366507007877e-29 2.160943417153e-28 -3.156667201126e-01 1.455889418794e+00
13 4 8.407678347313e-51 -7.801982221708e-21 -2.121693000540e-25 -3.924882606570e-25 -1.042008126105e-01 1.941185891725e+00
13 5 2.580644621124e-44 -2.458509492402e-18 6.296978441780e-22 7.471081403416e-22 3.057373900622e-01 2.426482364657e+00
13 6 1.782794518532e-38 -1.614404005259e-16 -2.435942264869e-19 -9.436031917039e-19 1.673636485585e-01 2.911778837588e+00
13 7 4.899939628436e-32 -1.176530485968e-14 -1.534847784170e-15 1.094132362037e-15 -2.837576466171e-01 3.397075310519e+00
13 8 0.000000000000e+00 -2.904406492546e-13 0.000000000000e+00 0.000000000000e+00 -2.465822454560e-01 3.882371783451e+00
13 9 0.000000000000e+00 -1.118216816655e-11 0.000000000000e+00 0.000000000000e+00 2.341857287432e-01 4.367668256382e+00
13 10 0.000000000000e+00 -1.671989149665e-10 0.000000000000e+00 0.000000000000e+00 3.527592701212e-01 4.852964729313e+00
13 11 0.000000000000e+00 -4.879507525194e-09 0.000000000000e+00 0.000000000000e+00 -1.072032183222e-01 5.338261202244e+00
13 12 8.322206040332e-07 -4.856739025656e-08 -1.117653876482e-02 -7.240182375069e-03 -4.950557116316e-01 5.823557675176e+00
13 13 3.609040184154e-04 -1.457283888292e-06 2.882449457130e-01 8.467655831482e-02 -3.774302268955e-01 6.308854148107e+00
14 1 5.109645628620e-82 -5.924563801734e-39 1.998382153342e-41 -1.888800598169e-41 2.300939423513e-02 4.852964729313e-01
14 2 1.432826937537e-70 -1.245893842036e-30 2.908997610995e-35 1.369255971951e-36 -3.181827266308e-01 9.705929458626e-01
14 3 5.995065085549e-63 -3.662653646976e-26 -8.934922641993e-33 2.824216877737e-31 -7.061881190803e-02 1.455889418794e+00
14 4 6.032460310091e-56 -8.687846331903e-23 -9.677965957098e-28 -7.011662394017e-28 3.127470841479e-01 1.941185891725e+00
14 5 6.305604902776e-50 -1.991534068636e-20 1.489240528509e-24 3.389298803601e-25 1.232716381589e-01 2.426482364657e+00
14 6 1.542453177759e-43 -3.387892376140e-18 -2.626257836510e-21 -1.148773978987e-21 -3.007448671834e-01 2.911778837588e+00
14 7 1.059562640789e-37 -1.521675633110e-16 8.695741701005e-19 2.631842226075e-18 -1.853484372400e-01 3.397075310519e+00
14 8 0.000000000000e+00 -8.979034176213e-15 0.000000000000e+00 0.000000000000e+00 2.757866578760e-01 3.882371783451e+00
14 9 0.000000000000e+00 -1.891138671214e-13 0.000000000000e+00 0.000000000000e+00 2.631534614397e-01 4.367668256382e+00
14 10 0.000000000000e+00 -6.751368789391e-12 0.000000000000e+00 0.000000000000e+00 -2.219051963619e-01 4.852964729313e+00
14 11 0.000000000000e+00 -9.281971135827e-11 0.000000000000e+00 0.000000000000e+00 -3.660186205275e-01 5.338261202244e+00
14 12 0.000000000000e+00 -2.659552865452e-09 0.000000000000e+00 0.000000000000e+00 8.935121282327e-02 5.823557675176e+00
14 13 7.114308997521e-07 -2.489127776577e-08 -9.268925405953e-03 9.591789855934e-03 4.984133056638e-01 6.308854148107e+00
14 14 2.749190677022e-04 -7.713916100293e-07 1.160846772290e-01 -2.574110777574e-01 3.927563068123e-01 6.794150621038e+00
15 1 3.376210877726e-88 -4.491193067059e-42 1.508892370515e-44 -1.649017426214e-44 -3.192302079207e-01 4.852964729313e-01
15 2 1.062396011724e-76 -1.818244377744e-33 2.491337315767e-38 -2.857345188100e-39 -4.327219402258e-02 9.705929458626e-01
15 3 2.759517701138e-68 -2.234587271720e-28 1.424458159023e-34 5.892535601610e-34 3.163715457605e-01 1.455889418794e+00
15 4 1.225301254003e-61 -4.405482101834e-25 -1.661009110607e-30 -3.769756796804e-31 8.917117603141e-02 1.941185891725e+00
15 5 5.135729869736e-55 -2.904977638505e-22 4.097997787431e-27 -1.485145830002e-27 -3.094451048874e-01 2.426482364657e+00
15 6 3.908450484795e-49 -3.251401611309e-20 -4.239926333082e-24 1.686418949134e-24 -1.407191386407e-01 2.911778837588e+00
15 7 8.958931850024e-43 -3.681025609452e-18 7.939221975288e-21 1.388819505546e-21 2.954340370513e-01 3.397075310519e+00
15 8 0.000000000000e+00 -1.258888481915e-16 0.000000000000e+00 0.000000000000e+00 2.018673524513e-01 3.882371783451e+00
15 9 0.000000000000e+00 -6.366743000868e-15 0.000000000000e+00 0.000000000000e+00 -2.676378708086e-01 4.367668256382e+00
15 10 0.000000000000e+00 -1.182499113425e-13 0.000000000000e+00 0.000000000000e+00 -2.782840227580e-01 4.852964729313e+00
15 11 0.000000000000e+00 -3.985867961491e-12 0.000000000000e+00 0.000000000000e+00 2.097662927541e-01 5.338261202244e+00
15 12 0.000000000000e+00 -5.099702903331e-11 0.000000000000e+00 0.000000000000e+00 3.778842238036e-01 5.823557675176e+00
15 13 0.000000000000e+00 -1.443658122779e-09 0.000000000000e+00 0.000000000000e+00 -7.228249174463e-02 6.308854148107e+00
15 14 5.979444308766e-07 -1.277393590662e-08 7.537043362629e-03 1.079896804508e-02 -5.010832422820e-01 6.794150621038e+00
15 15 2.099572393189e-04 -4.092666476035e-07 -2.227596704221e-01 -1.424184393531e-01 -4.072492478179e-01 7.279447093970e+00
16 1 6.244364175191e-95 -1.517030756827e-45 5.995135667820e-48 -7.514024168023e-48 -2.013709097726e-02 4.852964729313e-01
16 2 2.260345132533e-82 -4.712335429011e-36 3.532347116136e-41 -9.495709946119e-42 3.182171819434e-01 9.705929458626e-01
16 3 3.614244716222e-74 -6.119246748902e-31 3.228483079500e-37 6.140940184101e-37 6.147281076121e-02 1.455889418794e+00
16 4 7.610309421299e-67 -4.042347392231e-27 -4.201862757999e-33 6.022941031760e-34 -3.141869540487e-01 1.941185891725e+00
16 5 1.220044551168e-60 -1.912434643882e-24 4.374394841767e-30 -5.098950348770e-30 -1.061285168335e-01 2.426482364657e+00
16 6 3.375282023135e-54 -5.800451855267e-22 -6.354251969053e-27 1.180807045712e-26 3.058212231423e-01 2.911778837588e+00
16 7 2.264304391002e-48 -4.014226916225e-20 9.228519858944e-24 -8.889107207239e-24 1.568113365540e-01 3.397075310519e+00
16 8 5.263033026423e-42 -3.413649394986e-18 -2.214227831703e-20 -2.855947527974e-21 -2.898644504873e-01 3.882371783451e+00
16 9 0.000000000000e+00 -9.508125447310e-17 0.000000000000e+00 0.000000000000e+00 -2.171205367140e-01 4.367668256382e+00
16 10 0.000000000000e+00 -4.279974909121e-15 0.000000000000e+00 0.000000000000e+00 2.593696258200e-01 4.852964729313e+00
16 11 0.000000000000e+00 -7.174136935589e-14 0.000000000000e+00 0.000000000000e+00 2.921550758184e-01 5.338261202244e+00
16 12 0.000000000000e+00 -2.313264129888e-12 0.000000000000e+00 0.000000000000e+00 -1.978032387533e-01 5.823557675176e+00
16 13 0.000000000000e+00 -2.779736334261e-11 0.000000000000e+00 0.000000000000e+00 -3.885431179974e-01 6.308854148107e+00
16 14 0.000000000000e+00 -7.811955713966e-10 0.000000000000e+00 0.000000000000e+00 5.594738782669e-02 6.794150621038e+00
16 15 4.958948490808e-07 -6.564017866820e-09 1.175197975474e-02 -5.195985360282e-03 5.031815086564e-01 7.279447093970e+00
16 16 1.606988856760e-04 -2.175310919011e-07 -1.627032079808e-01 1.854825782793e-01 4.209920823729e-01 7.764743566901e+00
17 1 3.229660210604e-101 -9.228916005445e-49 3.962662008960e-51 -5.664701578161e-51 3.190301638903e-01 4.852964729313e-01
17 2 1.382689893050e-88 -5.418574192520e-39 2.634135990907e-44 -1.116054738035e-44 3.813350050540e-02 9.705929458626e-01
17 3 1.373123413086e-79 -3.056777638979e-33 8.826940833859e-40 1.024483758159e-39 -3.168236499093e-01 1.455889418794e+00
17 4 1.382125348414e-72 -1.654780241731e-29 -5.080381387317e-36 2.629327102115e-36 -7.805970695119e-02 1.941185891725e+00
17 5 9.023374986988e-66 -2.342734930910e-26 4.411222464038e-33 -1.773003230389e-32 3.116903195950e-01 2.426482364657e+00
17 6 8.708853887951e-60 -4.625003628270e-24 2.874186798793e-30 2.134653581553e-29 1.217761193130e-01 2.911778837588e+00
17 7 1.989699538164e-53 -8.376907023217e-22 -9.633091554653e-28 -3.797074713283e-26 -3.019244919908e-01 3.397075310519e+00
17 8 1.297539239224e-47 -4.111330527666e-20 -1.995157355862e-23 2.882312713154e-23 -1.717453388360e-01 3.882371783451e+00
17 9 0.000000000000e+00 -2.833014695025e-18 0.000000000000e+00 0.000000000000e+00 2.840863441895e-01 4.367668256382e+00
17 10 0.000000000000e+00 -6.721447889613e-17 0.000000000000e+00 0.000000000000e+00 2.312649550349e-01 4.852964729313e+00
17 11 0.000000000000e+00 -2.764536914749e-15 0.000000000000e+00 0.000000000000e+00 -2.510290229196e-01 5.338261202244e+00
17 12 0.000000000000e+00 -4.253165774024e-14 0.000000000000e+00 0.000000000000e+00 -3.049150245639e-01 5.823557675176e+00
17 13 0.000000000000e+00 -1.324752960133e-12 0.000000000000e+00 0.000000000000e+00 1.860400589596e-01 6.308854148107e+00
17 14 0.000000000000e+00 -1.505841365478e-11 0.000000000000e+00 0.000000000000e+00 3.981496742944e-01 6.794150621038e+00
17 15 0.000000000000e+00 -4.216927233586e-10 0.000000000000e+00 0.000000000000e+00 -4.029904364651e-02 7.279447093970e+00
17 16 4.068907107593e-07 -3.377257320051e-09 -2.748861514824e-03 -1.210712711498e-02 -5.048013453827e-01 7.764743566901e+00
17 17 1.232310592680e-04 -1.157844868425e-07 1.469061293054e-01 1.764051502812e-01 -4.340563274971e-01 8.250040039832e+00
18 1 4.866549925336e-108 -2.468442068678e-52 1.405286559101e-54 -2.286163369955e-54 1.790888263258e-02 4.852964729313e-01
18 2 2.375919115807e-94 -1.148008641044e-41 3.236643377637e-47 -1.894041286935e-47 -3.182391184260e-01 9.705929458626e-01
18 3 1.536441943795e-85 -6.745366912843e-36 1.140124209545e-42 8.639091610898e-43 -5.447112719754e-02 1.455889418794e+00
18 4 7.375777624468e-78 -1.266433308456e-31 -9.338541158499e-39 9.350020770640e-39 3.151222315792e-01 1.941185891725e+00
18 5 1.996955630444e-71 -1.271706364971e-28 -4.927542001229e-36 -2.672972040949e-35 9.334061795599e-02 2.426482364657e+00
18 6 7.120642201620e-65 -7.039454060793e-26 3.974840593300e-32 4.704627624579e-32 -3.089269286934e-01 2.911778837588e+00
18 7 5.323051485941e-59 -7.732460440095e-24 -4.322823778104e-29 -4.462057577934e-29 -1.363196994234e-01 3.397075310519e+00
18 8 1.131430195887e-52 -9.732719092422e-22 3.635365970375e-26 9.692084821463e-26 2.977962251710e-01 3.882371783451e+00
18 9 0.000000000000e+00 -3.692555277398e-20 0.000000000000e+00 0.000000000000e+00 1.856716979795e-01 4.367668256382e+00
18 10 0.000000000000e+00 -2.168367861436e-18 0.000000000000e+00 0.000000000000e+00 -2.781421893838e-01 4.852964729313e+00
18 11 0.000000000000e+00 -4.521509140102e-17 0.000000000000e+00 0.000000000000e+00 -2.444271577163e-01 5.338261202244e+00
18 12 0.000000000000e+00 -1.731724531488e-15 0.000000000000e+00 0.000000000000e+00 2.426540782218e-01 5.823557675176e+00
18 13 0.000000000000e+00 -2.476398029531e-14 0.000000000000e+00 0.000000000000e+00 3.166875301837e-01 6.308854148107e+00
18 14 0.000000000000e+00 -7.506627827699e-13 0.000000000000e+00 0.000000000000e+00 -1.744931220007e-01 6.794150621038e+00
18 15 0.000000000000e+00 -8.117744413119e-12 0.000000000000e+00 0.000000000000e+00 -4.068327709806e-01 7.279447093970e+00
18 16 0.000000000000e+00 -2.271932673946e-10 0.000000000000e+00 0.000000000000e+00 2.529359797633e-02 7.764743566901e+00
18 17 3.309814149295e-07 -1.739739763254e-09 -1.189187477222e-02 3.586906750442e-04 5.060184668016e-01 8.250040039832e+00
18 18 9.465492153130e-05 -6.169649474770e-08 1.833978452155e-01 -1.083840226552e-01 4.465040275005e-01 8.735336512764e+00
19 1 2.021687776425e-114 -1.230541370860e-55 8.222773217269e-58 -1.521674203146e-57 -3.188890235889e-01 4.852964729313e-01
19 2 1.214294935595e-100 -1.065538748448e-44 2.133742877304e-50 -1.623160154689e-50 -3.410067057649e-02 9.705929458626e-01
19 3 4.867835485022e-91 -2.801980430211e-38 2.290718477114e-45 1.111556070681e-45 3.171320882627e-01 1.455889418794e+00
19 4 1.183964039584e-83 -4.260932323456e-34 -8.002814330725e-42 1.470625806485e-41 6.948090179722e-02 1.941185891725e+00
19 5 1.316682213457e-76 -1.320070292927e-30 -3.791262557688e-38 -5.859691996557e-38 -3.131614038524e-01 2.426482364657e+00
19 6 1.776036648787e-70 -4.712765125625e-28 9.137884816492e-35 3.333402294741e-35 -1.075352593312e-01 2.911778837588e+00
19 7 4.589787469649e-64 -1.394958087941e-25 -1.809263959332e-31 -2.335806528228e-32 3.059328962787e-01 3.397075310519e+00
19 8 3.046021641818e-58 -1.008123307054e-23 1.596699020218e-28 5.790466617911e-29 1.499131919362e-01 3.882371783451e+00
19 9 6.434638742884e-52 -9.699825374682e-22 -1.392669511528e-25 -2.402731024131e-25 -2.934718425554e-01 4.367668256382e+00
19 10 0.000000000000e+00 -3.013104828298e-20 0.000000000000e+00 0.000000000000e+00 -1.987090461243e-01 4.852964729313e+00
19 11 0.000000000000e+00 -1.561681842108e-18 0.000000000000e+00 0.000000000000e+00 2.720679298056e-01 5.338261202244e+00
19 12 0.000000000000e+00 -2.927722898559e-17 0.000000000000e+00 0.000000000000e+00 2.567114459671e-01 5.823557675176e+00
19 13 0.000000000000e+00 -1.058950298944e-15 0.000000000000e+00 0.000000000000e+00 -2.342754667999e-01 6.308854148107e+00
19 14 0.000000000000e+00 -1.421332259783e-14 0.000000000000e+00 0.000000000000e+00 -3.275770568707e-01 6.794150621038e+00
19 15 0.000000000000e+00 -4.217404623948e-13 0.000000000000e+00 0.000000000000e+00 1.631730314481e-01 7.279447093970e+00
19 16 0.000000000000e+00 -4.359098442224e-12 0.000000000000e+00 0.000000000000e+00 4.147010571421e-01 7.764743566901e+00
19 17 0.000000000000e+00 -1.222149558037e-10 0.000000000000e+00 0.000000000000e+00 -1.089020585369e-02 8.250040039832e+00
19 18 2.673255670374e-07 -8.972303574708e-10 -1.838078258802e-03 1.117092116625e-02 -5.068949032081e-01 8.735336512764e+00
19 19 7.280974420980e-05 -3.290386062969e-08 -7.120485777076e-02 -1.839146700703e-01 -4.583893497553e-01 9.220632985695e+00
20 1 2.526433387600e-121 -2.669249679571e-59 2.619098720981e-61 -5.525008452399e-61 -1.612843875890e-02 4.852964729313e-01
20 2 1.716421748241e-106 -1.877280437780e-47 2.301721051187e-53 -2.204929928120e-53 3.182539795261e-01 9.705929458626e-01
20 3 4.674314998751e-97 -5.080669643834e-41 2.406454287943e-48 6.589359739893e-49 4.892794135927e-02 1.455889418794e+00
20 4 5.434402001105e-89 -2.753073212498e-36 -8.237606683747e-45 3.491143092049e-44 -3.157666047173e-01 1.941185891725e+00
20 5 2.659331374710e-82 -5.991754370872e-33 -7.997950276346e-41 -5.866237560124e-41 -8.339841204177e-02 2.426482364657e+00
20 6 1.338446782030e-75 -6.160904005172e-30 2.648434180885e-37 -3.404868684008e-38 3.109766731817e-01 2.911778837588e+00
20 7 1.226514415568e-69 -1.098148323124e-27 -2.635759328807e-34 1.395016629199e-34 1.208060009948e-01 3.397075310519e+00
20 8 2.685129549267e-63 -2.086129733627e-25 4.577738952395e-31 -2.115158627067e-31 -3.027384258368e-01 3.882371783451e+00
20 9 1.710038244509e-57 -1.102388674031e-23 -4.519627592182e-28 -2.640366586898e-29 -1.626754751332e-01 4.367668256382e+00
20 10 0.000000000000e+00 -8.639702598731e-22 0.000000000000e+00 0.000000000000e+00 2.889819725018e-01 4.852964729313e+00
20 11 0.000000000000e+00 -2.287333217198e-20 0.000000000000e+00 0.000000000000e+00 2.109532933013e-01 5.338261202244e+00
20 12 0.000000000000e+00 -1.073185222241e-18 0.000000000000e+00 0.000000000000e+00 -2.658940092846e-01 5.823557675176e+00
20 13 0.000000000000e+00 -1.839729605921e-17 0.000000000000e+00 0.000000000000e+00 -2.682053239452e-01 6.308854148107e+00
20 14 0.000000000000e+00 -6.352021167980e-16 0.000000000000e+00 0.000000000000e+00 2.259179213242e-01 6.794150621038e+00
20 15 0.000000000000e+00 -8.063720387851e-15 0.000000000000e+00 0.000000000000e+00 3.376728506544e-01 7.279447093970e+00
20 16 0.000000000000e+00 -2.352953749367e-13 0.000000000000e+00 0.000000000000e+00 -1.520860415102e-01 7.764743566901e+00
20 17 0.000000000000e+00 -2.333395840350e-12 0.000000000000e+00 0.000000000000e+00 -4.218469021206e-01 8.250040039832e+00
20 18 0.000000000000e+00 -6.566130868009e-11 0.000000000000e+00 0.000000000000e+00 -2.949041572571e-03 8.735336512764e+00
20 19 2.146438793920e-07 -4.632294367252e-10 1.003483690670e-02 3.736861959895e-03 5.074818760512e-01 9.220632985695e+00
20 20 5.607647868055e-05 -1.756007848412e-08 -1.784896604130e-01 3.651782310403e-02 4.697598515912e-01 9.705929458626e+00
21 1 8.609188282158e-128 -1.109595186934e-62 1.365945127926e-64 -3.297546076136e-64 3.187857062059e-01 4.852964729313e-01
21 2 7.419362728692e-113 -1.434787758933e-50 1.349126209548e-56 -1.603570335962e-56 3.084804205541e-02 9.705929458626e-01
21 3 1.248870459693e-102 -1.779548669479e-43 4.060306812500e-51 3.824590316203e-52 -3.173524468612e-01 1.455889418794e+00
21 4 7.687628046650e-95 -7.733936761549e-39 7.780778844283e-49 4.265608607218e-47 -6.264205093107e-02 1.941185891725e+00
21 5 1.552546922372e-87 -5.320986005533e-35 -2.293477217437e-43 -6.953359634332e-44 3.141818049742e-01 2.426482364657e+00
21 6 3.138231794767e-81 -3.501072906543e-32 3.440743603264e-40 -2.208886812131e-40 9.639674562021e-02 2.911778837588e+00
21 7 1.004164942099e-74 -1.721353536035e-29 -4.229653991562e-37 7.410852749257e-37 -3.085959895465e-01 3.397075310519e+00
21 8 7.429386962882e-69 -1.867996989107e-27 3.457025497658e-34 -7.642589816839e-34 -1.332764949482e-01 3.882371783451e+00
21 9 1.509665769763e-62 -2.555180694772e-25 -9.048760330310e-31 9.953417042933e-31 2.993694775333e-01 4.367668256382e+00
21 10 0.000000000000e+00 -1.059480493219e-23 0.000000000000e+00 0.000000000000e+00 1.747008549980e-01 4.852964729313e+00
21 11 0.000000000000e+00 -7.069649587886e-22 0.000000000000e+00 0.000000000000e+00 -2.843532151636e-01 5.338261202244e+00
21 12 0.000000000000e+00 -1.642175456253e-20 0.000000000000e+00 0.000000000000e+00 -2.224836426283e-01 5.823557675176e+00
21 13 0.000000000000e+00 -7.107348762112e-19 0.000000000000e+00 0.000000000000e+00 2.596462331460e-01 6.308854148107e+00
21 14 0.000000000000e+00 -1.128654035621e-17 0.000000000000e+00 0.000000000000e+00 2.789832753761e-01 6.794150621038e+00
21 15 0.000000000000e+00 -3.751126910436e-16 0.000000000000e+00 0.000000000000e+00 -2.176013520010e-01 7.279447093970e+00
21 16 0.000000000000e+00 -4.531620437708e-15 0.000000000000e+00 0.000000000000e+00 -3.470518771161e-01 7.764743566901e+00
21 17 0.000000000000e+00 -1.305189446255e-13 0.000000000000e+00 0.000000000000e+00 1.412351234834e-01 8.250040039832e+00
21 18 0.000000000000e+00 -1.245843365336e-12 0.000000000000e+00 0.000000000000e+00 4.283494153881e-01 8.735336512764e+00
21 19 0.000000000000e+00 -3.524104059904e-11 0.000000000000e+00 0.000000000000e+00 1.625925475710e-02 9.220632985695e+00
21 20 1.714956316418e-07 -2.394054891869e-10 5.266774926270e-03 -8.588987115133e-03 -5.078219807512e-01 9.705929458626e+00
21 21 4.323645556841e-05 -9.376337913992e-09 5.278180260448e-03 1.678907978565e-01 -4.806574993960e-01 1.019122593156e+01
22 1 9.059178686383e-135 -1.990543537893e-66 3.917534586244e-68 -1.089531581557e-67 1.467229479067e-02 4.852964729313e-01
22 2 8.765409590817e-119 -2.133194898663e-53 1.281912591554e-59 -1.882821080130e-59 -3.182645346746e-01 9.705929458626e-01
22 3 1.035898748722e-108 -2.695667413831e-46 3.705233212328e-54 -2.593671996789e-55 -4.442476680429e-02 1.455889418794e+00
22 4 3.049151131220e-100 -4.266772072376e-41 2.126834411255e-50 8.226131539705e-50 3.162306803636e-01 1.941185891725e+00
22 5 2.834743054025e-93 -2.045425318244e-37 -3.237517167648e-46 7.348466400144e-48 7.542744655733e-02 2.426482364657e+00
22 6 2.151042437289e-86 -3.961123742766e-34 5.938586974453e-43 -8.906340114691e-43 -3.124063964324e-01 2.911778837588e+00
22 7 2.591636734653e-80 -1.165492902664e-31 7.139872107122e-42 1.370806901577e-39 -1.086066661131e-01 3.397075310519e+00
22 8 6.383335609953e-74 -3.392255196859e-29 -5.613489096460e-37 -2.393792422056e-36 3.060424976867e-01 3.882371783451e+00
22 9 4.224244468356e-68 -2.540425484982e-27 1.700386445755e-34 2.243729757839e-33 1.450434133847e-01 4.367668256382e+00
22 10 8.420152136188e-62 -2.702071708179e-25 1.643638503179e-30 -3.123833977822e-30 -2.958487093804e-01 4.852964729313e+00
22 11 0.000000000000e+00 -9.235311966321e-24 0.000000000000e+00 0.000000000000e+00 -1.860658775228e-01 5.338261202244e+00
22 12 0.000000000000e+00 -5.417426092052e-22 0.000000000000e+00 0.000000000000e+00 2.796087282719e-01 5.823557675176e+00
22 13 0.000000000000e+00 -1.128260277194e-20 0.000000000000e+00 0.000000000000e+00 2.333666636959e-01 6.308854148107e+00
22 14 0.000000000000e+00 -4.569545181745e-19 0.000000000000e+00 0.000000000000e+00 -2.533464909943e-01 6.794150621038e+00
22 15 0.000000000000e+00 -6.790564874367e-18 0.000000000000e+00 0.000000000000e+00 -2.891094641184e-01 7.279447093970e+00
22 16 0.000000000000e+00 -2.186898051979e-16 0.000000000000e+00 0.000000000000e+00 2.093417439484e-01 7.764743566901e+00
22 17 0.000000000000e+00 -2.526729060583e-15 0.000000000000e+00 0.000000000000e+00 3.557810436048e-01 8.250040039832e+00
22 18 0.000000000000e+00 -7.205061820377e-14 0.000000000000e+00 0.000000000000e+00 -1.306207739176e-01 8.735336512764e+00
22 19 0.000000000000e+00 -6.637748767640e-13 0.000000000000e+00 0.000000000000e+00 -4.342767930676e-01 9.220632985695e+00
22 20 0.000000000000e+00 -1.889810171697e-11 0.000000000000e+00 0.000000000000e+00 -2.907291359544e-02 9.705929458626e+00
22 21 1.364525335071e-07 -1.238488372670e-10 -6.943848512876e-03 -6.389753575087e-03 5.079508651029e-01 1.019122593156e+01
22 22 3.336878264636e-05 -5.008579149254e-09 1.530500523036e-01 2.178735632965e-02 4.911194976221e-01 1.067652240449e+01
23 1 2.576816548311e-141 -7.002662047703e-70 1.824242523176e-71 -5.899414418991e-71 -3.187077946224e-01 4.852964729313e-01
23 2 3.240817653230e-125 -1.365092294062e-56 6.652961897514e-63 -1.214761921086e-62 -2.816732356385e-02 9.705929458626e-01
23 3 2.359386991844e-114 -8.059755686375e-49 5.464432275991e-57 -1.249849975207e-57 3.175156282936e-01 1.455889418794e+00
23 4 3.805885372876e-106 -1.014629933497e-43 4.338726443559e-53 8.443032414743e-53 5.705410237759e-02 1.941185891725e+00
23 5 1.463790444724e-98 -1.568457515296e-39 -6.984313880250e-49 2.317580503086e-49 -3.149207976863e-01 2.426482364657e+00
23 6 4.670219914041e-92 -1.930579865866e-36 3.170240885682e-46 -1.545121920340e-45 -8.742299788488e-02 2.911778837588e+00
23 7 1.977792444884e-85 -1.597160235211e-33 1.790125098704e-42 3.337090251871e-42 3.104628170134e-01 3.397075310519e+00
23 8 1.747898578930e-79 -2.643035721610e-31 -3.021273387558e-39 -2.724963582546e-39 1.201294384648e-01 3.882371783451e+00
23 9 3.718046517060e-73 -5.212053015211e-29 4.892376910903e-36 4.541987994858e-36 -3.033360099489e-01 4.367668256382e+00
23 10 2.344203970926e-67 -2.929269859028e-27 -2.464480618848e-33 -5.349313604771e-33 -1.561840905578e-01 4.852964729313e+00
23 11 0.000000000000e+00 -2.556294669118e-25 0.000000000000e+00 0.000000000000e+00 2.921960687199e-01 5.338261202244e+00
23 12 0.000000000000e+00 -7.463647774460e-24 0.000000000000e+00 0.000000000000e+00 1.968338987706e-01 5.823557675176e+00
23 13 0.000000000000e+00 -3.941593213879e-22 0.000000000000e+00 0.000000000000e+00 -2.747687041050e-01 6.308854148107e+00
23 14 0.000000000000e+00 -7.482922822455e-21 0.000000000000e+00 0.000000000000e+00 -2.436591375286e-01 6.794150621038e+00
23 15 0.000000000000e+00 -2.867892496398e-19 0.000000000000e+00 0.000000000000e+00 2.470133625488e-01 7.279447093970e+00
23 16 0.000000000000e+00 -4.020552447254e-18 0.000000000000e+00 0.000000000000e+00 2.986397194167e-01 7.764743566901e+00
23 17 0.000000000000e+00 -1.261387268676e-16 0.000000000000e+00 0.000000000000e+00 -2.011518779522e-01 8.250040039832e+00
23 18 0.000000000000e+00 -1.399617137261e-15 0.000000000000e+00 0.000000000000e+00 -3.639189150359e-01 8.735336512764e+00
23 19 0.000000000000e+00 -3.961264389254e-14 0.000000000000e+00 0.000000000000e+00 1.202416304083e-01 9.220632985695e+00
23 20 0.000000000000e+00 -3.530360206831e-13 0.000000000000e+00 0.000000000000e+00 4.396881667783e-01 9.705929458626e+00
23 21 0.000000000000e+00 -1.012693578009e-11 0.000000000000e+00 0.000000000000e+00 4.142004800657e-02 1.019122593156e+01
23 22 1.081868846983e-07 -6.412759575338e-11 -7.097501469053e-03 5.206711497994e-03 -5.078985345480e-01 1.067652240449e+01
23 23 2.577521511778e-05 -2.676258785814e-09 4.419648323069e-02 -1.349943055588e-01 -5.011789696341e-01 1.116181887742e+01
24 1 2.313228443136e-148 -1.055974572640e-73 4.695901767941e-75 -1.789561536736e-74 -1.345877541988e-02 4.852964729313e-01
24 2 3.244512036260e-131 -1.734594617931e-59 5.511629464205e-66 -1.271484048654e-65 3.182723146436e-01 9.705929458626e-01
24 3 1.702650923909e-120 -1.034466497921e-51 4.435979871177e-60 -1.731434162384e-60 4.069076756027e-02 1.455889418794e+00
24 4 1.312389646598e-111 -4.829006086033e-46 1.114352875084e-55 1.365823131246e-55 -3.165766773141e-01 1.941185891725e+00
24 5 2.407444313441e-104 -5.164855013265e-42 -7.781725794809e-52 5.339131406441e-52 -6.888319101125e-02 2.426482364657e+00
24 6 2.894077027875e-97 -1.904898620399e-38 -6.242916170892e-49 -3.876532376857e-48 3.134465150508e-01 2.911778837588e+00
24 7 4.833495524114e-91 -9.379291679385e-36 4.809230342150e-45 3.452297684792e-45 9.873569210255e-02 3.397075310519e+00
24 8 1.431341667746e-84 -4.233285889784e-33 -1.147503724066e-41 -1.969545373641e-42 -3.083694878795e-01 3.882371783451e+00
24 9 1.052206710904e-78 -4.555547004596e-31 1.121189637749e-38 6.421016044410e-40 -1.310452305597e-01 4.367668256382e+00
24 10 2.077914669055e-72 -6.662191234426e-29 -1.676005351147e-35 -5.155979935756e-36 3.004938438504e-01 4.852964729313e+00
24 11 1.298696640473e-66 -2.979778893471e-27 9.288858303051e-33 1.209344949094e-32 1.667616448507e-01 5.338261202244e+00
24 12 0.000000000000e+00 -2.218063346533e-25 0.000000000000e+00 0.000000000000e+00 -2.884292043305e-01 5.823557675176e+00
24 13 0.000000000000e+00 -5.681476737451e-24 0.000000000000e+00 0.000000000000e+00 -2.070582396391e-01 6.308854148107e+00
24 14 0.000000000000e+00 -2.750747704346e-22 0.000000000000e+00 0.000000000000e+00 2.698507697243e-01 6.794150621038e+00
24 15 0.000000000000e+00 -4.822203638160e-21 0.000000000000e+00 0.000000000000e+00 2.534100989963e-01 7.279447093970e+00
24 16 0.000000000000e+00 -1.764457479612e-19 0.000000000000e+00 0.000000000000e+00 -2.406626251196e-01 7.764743566901e+00
24 17 0.000000000000e+00 -2.348908505017e-18 0.000000000000e+00 0.000000000000e+00 -3.076230307618e-01 8.250040039832e+00
24 18 0.000000000000e+00 -7.210422102504e-17 0.000000000000e+00 0.000000000000e+00 1.930419112467e-01 8.735336512764e+00
24 19 0.000000000000e+00 -7.709938095955e-16 0.000000000000e+00 0.000000000000e+00 3.715170621540e-01 9.220632985695e+00
24 20 0.000000000000e+00 -2.170331547056e-14 0.000000000000e+00 0.000000000000e+00 -1.100949430807e-01 9.705929458626e+00
24 21 0.000000000000e+00 -1.874932107204e-13 0.000000000000e+00 0.000000000000e+00 -4.446350781339e-01 1.019122593156e+01
24 22 0.000000000000e+00 -5.423457601354e-12 0.000000000000e+00 0.000000000000e+00 -5.332842041167e-02 1.067652240449e+01
24 23 8.551712062051e-08 -3.323302474365e-11 3.475297692833e-03 7.407088019176e-03 5.076903776584e-01 1.116181887742e+01
24 24 1.992476626175e-05 -1.430342459631e-09 -1.147808278412e-01 -6.171048182515e-02 5.108655215571e-01 1.164711535035e+01
25 1 5.573539084465e-155 -3.183780058068e-77 1.939570402061e-78 -8.872069144075e-78 3.186475843509e-01 4.852964729313e-01
25 2 1.036552042364e-137 -9.426064172954e-63 2.472259742034e-69 -7.432514055659e-69 2.591878998002e-02 9.705929458626e-01
25 3 3.339319582644e-126 -2.668972568902e-54 5.812860253773e-63 -3.268558090986e-63 -3.176399917203e-01 1.455889418794e+00
25 4 1.450025683772e-117 -9.837676493919e-49 1.432182801717e-58 1.175576031122e-58 -5.239770911543e-02 1.941185891725e+00
25 5 1.101560904998e-109 -3.449445949431e-44 -1.306378938000e-54 1.538998140605e-54 3.154743868155e-01 2.426482364657e+00
25 6 5.772722688713e-103 -8.038676538201e-41 -2.664338931509e-51 -4.863494536919e-51 8.002517117008e-02 2.911778837588e+00
25 7 3.403559387209e-96 -1.130838027771e-37 1.541208745815e-47 3.042249782616e-48 -3.118263305590e-01 3.397075310519e+00
25 8 3.788588479348e-90 -2.889464040835e-35 -1.774527020987e-44 6.626058584637e-45 -1.094496775771e-01 3.882371783451e+00
25 9 9.004583588601e-84 -8.307467438063e-33 2.739016155949e-41 -1.814057820921e-41 3.061420794395e-01 4.367668256382e+00
25 10 5.963413221321e-78 -6.407812818638e-31 -2.636483135792e-38 1.368734833690e-38 1.414187662210e-01 4.852964729313e+00
25 11 1.145523682111e-71 -7.403230879722e-29 4.527932912918e-35 -9.311227407198e-37 -2.975313328573e-01 5.338261202244e+00
25 12 0.000000000000e+00 -2.749669086618e-27 0.000000000000e+00 0.000000000000e+00 -1.768285030536e-01 5.823557675176e+00
25 13 0.000000000000e+00 -1.797157971231e-25 0.000000000000e+00 0.000000000000e+00 2.845637786632e-01 6.308854148107e+00
25 14 0.000000000000e+00 -4.121517320975e-24 0.000000000000e+00 0.000000000000e+00 2.167844205170e-01 6.794150621038e+00
25 15 0.000000000000e+00 -1.855497062020e-22 0.000000000000e+00 0.000000000000e+00 -2.648703277336e-01 7.279447093970e+00
25 16 0.000000000000e+00 -3.034672315319e-21 0.000000000000e+00 0.000000000000e+00 -2.626623393786e-01 7.764743566901e+00
25 17 0.000000000000e+00 -1.067696563886e-19 0.000000000000e+00 0.000000000000e+00 2.343076786953e-01 8.250040039832e+00
25 18 0.000000000000e+00 -1.356961290197e-18 0.000000000000e+00 0.000000000000e+00 3.161026973687e-01 8.735336512764e+00
25 19 0.000000000000e+00 -4.090314936507e-17 0.000000000000e+00 0.000000000000e+00 -1.850198472715e-01 9.220632985695e+00
25 20 0.000000000000e+00 -4.227109203870e-16 0.000000000000e+00 0.000000000000e+00 -3.786211371188e-01 9.705929458626e+00
25 21 0.000000000000e+00 -1.185576291040e-14 0.000000000000e+00 0.000000000000e+00 1.001769370568e-01 1.019122593156e+01
25 22 0.000000000000e+00 -9.945436394100e-14 0.000000000000e+00 0.000000000000e+00 4.491626673195e-01 1.067652240449e+01
25 23 0.000000000000e+00 -2.903028244364e-12 0.000000000000e+00 0.000000000000e+00 6.482370352367e-02 1.116181887742e+01
25 24 6.742241648226e-08 -1.723633016871e-11 7.355717185939e-03 -1.833233117250e-03 -5.073479792607e-01 1.164711535035e+01
25 25 1.541261571593e-05 -7.645801271363e-10 -7.431945054243e-02 9.344019820447e-02 -5.202057126865e-01 1.213241182328e+01
26 1 4.317052072081e-162 -4.091543744825e-81 4.413338076779e-82 -2.488667805828e-81 1.243162530475e-02 4.852964729313e-01
26 2 8.899642553920e-144 -1.035012511997e-65 1.704560005047e-72 -7.054938824183e-72 -3.182782225238e-01 9.705929458626e-01
26 3 2.111574530821e-132 -2.938069528498e-57 4.234416780749e-66 -3.192414631635e-66 -3.754244928864e-02 1.455889418794e+00
26 4 4.375609833605e-123 -4.076729756908e-51 2.827829352046e-61 1.537274576812e-61 3.168419113991e-01 1.941185891725e+00
26 5 1.631227931105e-115 -9.829727697614e-47 -1.072184801260e-57 2.210209048584e-57 6.340742199343e-02 2.426482364657e+00
26 6 3.227881569976e-108 -6.967944137125e-43 -9.622884743176e-54 -8.908134540525e-54 -3.142286635284e-01 2.911778837588e+00
26 7 7.785641353531e-102 -5.805615469050e-40 2.324582974194e-50 -4.915105619307e-51 -9.056873051406e-02 3.397075310519e+00
26 8 2.917079924351e-95 -4.103708531060e-37 -3.460866740710e-47 3.955841687617e-47 3.100753422596e-01 3.882371783451e+00
26 9 2.510176831895e-89 -6.418236730104e-35 2.062912710534e-44 -5.082490438067e-44 1.196323868278e-01 4.367668256382e+00
26 10 5.231211419928e-83 -1.304235701401e-32 -3.181116807871e-41 8.203071311433e-41 -3.037942526213e-01 4.852964729313e+00
26 11 3.288217015402e-77 -7.719646150339e-31 4.854331938917e-38 -5.942363997090e-38 -1.513032216690e-01 5.338261202244e+00
26 12 6.333576619626e-71 -7.376578968834e-29 -1.134186558907e-34 2.514412140793e-35 2.944621624953e-01 5.823557675176e+00
26 13 0.000000000000e+00 -2.348529753233e-27 0.000000000000e+00 0.000000000000e+00 1.864288836044e-01 6.308854148107e+00
26 14 0.000000000000e+00 -1.377911933690e-25 0.000000000000e+00 0.000000000000e+00 -2.806137189408e-01 6.794150621038e+00
26 15 0.000000000000e+00 -2.874560645609e-24 0.000000000000e+00 0.000000000000e+00 -2.260517814451e-01 7.279447093970e+00
26 16 0.000000000000e+00 -1.216914604765e-22 0.000000000000e+00 0.000000000000e+00 2.598408482931e-01 7.764743566901e+00
26 17 0.000000000000e+00 -1.872281470496e-21 0.000000000000e+00 0.000000000000e+00 2.714535362422e-01 8.250040039832e+00
26 18 0.000000000000e+00 -6.370950213159e-20 0.000000000000e+00 0.000000000000e+00 -2.279599023455e-01 8.735336512764e+00
26 19 0.000000000000e+00 -7.764749381972e-19 0.000000000000e+00 0.000000000000e+00 -3.241172284397e-01 9.220632985695e+00
26 20 0.000000000000e+00 -2.305236462312e-17 0.000000000000e+00 0.000000000000e+00 1.770919171297e-01 9.705929458626e+00
26 21 0.000000000000e+00 -2.308238387131e-16 0.000000000000e+00 0.000000000000e+00 3.852717428842e-01 1.019122593156e+01
26 22 0.000000000000e+00 -6.459825593491e-15 0.000000000000e+00 0.000000000000e+00 -9.048309202036e-02 1.067652240449e+01
26 23 0.000000000000e+00 -5.270096285665e-14 0.000000000000e+00 0.000000000000e+00 -4.533106403259e-01 1.116181887742e+01
26 24 0.000000000000e+00 -1.553224705867e-12 0.000000000000e+00 0.000000000000e+00 -7.592964963163e-02 1.164711535035e+01
26 25 0.000000000000e+00 -8.946420847959e-12 0.000000000000e+00 0.000000000000e+00 5.068897706089e-01 1.213241182328e+01
26 26 1.192942526061e-05 -4.087473931189e-10 7.192859859320e-02 8.221661098513e-02 5.292234505442e-01 1.261770829621e+01
27 1 8.921806962892e-169 -1.068827017271e-84 1.573628644675e-85 -1.138182286204e-84 -3.186000873950e-01 4.852964729313e-01
27 2 2.479365899695e-150 -4.834221299781e-69 5.969733774109e-76 -3.784069927338e-75 -2.400506806793e-02 9.705929458626e-01
27 3 3.598935249668e-138 -6.604155947474e-60 4.951664788934e-69 -4.838530230421e-69 3.177370317931e-01 1.455889418794e+00
27 4 4.297258650510e-129 -7.189970498415e-54 3.030585596337e-64 9.949252120809e-65 4.845487168135e-02 1.941185891725e+00
27 5 6.635589897716e-121 -5.763358806696e-49 -1.042122811344e-60 4.843742635453e-60 -3.159005243017e-01 2.426482364657e+00
27 6 5.893342271551e-114 -2.568093421724e-45 -1.602670596981e-56 -7.555998792522e-57 -7.381330474058e-02 2.911778837588e+00
27 7 5.032225733005e-107 -6.196784100331e-42 5.021273731060e-53 -3.357801832852e-53 3.128550586027e-01 3.397075310519e+00
27 8 7.354410973963e-101 -2.470092126198e-39 -2.085563789937e-50 8.080876561695e-50 1.005846204149e-01 3.882371783451e+00
27 9 2.054985087411e-94 -1.045069759277e-36 -2.768097078698e-47 -1.544833070166e-46 -3.082063165573e-01 4.367668256382e+00
27 10 1.504330148558e-88 -1.117800761886e-34 4.474360467473e-44 1.423328212781e-43 -1.293387760846e-01 4.852964729313e+00
27 11 2.914911159747e-82 -1.726802941076e-32 -2.698504341207e-41 -2.268565951157e-40 3.013381135812e-01 5.338261202244e+00
27 12 1.800372578445e-76 -8.241135022553e-31 -7.584642797211e-38 1.805848551585e-37 1.607429707653e-01 5.823557675176e+00
27 13 0.000000000000e+00 -6.739828406952e-29 0.000000000000e+00 0.000000000000e+00 -2.912986088998e-01 6.308854148107e+00
27 14 0.000000000000e+00 -1.884588024940e-27 0.000000000000e+00 0.000000000000e+00 -1.956005845370e-01 6.794150621038e+00
27 15 0.000000000000e+00 -1.009826449717e-25 0.000000000000e+00 0.000000000000e+00 2.765914268474e-01 7.279447093970e+00
27 16 0.000000000000e+00 -1.940678994099e-24 0.000000000000e+00 0.000000000000e+00 2.348946818465e-01 7.764743566901e+00
27 17 0.000000000000e+00 -7.795619837028e-23 0.000000000000e+00 0.000000000000e+00 -2.547741201702e-01 8.250040039832e+00
27 18 0.000000000000e+00 -1.135979735425e-21 0.000000000000e+00 0.000000000000e+00 -2.798171198585e-01 8.735336512764e+00
27 19 0.000000000000e+00 -3.756539598892e-20 0.000000000000e+00 0.000000000000e+00 2.216289534902e-01 9.220632985695e+00
27 20 0.000000000000e+00 -4.407005682642e-19 0.000000000000e+00 0.000000000000e+00 3.317010596894e-01 9.705929458626e+00
27 21 0.000000000000e+00 -1.291899354627e-17 0.000000000000e+00 0.000000000000e+00 -1.692628905730e-01 1.019122593156e+01
27 22 0.000000000000e+00 -1.256042673309e-16 0.000000000000e+00 0.000000000000e+00 -3.915051439966e-01 1.067652240449e+01
27 23 0.000000000000e+00 -3.511934311212e-15 0.000000000000e+00 0.000000000000e+00 8.100835834834e-02 1.116181887742e+01
27 24 0.000000000000e+00 -2.790226204200e-14 0.000000000000e+00 0.000000000000e+00 4.571140627746e-01 1.164711535035e+01
27 25 0.000000000000e+00 -8.307126317174e-13 0.000000000000e+00 0.000000000000e+00 8.666824935435e-02 1.213241182328e+01
27 26 4.163896227028e-08 -4.646911320828e-12 -6.385891856526e-03 -9.342657722027e-04 -5.063315532686e-01 1.261770829621e+01
27 27 9.238351904363e-06 -2.185335882331e-10 8.576491471703e-02 -5.109081350878e-02 -5.379403246400e-01 1.310300476915e+01
28 1 6.021640419611e-176 -1.184438915825e-88 3.000542943675e-89 -2.969950948446e-88 -1.155079903080e-02 4.852964729313e-01
28 2 1.844796834639e-156 -4.631341859472e-72 2.612061868067e-79 -3.294126497410e-78 3.182828198059e-01 9.705929458626e-01
28 3 2.007719694695e-144 -6.301562550748e-63 3.228974817923e-72 -4.038859627865e-72 3.485084056539e-02 1.455889418794e+00
28 4 1.142156421130e-134 -2.615902669317e-56 5.145962853915e-67 7.490809583932e-68 -3.170499318058e-01 1.941185891725e+00
28 5 8.859388823528e-127 -1.434171040115e-51 9.602841307638e-65 5.724108406939e-63 -5.875408627673e-02 2.426482364657e+00
28 6 2.974509129349e-119 -1.968913841973e-47 -3.936304595193e-59 -5.926423765118e-60 3.148327465552e-01 2.911778837588e+00
28 7 1.070334578306e-112 -2.801766386441e-44 5.118223199088e-56 -7.170242537959e-56 8.368970474580e-02 3.397075310519e+00
28 8 5.281636584493e-106 -3.127295253327e-41 4.175771646931e-53 2.197183905271e-52 -3.113662269138e-01 3.882371783451e+00
28 9 5.545872978023e-100 -7.176258543256e-39 -1.675776658010e-49 -1.959369977290e-49 -1.101301932399e-01 4.367668256382e+00
28 10 1.282371907353e-93 -2.044096792772e-36 3.509819136426e-46 2.580178469804e-46 3.062303352277e-01 4.852964729313e+00
28 11 8.513359308265e-88 -1.616211749096e-34 -2.980476266383e-43 -2.521926450532e-43 1.386143211423e-01 5.338261202244e+00
28 12 1.595966459414e-81 -2.001217664169e-32 2.737420813482e-40 5.149220564196e-40 -2.987845077526e-01 5.823557675176e+00
28 13 9.911596947582e-76 -7.991097969092e-31 1.096805384596e-37 -4.856340913409e-37 -1.697755582504e-01 6.308854148107e+00
28 14 0.000000000000e+00 -5.741558485921e-29 0.000000000000e+00 0.000000000000e+00 2.880517197667e-01 6.794150621038e+00
28 15 0.000000000000e+00 -1.436991832047e-27 0.000000000000e+00 0.000000000000e+00 2.043762965455e-01 7.279447093970e+00
28 16 0.000000000000e+00 -7.128985891580e-26 0.000000000000e+00 0.000000000000e+00 -2.725079576624e-01 7.764743566901e+00
28 17 0.000000000000e+00 -1.275003042242e-24 0.000000000000e+00 0.000000000000e+00 -2.433434061388e-01 8.250040039832e+00
28 18 0.000000000000e+00 -4.895737986324e-23 0.000000000000e+00 0.000000000000e+00 2.496804669469e-01 8.735336512764e+00
28 19 0.000000000000e+00 -6.794474474414e-22 0.000000000000e+00 0.000000000000e+00 2.877829493507e-01 9.220632985695e+00
28 20 0.000000000000e+00 -2.192478591385e-20 0.000000000000e+00 0.000000000000e+00 -2.153230196971e-01 9.705929458626e+00
28 21 0.000000000000e+00 -2.483735043882e-19 0.000000000000e+00 0.000000000000e+00 -3.388851317737e-01 1.019122593156e+01
28 22 0.000000000000e+00 -7.204767438189e-18 0.000000000000e+00 0.000000000000e+00 1.615363305147e-01 1.067652240449e+01
28 23 0.000000000000e+00 -6.814212548301e-17 0.000000000000e+00 0.000000000000e+00 3.973538536208e-01 1.116181887742e+01
28 24 0.000000000000e+00 -1.905586079612e-15 0.000000000000e+00 0.000000000000e+00 -7.174732443261e-02 1.164711535035e+01
28 25 0.000000000000e+00 -1.476196920958e-14 0.000000000000e+00 0.000000000000e+00 -4.606040164303e-01 1.213241182328e+01
28 26 0.000000000000e+00 -4.441419498512e-13 0.000000000000e+00 0.000000000000e+00 -9.705987898371e-02 1.261770829621e+01
28 27 3.263542317825e-08 -2.415306598262e-12 -1.980613642872e-03 5.593094131127e-03 5.056869242334e-01 1.310300476915e+01
28 28 7.157751740950e-06 -1.168417920233e-10 -3.163433721759e-02 -8.545910721462e-02 5.463758899935e-01 1.358830124208e+01
29 1 1.078989728474e-182 -2.706366178519e-92 8.251538777381e-93 -1.260891569317e-91 3.185619580019e-01 4.852964729313e-01
29 2 4.518547429610e-163 -1.878782154098e-75 7.720810388927e-84 -1.635391168010e-81 2.235614447423e-02 9.705929458626e-01
29 3 2.998572193629e-150 -1.244556060509e-65 3.340061018026e-75 -5.364583830496e-75 -3.178142581790e-01 1.455889418794e+00
29 4 1.001567195557e-140 -4.031119607662e-59 4.868582374308e-70 -1.016206456244e-71 -4.507136354851e-02 1.941185891725e+00
29 5 3.216648531308e-132 -7.435551029381e-54 2.542094447926e-66 1.060826253475e-65 3.162359773843e-01 2.426482364657e+00
29 6 4.964822468268e-125 -6.387283122779e-50 -5.100626459928e-62 6.573188891581e-63 6.851808904646e-02 2.911778837588e+00
29 7 6.335740612275e-118 -2.663161898557e-46 5.850749828303e-59 -2.061953316445e-58 -3.136518462349e-01 3.397075310519e+00
29 8 1.256704569629e-111 -1.670400002972e-43 1.963246387025e-55 2.836779382289e-55 -9.309670158778e-02 3.882371783451e+00
29 9 4.298305879215e-105 -1.048161971385e-40 -6.711296182611e-52 -2.545304946889e-52 3.097728190632e-01 4.367668256382e+00
29 10 3.624050002964e-99 -1.568221691601e-38 7.317655423929e-49 2.819823179934e-50 1.192526234719e-01 4.852964729313e+00
29 11 7.438393459630e-93 -3.266170522904e-36 -1.154062219665e-45 8.000437451860e-49 -3.041572004858e-01 5.338261202244e+00
29 12 4.678687813293e-87 -2.020125510792e-34 9.661845502760e-43 2.519012133543e-43 -1.474971740846e-01 5.823557675176e+00
29 13 0.000000000000e+00 -2.085749014379e-32 0.000000000000e+00 0.000000000000e+00 2.961432210977e-01 6.308854148107e+00
29 14 0.000000000000e+00 -7.168624724873e-31 0.000000000000e+00 0.000000000000e+00 1.784331443955e-01 6.794150621038e+00
29 15 0.000000000000e+00 -4.618286248310e-29 0.000000000000e+00 0.000000000000e+00 -2.847314590999e-01 7.279447093970e+00
29 16 0.000000000000e+00 -1.050269415711e-27 0.000000000000e+00 0.000000000000e+00 -2.127845849468e-01 7.764743566901e+00
29 17 0.000000000000e+00 -4.877541090918e-26 0.000000000000e+00 0.000000000000e+00 2.683731753013e-01 8.250040039832e+00
29 18 0.000000000000e+00 -8.186070195186e-25 0.000000000000e+00 0.000000000000e+00 2.514248593819e-01 8.735336512764e+00
29 19 0.000000000000e+00 -3.022991099760e-23 0.000000000000e+00 0.000000000000e+00 -2.445689334549e-01 9.220632985695e+00
29 20 0.000000000000e+00 -4.015634609564e-22 0.000000000000e+00 0.000000000000e+00 -2.953778487209e-01 9.705929458626e+00
29 21 0.000000000000e+00 -1.268379552725e-20 0.000000000000e+00 0.000000000000e+00 2.090490310242e-01 1.019122593156e+01
29 22 0.000000000000e+00 -1.391287501140e-19 0.000000000000e+00 0.000000000000e+00 3.456973631198e-01 1.067652240449e+01
29 23 0.000000000000e+00 -4.000911482771e-18 0.000000000000e+00 0.000000000000e+00 -1.539148020966e-01 1.116181887742e+01
29 24 0.000000000000e+00 -3.687082036383e-17 0.000000000000e+00 0.000000000000e+00 -4.028471226907e-01 1.164711535035e+01
29 25 0.000000000000e+00 -1.032215364307e-15 0.000000000000e+00 0.000000000000e+00 6.269434625332e-02 1.213241182328e+01
29 26 0.000000000000e+00 -7.805154162802e-15 0.000000000000e+00 0.000000000000e+00 4.638081459377e-01 1.261770829621e+01
29 27 0.000000000000e+00 -2.373911877038e-13 0.000000000000e+00 0.000000000000e+00 1.071234362598e-01 1.310300476915e+01
29 28 0.000000000000e+00 -1.256193384376e-12 0.000000000000e+00 0.000000000000e+00 -5.049676231511e-01 1.358830124208e+01
29 29 5.548096084330e-06 -6.247170869396e-11 -8.188601354952e-02 1.411419815360e-02 -5.545479091917e-01 1.407359771501e+01
30 1 6.401018012392e-190 -2.612581765792e-96 9.613158795203e-97 -3.076165049447e-95 1.078699632866e-02 4.852964729313e-01
30 2 2.940512744635e-169 -1.583827420181e-78 -8.820252404044e-86 -1.316333169988e-84 -3.182864709666e-01 9.705929458626e-01
30 3 1.485238516477e-156 -1.038904376715e-68 1.909836405969e-78 -4.016568670432e-78 -3.252251578975e-02 1.455889418794e+00
30 4 2.359304492700e-146 -1.297278791321e-61 7.353837038950e-73 -1.334435740505e-73 3.172162287890e-01 1.941185891725e+00
30 5 3.881117944110e-138 -1.628822149108e-56 5.151338930893e-69 1.081862877129e-68 5.474818520119e-02 2.426482364657e+00
30 6 2.265651389087e-130 -4.358760872560e-52 -1.014761649142e-64 4.209632277162e-65 -3.153096872347e-01 2.911778837588e+00
30 7 1.248563776738e-123 -1.067606909143e-48 -1.531166505965e-62 -3.004951083597e-61 -7.780982056569e-02 3.397075310519e+00
30 8 8.379608163619e-117 -1.894960767462e-45 7.506154998027e-58 4.797596939002e-58 3.123686142829e-01 3.882371783451e+00
30 9 1.110229261223e-110 -6.431340191543e-43 -1.146327623241e-54 1.291074734876e-55 1.020835212824e-01 4.367668256382e+00
30 10 2.965362603223e-104 -2.586904297116e-40 1.814096634661e-51 -1.047428860486e-51 -3.080840395939e-01 4.852964729313e+00
30 11 2.164581603740e-98 -2.754270798091e-38 -1.552402201485e-48 1.210692789125e-48 -1.279912346334e-01 5.338261202244e+00
30 12 4.139790157218e-92 -4.453863536912e-36 2.577831550789e-45 -1.475172047134e-45 3.019956981369e-01 5.823557675176e+00
30 13 2.543158427705e-86 -2.247974106414e-34 -2.513156041023e-42 2.097734139250e-43 1.560197427109e-01 6.308854148107e+00
30 14 0.000000000000e+00 -1.994810193156e-32 0.000000000000e+00 0.000000000000e+00 -2.934231259891e-01 6.794150621038e+00
30 15 0.000000000000e+00 -6.033068353239e-31 0.000000000000e+00 0.000000000000e+00 -1.867435807353e-01 7.279447093970e+00
30 16 0.000000000000e+00 -3.541921620036e-29 0.000000000000e+00 0.000000000000e+00 2.813468275537e-01 7.764743566901e+00
30 17 0.000000000000e+00 -7.408473463916e-28 0.000000000000e+00 0.000000000000e+00 2.208506363830e-01 8.250040039832e+00
30 18 0.000000000000e+00 -3.249835033331e-26 0.000000000000e+00 0.000000000000e+00 -2.641958875126e-01 8.735336512764e+00
30 19 0.000000000000e+00 -5.153696788719e-25 0.000000000000e+00 0.000000000000e+00 -2.591631102225e-01 9.220632985695e+00
30 20 0.000000000000e+00 -1.839680406572e-23 0.000000000000e+00 0.000000000000e+00 2.394474467364e-01 9.705929458626e+00
30 21 0.000000000000e+00 -2.347705693139e-22 0.000000000000e+00 0.000000000000e+00 3.026260378422e-01 1.019122593156e+01
30 22 0.000000000000e+00 -7.281640962768e-21 0.000000000000e+00 0.000000000000e+00 -2.028128395368e-01 1.067652240449e+01
30 23 0.000000000000e+00 -7.752034659253e-20 0.000000000000e+00 0.000000000000e+00 -3.521630407478e-01 1.116181887742e+01
30 24 0.000000000000e+00 -2.213461544154e-18 0.000000000000e+00 0.000000000000e+00 1.464000450240e-01 1.164711535035e+01
30 25 0.000000000000e+00 -1.990433534874e-17 0.000000000000e+00 0.000000000000e+00 4.080113507545e-01 1.213241182328e+01
30 26 0.000000000000e+00 -5.582885066434e-16 0.000000000000e+00 0.000000000000e+00 -5.384364762544e-02 1.261770829621e+01
30 27 0.000000000000e+00 -4.124691783417e-15 0.000000000000e+00 0.000000000000e+00 -4.667511170300e-01 1.310300476915e+01
30 28 0.000000000000e+00 -1.268509379990e-13 0.000000000000e+00 0.000000000000e+00 -1.168764648631e-01 1.358830124208e+01
30 29 0.000000000000e+00 -6.537350682588e-13 0.000000000000e+00 0.000000000000e+00 5.041838176526e-01 1.407359771501e+01
30 30 4.302073398726e-06 -3.340137183314e-11 -1.072180034833e-03 7.568566985302e-02 5.624725600134e-01 1.455889418794e+01
