2 1 3.197208161870e-09 -4.343957303172e-05 -4.207349544734e-05 5.409236211790e-05 2.781922496372e-01 4.834996615047e-01
2 2 8.060848173700e-03 -2.246724096594e-03 1.247578423468e-01 -1.783132575970e-01 9.449755395376e-02 9.669993230094e-01
3 1 9.818966394592e-15 -1.726229542414e-07 3.371967554048e-08 1.152623034619e-07 -3.408695156939e-01 4.834996615047e-01
3 2 2.530296527029e-08 -3.506080976003e-05 3.420670795982e-04 -1.779139259357e-04 -3.431130166858e-01 9.669993230094e-01
3 3 7.477735290569e-03 -1.316525044123e-03 -3.134138064672e-01 2.497276321581e-02 -1.397541984721e-01 1.450498984514e+00
4 1 7.564256929456e-21 -6.030648967873e-10 7.721153959911e-11 7.175655476990e-11 -8.906502329781e-02 4.834996615047e-01
4 2 9.617378723183e-14 -3.766214691838e-07 -5.013518292323e-07 -5.600883935746e-07 3.110297412902e-01 9.669993230094e-01
4 3 1.250478033044e-07 -2.052500242382e-05 -1.077872904823e-03 -7.008982010277e-04 3.831405635812e-01 1.450498984514e+00
4 4 5.649651043067e-03 -6.519767085662e-04 1.735694255101e-01 3.203871012550e-01 1.763369129386e-01 1.933998646019e+00
5 1 3.988157216234e-26 -2.061451823896e-12 2.187777872132e-13 1.035162871062e-13 3.261858562249e-01 4.834996615047e-01
5 2 1.202865870838e-19 -2.914670234320e-09 -8.286849919855e-10 1.414372215531e-10 1.466700333680e-01 9.669993230094e-01
5 3 6.724141819403e-13 -3.503301435569e-07 1.505752507519e-06 2.573263004007e-06 -2.837313808561e-01 1.450498984514e+00
5 4 3.753011778467e-07 -1.101539629754e-05 -1.220224378200e-03 2.707604923032e-03 -4.113157080154e-01 1.933998646019e+00
5 5 4.123423138643e-03 -3.185490531130e-04 2.810664793707e-01 -2.691041857733e-01 -2.079603678455e-01 2.417498307524e+00
6 1 3.468417934591e-32 -4.316536759016e-15 2.211782121950e-16 4.500490877369e-17 5.543864073327e-02 4.834996615047e-01
6 2 1.093126804397e-24 -2.681262149502e-11 -1.760556268856e-12 1.822888233818e-12 -3.167624903278e-01 9.669993230094e-01
6 3 9.009474789067e-19 -3.826799518182e-09 3.091928585848e-09 -1.532985499528e-09 -1.904488859412e-01 1.450498984514e+00
6 4 4.292112080138e-12 -2.501853524612e-07 1.420127463607e-06 -9.942510980490e-06 2.577486020545e-01 1.933998646019e+00
6 5 7.239686337213e-07 -5.723858920860e-06 4.693171386346e-03 2.135147630387e-03 4.323010711927e-01 2.417498307524e+00
6 6 3.006445050312e-03 -1.575435468604e-04 -3.219873500160e-01 -2.351570482405e-01 2.360954921810e-01 2.900997969028e+00
7 1 1.167135357557e-37 -1.058138986750e-17 4.139905154046e-19 6.668268509867e-21 -3.223648098384e-01 4.834996615047e-01
7 2 2.079720203617e-30 -1.447691509152e-13 -9.618459474580e-16 3.360638826076e-15 -9.725881820077e-02 9.669993230094e-01
7 3 8.872463035903e-24 -5.651928967695e-11 1.436618435989e-12 -1.073431744800e-11 3.062575822068e-01 1.450498984514e+00
7 4 6.056469415167e-18 -3.313726436581e-09 -1.137007183340e-08 3.613374344214e-09 2.258695561263e-01 1.933998646019e+00
7 5 0.000000000000e+00 -1.590199090452e-07 0.000000000000e+00 0.000000000000e+00 -2.329100016135e-01 2.417498307524e+00
7 6 1.036379081768e-06 -2.934142398587e-06 3.440888640561e-03 -6.554532810989e-03 -4.484236537903e-01 2.900997969028e+00
7 7 2.206014271960e-03 -7.908265550315e-05 -1.958316240700e-01 3.470201178866e-01 -2.615363312322e-01 3.384497630533e+00
8 1 7.741848518432e-44 -1.345600264506e-20 3.338544215338e-22 -4.749734585216e-23 -4.078472239577e-02 4.834996615047e-01
8 2 1.607062354938e-35 -1.034203029695e-15 1.001842100146e-18 9.665222037079e-18 3.176708650643e-01 9.669993230094e-01
8 3 2.118209836888e-29 -4.702839115651e-13 -9.651804361389e-15 -1.366964620568e-14 1.314762000534e-01 1.450498984514e+00
8 4 5.799602512338e-23 -6.536485763263e-11 2.811104735274e-12 3.681142025971e-11 -2.949247374400e-01 1.933998646019e+00
8 5 0.000000000000e+00 -2.377414939838e-09 0.000000000000e+00 0.000000000000e+00 -2.554733683498e-01 2.417498307524e+00
8 6 0.000000000000e+00 -9.507355003656e-08 0.000000000000e+00 0.000000000000e+00 2.091844235422e-01 2.900997969028e+00
8 7 1.232970782072e-06 -1.495381804370e-06 -8.002426710199e-03 -4.970060934232e-03 4.610497731041e-01 3.384497630533e+00
8 8 1.630667883957e-03 -4.021344125694e-05 3.546127279605e-01 1.659553694276e-01 2.847889331968e-01 3.867997292038e+00
9 1 1.693105407169e-49 -2.335391235861e-23 4.800980705985e-25 -1.348874927370e-25 3.207911932980e-01 4.834996615047e-01
9 2 2.771765089159e-41 -3.770522279948e-18 5.275620027136e-21 1.161973142454e-20 7.372711767811e-02 9.669993230094e-01
9 3 2.159353900878e-34 -5.681433336334e-15 -4.987735434932e-17 -1.915216512307e-17 -3.120058552541e-01 1.450498984514e+00
9 4 1.449722354966e-28 -6.974068907001e-13 5.187557423640e-14 2.675748980681e-14 -1.606453717534e-01 1.933998646019e+00
9 5 3.680596983165e-22 -5.729922775181e-11 6.040794197956e-12 -1.160989158128e-10 2.830291916681e-01 2.417498307524e+00
9 6 0.000000000000e+00 -1.541349874312e-09 0.000000000000e+00 0.000000000000e+00 2.807152120015e-01 2.900997969028e+00
9 7 0.000000000000e+00 -5.484239187694e-08 0.000000000000e+00 0.000000000000e+00 -1.865470009777e-01 3.384497630533e+00
9 8 1.305025269946e-06 -7.604466352696e-07 -6.547148823264e-03 8.933873323062e-03 -4.710610275693e-01 3.867997292038e+00
9 9 1.213571123596e-03 -2.066117237383e-05 1.448727396505e-01 -3.512791200685e-01 -3.062096865203e-01 4.351496953542e+00
10 1 8.346969551872e-56 -1.957683800774e-26 3.236638548419e-28 -1.335840371444e-28 3.241315416444e-02 4.834996615047e-01
10 2 1.617718953865e-46 -2.027572739836e-20 1.985413574072e-23 2.358551341236e-23 -3.179624200887e-01 9.669993230094e-01
10 3 5.395229237934e-40 -3.442875619913e-17 -8.375078437345e-20 1.086390593327e-20 -1.017174825169e-01 1.450498984514e+00
10 4 1.608380650014e-33 -1.163233007515e-14 1.839479240511e-16 -6.294620525216e-17 3.055893533625e-01 1.933998646019e+00
10 5 9.045257006604e-28 -7.176289345337e-13 -1.729287287969e-13 -5.753754580359e-14 1.861079883093e-01 2.417498307524e+00
10 6 0.000000000000e+00 -4.315483999671e-11 0.000000000000e+00 0.000000000000e+00 -2.707882086880e-01 2.900997969028e+00
10 7 0.000000000000e+00 -9.404001732030e-10 0.000000000000e+00 0.000000000000e+00 -3.025355619715e-01 3.384497630533e+00
10 8 0.000000000000e+00 -3.093017915550e-08 0.000000000000e+00 0.000000000000e+00 1.649608851154e-01 3.867997292038e+00
10 9 1.278700723093e-06 -3.865531790895e-07 9.354540516979e-03 8.039062376104e-03 4.790619452725e-01 4.351496953542e+00
10 10 9.084587369485e-04 -1.070159449632e-05 -3.410177702892e-01 -1.309359962248e-01 3.260659698972e-01 4.834996615047e+00
11 1 1.260614293472e-61 -2.489547701614e-29 3.786504234333e-31 -2.044185843970e-31 -3.199872315453e-01 4.834996615047e-01
11 2 2.294059608295e-52 -5.215033400983e-23 2.966899564519e-26 2.162374272403e-26 -5.966576905126e-02 9.669993230094e-01
11 3 4.713279044177e-45 -3.280135592874e-19 -2.127952982390e-22 1.304810717232e-22 3.143774861419e-01 1.450498984514e+00
11 4 4.677554183117e-39 -9.548027308251e-17 1.777694877318e-19 -2.798690638321e-19 1.262210524737e-01 1.933998646019e+00
11 5 1.008417983468e-32 -1.494355142840e-14 -4.613156328335e-16 3.968464647884e-16 -2.985888932771e-01 2.417498307524e+00
11 6 5.588410820505e-27 -6.037548745819e-13 4.922119744524e-13 2.307187773953e-13 -2.086760687150e-01 2.900997969028e+00
11 7 0.000000000000e+00 -2.963111487382e-11 0.000000000000e+00 0.000000000000e+00 2.583674832819e-01 3.384497630533e+00
11 8 0.000000000000e+00 -5.516927003272e-10 0.000000000000e+00 0.000000000000e+00 3.215908370117e-01 3.867997292038e+00
11 9 0.000000000000e+00 -1.718485719549e-08 0.000000000000e+00 0.000000000000e+00 -1.443791320550e-01 4.351496953542e+00
11 10 1.187972812113e-06 -1.965952923794e-07 9.357823354546e-03 -9.323327054851e-03 -4.854850130145e-01 4.834996615047e+00
11 11 6.834352248481e-04 -5.577806759239e-06 -1.224071558124e-01 3.263166391358e-01 -3.445669393721e-01 5.318496276552e+00
12 1 4.714489507070e-68 -1.469243164182e-32 2.188024881389e-34 -1.461964994244e-34 -2.695016345089e-02 4.834996615047e-01
12 2 1.011719636512e-57 -2.145838333796e-25 7.049887520116e-29 3.121048813242e-29 3.180906746315e-01 9.669993230094e-01
12 3 1.063465022547e-50 -1.479497272592e-21 -2.270655471327e-25 2.983720802560e-25 8.339476711738e-02 1.450498984514e+00
12 4 4.909933292554e-44 -1.299970966456e-18 -9.128215054001e-24 -1.074158118452e-21 -3.102017263198e-01 1.933998646019e+00
12 5 3.081862527382e-38 -1.500297946443e-16 1.289344720090e-21 1.063805975489e-18 -1.480824255314e-01 2.417498307524e+00
12 6 6.077054219472e-32 -1.481349369813e-14 1.212169984866e-15 -1.320631070787e-15 2.911404369643e-01 2.900997969028e+00
12 7 0.000000000000e+00 -4.490792334744e-13 0.000000000000e+00 0.000000000000e+00 2.288916193805e-01 3.384497630533e+00
12 8 0.000000000000e+00 -1.914907196733e-11 0.000000000000e+00 0.000000000000e+00 -2.458900861527e-01 3.867997292038e+00
12 9 0.000000000000e+00 -3.151339243833e-10 0.000000000000e+00 0.000000000000e+00 -3.383634954683e-01 4.351496953542e+00
12 10 0.000000000000e+00 -9.449523984151e-09 0.000000000000e+00 0.000000000000e+00 1.247490712138e-01 4.834996615047e+00
12 11 1.062426690579e-06 -1.000841973228e-07 -8.920849168897e-03 -1.045189815877e-02 4.906494833173e-01 5.318496276552e+00
12 12 5.163049220786e-04 -2.921376125563e-06 3.087698527355e-01 1.177530842061e-01 3.618809888552e-01 5.801995938057e+00
13 1 5.178798640810e-74 -1.418377057777e-35 2.154717750589e-37 -1.721620806101e-37 3.195203584909e-01 4.834996615047e-01
13 2 1.161358535182e-63 -4.069339216953e-28 8.053886286250e-32 1.835361929808e-32 5.022628448915e-02 9.669993230094e-01
13 3 7.623367887727e-56 -1.117797586255e-23 -3.189333730560e-28 9.518675964777e-28 -3.156020668678e-01 1.450498984514e+00
13 4 1.396844643428e-49 -8.282588667754e-21 -8.882319941928e-25 -1.579181054054e-24 -1.045314271209e-01 1.933998646019e+00
13 5 3.495668723005e-43 -2.616493707199e-18 2.401022787264e-21 2.659223103152e-21 3.055479653440e-01 2.417498307524e+00
13 6 1.856066069906e-37 -1.715325557175e-16 -9.624593149433e-19 -2.981303643033e-18 1.678379654285e-01 2.900997969028e+00
13 7 0.000000000000e+00 -1.251689076874e-14 0.000000000000e+00 0.000000000000e+00 -2.833546936434e-01 3.384497630533e+00
13 8 0.000000000000e+00 -3.080435323443e-13 0.000000000000e+00 0.000000000000e+00 -2.471422886267e-01 3.867997292038e+00
13 9 0.000000000000e+00 -1.186742293677e-11 0.000000000000e+00 0.000000000000e+00 2.334463450021e-01 4.351496953542e+00
13 10 0.000000000000e+00 -1.766385211364e-10 0.000000000000e+00 0.000000000000e+00 3.532214068444e-01 4.834996615047e+00
13 11 0.000000000000e+00 -5.157714072132e-09 0.000000000000e+00 0.000000000000e+00 -1.060158450122e-01 5.318496276552e+00
13 12 9.237908451037e-07 -5.101372539250e-08 -1.129689880206e-02 8.232423149831e-03 -4.947968029888e-01 5.801995938057e+00
13 13 3.914281946122e-04 -1.535851188765e-06 1.157161598533e-01 -2.894391691341e-01 -3.781465418537e-01 6.285495599561e+00
14 1 1.508065246187e-80 -6.193356808950e-39 1.086371411941e-40 -1.017296475276e-40 2.308795523513e-02 4.834996615047e-01
14 2 3.952614086211e-69 -1.311881606158e-30 1.522034214486e-34 7.551665876290e-36 -3.181583225668e-01 9.669993230094e-01
14 3 1.484077958424e-61 -3.864408540631e-26 -3.916148688514e-32 1.400122091777e-30 -7.085264983027e-02 1.450498984514e+00
14 4 1.291669498466e-54 -9.200776524786e-23 -4.506575210163e-27 -3.169655221378e-27 3.126460941399e-01 1.933998646019e+00
14 5 1.115065651093e-48 -2.108163552291e-20 6.278290267819e-24 1.236601306517e-24 1.236529999436e-01 2.417498307524e+00
14 6 2.151653620498e-42 -3.593750164400e-18 -9.978586634289e-21 -3.768669509328e-21 -3.005039992931e-01 2.900997969028e+00
14 7 1.096678199261e-36 -1.610874738046e-16 3.478261301377e-18 8.175125731766e-18 -1.858545570102e-01 3.384497630533e+00
14 8 0.000000000000e+00 -9.516169850188e-15 0.000000000000e+00 0.000000000000e+00 2.753214026951e-01 3.867997292038e+00
14 9 0.000000000000e+00 -1.997655843547e-13 0.000000000000e+00 0.000000000000e+00 2.637194809077e-01 4.351496953542e+00
14 10 0.000000000000e+00 -7.136237725625e-12 0.000000000000e+00 0.000000000000e+00 -2.211020311843e-01 4.834996615047e+00
14 11 0.000000000000e+00 -9.765084720536e-11 0.000000000000e+00 0.000000000000e+00 -3.664528348957e-01 5.318496276552e+00
14 12 0.000000000000e+00 -2.799901024917e-09 0.000000000000e+00 0.000000000000e+00 8.812479202191e-02 5.801995938057e+00
14 13 7.863033391581e-07 -2.603635889872e-08 7.339156121009e-03 1.188793327479e-02 4.981131588331e-01 6.285495599561e+00
14 14 2.976486103437e-04 -8.098149296504e-07 -2.690634645307e-01 -1.153050207485e-01 3.934791827387e-01 6.768995261066e+00
15 1 1.255197817993e-86 -4.678659192337e-42 9.215531247967e-44 -9.972035660297e-44 -3.192249254142e-01 4.834996615047e-01
15 2 3.694799526501e-75 -1.902746604410e-33 1.464315115824e-37 -1.630877524224e-38 -4.341891700218e-02 9.669993230094e-01
15 3 8.691574587262e-67 -2.350989498258e-28 8.039834435519e-34 3.292936328639e-33 3.163230648555e-01 1.450498984514e+00
15 4 3.359633542849e-60 -4.639142930018e-25 -8.687624516586e-30 -1.865741987800e-30 8.946135552212e-02 1.933998646019e+00
15 5 1.182066601045e-53 -3.068407341242e-22 1.940150122761e-26 -7.592506500883e-27 -3.093049370795e-01 2.417498307524e+00
15 6 7.206424897458e-48 -3.430917496377e-20 -1.779916242340e-23 8.015665161080e-24 -1.411428574855e-01 2.900997969028e+00
15 7 1.262250269647e-41 -3.891161951127e-18 2.998572813819e-20 3.054956561686e-21 2.951418203029e-01 3.384497630533e+00
15 8 0.000000000000e+00 -1.327661454685e-16 0.000000000000e+00 0.000000000000e+00 2.023979837470e-01 3.867997292038e+00
15 9 0.000000000000e+00 -6.721499560835e-15 0.000000000000e+00 0.000000000000e+00 -2.671130580687e-01 4.351496953542e+00
15 10 0.000000000000e+00 -1.244032501460e-13 0.000000000000e+00 0.000000000000e+00 -2.788504466887e-01 4.834996615047e+00
15 11 0.000000000000e+00 -4.196105786651e-12 0.000000000000e+00 0.000000000000e+00 2.089046197920e-01 5.318496276552e+00
15 12 0.000000000000e+00 -5.342801181090e-11 0.000000000000e+00 0.000000000000e+00 3.782884766600e-01 5.801995938057e+00
15 13 0.000000000000e+00 -1.513750778336e-09 0.000000000000e+00 0.000000000000e+00 -7.102291795579e-02 6.285495599561e+00
15 14 6.583219634283e-07 -1.330622671658e-08 1.223372253598e-02 -6.313563893387e-03 -5.007444447786e-01 6.768995261066e+00
15 15 2.269190150834e-04 -4.279740860925e-07 -1.157603351940e-01 2.481801577161e-01 -4.079766198495e-01 7.252494922571e+00
16 1 2.915563072541e-93 -1.570110875486e-45 4.107967744653e-47 -5.094048833310e-47 -2.020619731607e-02 4.834996615047e-01
16 2 9.932809222972e-81 -4.915643842592e-36 2.335380422828e-40 -6.179407235239e-41 3.181984512197e-01 9.669993230094e-01
16 3 1.442114794813e-72 -6.399655541461e-31 2.035809971780e-36 3.862576994996e-36 6.167896429153e-02 1.450498984514e+00
16 4 2.672705009515e-65 -4.245678786766e-27 -2.477368897908e-32 3.792784099239e-33 -3.141100531456e-01 1.933998646019e+00
16 5 3.626565046178e-59 -2.008887657506e-24 2.314750622719e-29 -2.821164540514e-29 -1.064671440001e-01 2.417498307524e+00
16 6 8.187474156404e-53 -6.108652025911e-22 -2.888931235375e-26 5.911664070215e-26 3.056403123269e-01 2.900997969028e+00
16 7 4.273045806330e-47 -4.221568098346e-20 3.745278273723e-23 -4.089888830684e-23 1.572703436624e-01 3.384497630533e+00
16 8 7.358071904602e-41 -3.595562254010e-18 -8.312389584859e-20 -2.719035407950e-21 -2.895215972417e-01 3.867997292038e+00
16 9 0.000000000000e+00 -9.989040159246e-17 0.000000000000e+00 0.000000000000e+00 -2.176695715368e-01 4.351496953542e+00
16 10 0.000000000000e+00 -4.500805688848e-15 0.000000000000e+00 0.000000000000e+00 2.587881266346e-01 4.834996615047e+00
16 11 0.000000000000e+00 -7.516719990860e-14 0.000000000000e+00 0.000000000000e+00 2.927173901164e-01 5.318496276552e+00
16 12 0.000000000000e+00 -2.425462657064e-12 0.000000000000e+00 0.000000000000e+00 -1.968879506195e-01 5.801995938057e+00
16 13 0.000000000000e+00 -2.900148208438e-11 0.000000000000e+00 0.000000000000e+00 -3.889160841375e-01 6.285495599561e+00
16 14 0.000000000000e+00 -8.158458507091e-10 0.000000000000e+00 0.000000000000e+00 5.465973634074e-02 6.768995261066e+00
16 15 5.440449496313e-07 -6.809297705743e-09 -5.217726266508e-03 -1.235213596775e-02 5.028065371696e-01 7.252494922571e+00
16 16 1.733785257546e-04 -2.265829076193e-07 2.271958749683e-01 1.165161513406e-01 4.217222811269e-01 7.735994584075e+00
17 1 1.898997713717e-99 -9.518174985569e-49 3.050942188894e-50 -4.311014242257e-50 3.190260342995e-01 4.834996615047e-01
17 2 7.651539624424e-87 -5.617185696100e-39 1.956014131714e-43 -8.182543452391e-44 3.826363647203e-02 9.669993230094e-01
17 3 6.952901311856e-78 -3.187419260188e-33 6.257324039956e-39 7.263588017306e-39 -3.167859116629e-01 1.450498984514e+00
17 4 6.185153937035e-71 -1.727965736084e-29 -3.372408915571e-35 1.778421897406e-35 -7.831789113584e-02 1.933998646019e+00
17 5 3.461443005994e-64 -2.455011659511e-26 2.513410862896e-32 -1.099043899171e-31 3.115821749349e-01 2.417498307524e+00
17 6 2.753622689714e-58 -4.844494341215e-24 2.022248707044e-29 1.189606950131e-28 1.221564836216e-01 2.900997969028e+00
17 7 4.996921014587e-52 -8.793862123070e-22 -1.530802989900e-26 -1.890235317819e-25 -3.017021186734e-01 3.384497630533e+00
17 8 2.464099559575e-46 -4.308457002923e-20 -7.584767359276e-23 1.319506133435e-22 -1.722336135563e-01 3.867997292038e+00
17 9 0.000000000000e+00 -2.972998292407e-18 0.000000000000e+00 0.000000000000e+00 2.836939638060e-01 4.351496953542e+00
17 10 0.000000000000e+00 -7.033923524245e-17 0.000000000000e+00 0.000000000000e+00 2.318272383228e-01 4.834996615047e+00
17 11 0.000000000000e+00 -2.895743483861e-15 0.000000000000e+00 0.000000000000e+00 -2.503937365006e-01 5.318496276552e+00
17 12 0.000000000000e+00 -4.438079878985e-14 0.000000000000e+00 0.000000000000e+00 -3.054695635777e-01 5.801995938057e+00
17 13 0.000000000000e+00 -1.383408330390e-12 0.000000000000e+00 0.000000000000e+00 1.850756739469e-01 6.285495599561e+00
17 14 0.000000000000e+00 -1.564559162040e-11 0.000000000000e+00 0.000000000000e+00 3.984905694997e-01 6.768995261066e+00
17 15 0.000000000000e+00 -4.386361811979e-10 0.000000000000e+00 0.000000000000e+00 -3.898769615456e-02 7.252494922571e+00
17 16 4.449431099088e-07 -3.489020262367e-09 -1.226679266160e-02 4.102899339417e-03 -5.043925443740e-01 7.735994584075e+00
17 17 1.327228213363e-04 -1.201283701474e-07 1.171640135213e-01 -2.064278112685e-01 -4.347880017006e-01 8.219494245580e+00
18 1 3.592819286707e-106 -2.529193332680e-52 1.214131831118e-53 -1.950162290362e-53 1.797055928299e-02 4.834996615047e-01
18 2 1.659774990722e-92 -1.186224613328e-41 2.703249230890e-46 -1.563383557727e-46 -3.182242818907e-01 9.669993230094e-01
18 3 9.834744729209e-84 -6.991212203816e-36 9.080363595606e-42 6.896181159326e-42 -5.465537140594e-02 1.450498984514e+00
18 4 4.210816686312e-76 -1.318820580003e-31 -6.987222137391e-38 7.080851967919e-38 3.150616487950e-01 1.933998646019e+00
18 5 9.826208595052e-70 -1.325142203256e-28 -3.750465945826e-35 -1.862150162012e-34 9.364449578049e-02 2.417498307524e+00
18 6 2.929575557744e-63 -7.357314488857e-26 2.630925101607e-31 2.927325055425e-31 -3.087857428254e-01 2.900997969028e+00
18 7 1.759922812373e-57 -8.074392588353e-24 -2.599640602611e-28 -2.430745371553e-28 -1.367360337774e-01 3.384497630533e+00
18 8 2.894410956321e-51 -1.018285403970e-21 2.189681006926e-25 4.734372699432e-25 2.975322449691e-01 3.867997292038e+00
18 9 0.000000000000e+00 -3.855550627563e-20 0.000000000000e+00 0.000000000000e+00 1.861840671115e-01 4.351496953542e+00
18 10 0.000000000000e+00 -2.266979139250e-18 0.000000000000e+00 0.000000000000e+00 -2.777016451015e-01 4.834996615047e+00
18 11 0.000000000000e+00 -4.713107804647e-17 0.000000000000e+00 0.000000000000e+00 -2.449983135361e-01 5.318496276552e+00
18 12 0.000000000000e+00 -1.806744549321e-15 0.000000000000e+00 0.000000000000e+00 2.419678700897e-01 5.801995938057e+00
18 13 0.000000000000e+00 -2.573505072150e-14 0.000000000000e+00 0.000000000000e+00 3.172313157513e-01 6.285495599561e+00
18 14 0.000000000000e+00 -7.807410351618e-13 0.000000000000e+00 0.000000000000e+00 -1.734838006391e-01 6.768995261066e+00
18 15 0.000000000000e+00 -8.399388635075e-12 0.000000000000e+00 0.000000000000e+00 -4.071412222565e-01 7.252494922571e+00
18 16 0.000000000000e+00 -2.353775247789e-10 0.000000000000e+00 0.000000000000e+00 2.396234696775e-02 7.735994584075e+00
18 17 3.608282623263e-07 -1.789921974049e-09 3.009946958707e-03 1.200454598469e-02 5.055780392119e-01 8.219494245580e+00
18 18 1.017680972885e-04 -6.375880999866e-08 -1.861281942015e-01 -1.174219004555e-01 4.472360827800e-01 8.702993907085e+00
19 1 1.879222875144e-112 -1.256319844732e-55 7.984906751882e-57 -1.456940603955e-56 -3.188857058587e-01 4.834996615047e-01
19 2 1.067409748783e-98 -1.094107984183e-44 2.001651847983e-49 -1.504916475812e-49 -3.421757015825e-02 9.669993230094e-01
19 3 3.947168609435e-89 -2.895282419584e-38 2.053081849345e-44 1.001404432515e-44 3.171018602465e-01 1.450498984514e+00
19 4 8.584523102396e-82 -4.411130421218e-34 -6.732538223243e-41 1.250681925296e-40 6.971328076852e-02 1.933998646019e+00
19 5 8.314722649924e-75 -1.372034052705e-30 -3.066971160568e-37 -4.596305162742e-37 -3.130753174780e-01 2.417498307524e+00
19 6 9.441018313998e-69 -4.898406740794e-28 6.701036913080e-34 2.240153173801e-34 -1.078793499358e-01 2.900997969028e+00
19 7 1.992066441798e-62 -1.453689508346e-25 -1.193157640980e-30 -1.006007335144e-31 3.057575848657e-01 3.384497630533e+00
19 8 1.036712694485e-56 -1.049252117917e-23 9.483972521711e-28 2.740569266803e-28 1.503604940813e-01 3.867997292038e+00
19 9 0.000000000000e+00 -1.011310018123e-21 0.000000000000e+00 0.000000000000e+00 -2.931665092944e-01 4.351496953542e+00
19 10 0.000000000000e+00 -3.134426365938e-20 0.000000000000e+00 0.000000000000e+00 -1.992410329208e-01 4.834996615047e+00
19 11 0.000000000000e+00 -1.626499020077e-18 0.000000000000e+00 0.000000000000e+00 2.715807432349e-01 5.318496276552e+00
19 12 0.000000000000e+00 -3.039698546245e-17 0.000000000000e+00 0.000000000000e+00 2.572877433353e-01 5.801995938057e+00
19 13 0.000000000000e+00 -1.100443002771e-15 0.000000000000e+00 0.000000000000e+00 -2.335411300482e-01 6.285495599561e+00
19 14 0.000000000000e+00 -1.471026819525e-14 0.000000000000e+00 0.000000000000e+00 -3.281076724879e-01 6.768995261066e+00
19 15 0.000000000000e+00 -4.368724430911e-13 0.000000000000e+00 0.000000000000e+00 1.621225979741e-01 7.252494922571e+00
19 16 0.000000000000e+00 -4.491708171229e-12 0.000000000000e+00 0.000000000000e+00 4.149770043242e-01 7.735994584075e+00
19 17 0.000000000000e+00 -1.261118388494e-10 0.000000000000e+00 0.000000000000e+00 -9.542341630445e-03 8.219494245580e+00
19 18 2.905897921830e-07 -9.193214096141e-10 1.159355262143e-02 -1.970204253831e-03 -5.064249087471e-01 8.702993907085e+00
19 19 7.814490352799e-05 -3.386932889654e-08 -1.171080885831e-01 1.664989811479e-01 -4.591208999995e-01 9.186493568589e+00
20 1 2.948110255645e-119 -2.707254646254e-59 2.855207910775e-60 -5.928792780644e-60 -1.618412472948e-02 4.834996615047e-01
20 2 1.903451778024e-104 -1.921258909407e-47 2.429053426542e-52 -2.298500676546e-52 3.182419336036e-01 9.669993230094e-01
20 3 4.784192857998e-95 -5.217851482540e-41 2.423625514971e-47 6.711920122361e-48 4.909444307146e-02 1.450498984514e+00
20 4 5.012803969839e-87 -2.842005079569e-36 -7.776464693110e-44 3.343054813482e-43 -3.157176080106e-01 1.933998646019e+00
20 5 2.144243574167e-80 -6.191905517311e-33 -7.218033503797e-40 -5.161235175820e-40 -8.367372854788e-02 2.417498307524e+00
20 6 9.191096704456e-74 -6.388394136858e-30 2.179142062046e-36 -3.337732940295e-37 3.108632529757e-01 2.900997969028e+00
20 7 6.931937812113e-68 -1.138189963797e-27 -1.931011436310e-33 1.122632359439e-33 1.211855215959e-01 3.384497630533e+00
20 8 1.210985574384e-61 -2.167171174380e-25 2.972410569644e-30 -1.596457877173e-30 -3.025284114147e-01 3.867997292038e+00
20 9 5.905263005195e-56 -1.143440316493e-23 -2.649598144346e-27 7.376298777710e-29 -1.631493724962e-01 4.351496953542e+00
20 10 0.000000000000e+00 -8.975588572909e-22 0.000000000000e+00 0.000000000000e+00 2.886358187545e-01 4.834996615047e+00
20 11 0.000000000000e+00 -2.370448093631e-20 0.000000000000e+00 0.000000000000e+00 2.115010013091e-01 5.318496276552e+00
20 12 0.000000000000e+00 -1.113437063681e-18 0.000000000000e+00 0.000000000000e+00 -2.653617951684e-01 5.801995938057e+00
20 13 0.000000000000e+00 -1.902486545900e-17 0.000000000000e+00 0.000000000000e+00 -2.687835712008e-01 6.285495599561e+00
20 14 0.000000000000e+00 -6.574659962028e-16 0.000000000000e+00 0.000000000000e+00 2.251381528136e-01 6.768995261066e+00
20 15 0.000000000000e+00 -8.311513317259e-15 0.000000000000e+00 0.000000000000e+00 3.381883417610e-01 7.252494922571e+00
20 16 0.000000000000e+00 -2.427564003222e-13 0.000000000000e+00 0.000000000000e+00 -1.509980073781e-01 7.735994584075e+00
20 17 0.000000000000e+00 -2.394465233422e-12 0.000000000000e+00 0.000000000000e+00 -4.220905226108e-01 8.219494245580e+00
20 18 0.000000000000e+00 -6.748441259914e-11 0.000000000000e+00 0.000000000000e+00 -4.310658135382e-03 8.702993907085e+00
20 19 2.326786942312e-07 -4.726893779786e-10 -1.006553449598e-03 -1.106184300116e-02 5.069842341438e-01 9.186493568589e+00
20 20 6.008056429460e-05 -1.800371598280e-08 1.477009970236e-01 1.161194435021e-01 4.704901801324e-01 9.669993230094e+00
21 1 1.264700537778e-125 -1.121313961706e-62 1.674630979823e-63 -3.971390340858e-63 3.187829819496e-01 4.834996615047e-01
21 2 1.034737454116e-110 -1.459138678982e-50 1.599758161778e-55 -1.876218818524e-55 3.095413904344e-02 9.669993230094e-01
21 3 1.617180998905e-100 -1.821921348565e-43 4.601656056538e-50 4.506338843538e-51 -3.173276804924e-01 1.450498984514e+00
21 4 8.985151814420e-93 -7.936296906848e-39 9.256629895906e-48 4.594314050199e-46 -6.285323233257e-02 1.933998646019e+00
21 5 1.600347827862e-85 -5.484040175855e-35 -2.326951627545e-42 -6.796341853947e-43 3.141115908244e-01 2.417498307524e+00
21 6 2.767818315818e-79 -3.609964517180e-32 3.174384719179e-39 -2.135167716012e-39 9.671044179862e-02 2.900997969028e+00
21 7 7.383379992143e-73 -1.780169241910e-29 -3.383800545990e-36 6.456789813972e-36 -3.084540023121e-01 3.384497630533e+00
21 8 4.399439941772e-67 -1.930226652785e-27 2.327844957630e-33 -5.994847032001e-33 -1.336872392638e-01 3.867997292038e+00
21 9 6.976627035684e-61 -2.645741915494e-25 -5.584853582586e-30 7.198202676641e-30 2.991245494139e-01 4.351496953542e+00
21 10 0.000000000000e+00 -1.095057765769e-23 0.000000000000e+00 0.000000000000e+00 1.751975005788e-01 4.834996615047e+00
21 11 0.000000000000e+00 -7.317685721819e-22 0.000000000000e+00 0.000000000000e+00 -2.839669693447e-01 5.318496276552e+00
21 12 0.000000000000e+00 -1.695339048393e-20 0.000000000000e+00 0.000000000000e+00 -2.230436645382e-01 5.801995938057e+00
21 13 0.000000000000e+00 -7.345394883136e-19 0.000000000000e+00 0.000000000000e+00 2.590706540275e-01 6.285495599561e+00
21 14 0.000000000000e+00 -1.162487169738e-17 0.000000000000e+00 0.000000000000e+00 2.795607356581e-01 6.768995261066e+00
21 15 0.000000000000e+00 -3.867131509055e-16 0.000000000000e+00 0.000000000000e+00 -2.167787384141e-01 7.252494922571e+00
21 16 0.000000000000e+00 -4.651762681142e-15 0.000000000000e+00 0.000000000000e+00 -3.475506711826e-01 7.735994584075e+00
21 17 0.000000000000e+00 -1.341156350729e-13 0.000000000000e+00 0.000000000000e+00 1.401127112400e-01 8.219494245580e+00
21 18 0.000000000000e+00 -1.273184238912e-12 0.000000000000e+00 0.000000000000e+00 4.285610661716e-01 8.702993907085e+00
21 19 0.000000000000e+00 -3.607491487905e-11 0.000000000000e+00 0.000000000000e+00 1.763213116239e-02 9.186493568589e+00
21 20 1.854130674534e-07 -2.432945432246e-10 -1.043638668699e-02 1.345911968305e-04 -5.072984762425e-01 9.669993230094e+00
21 21 4.624285641816e-05 -9.575054804815e-09 1.144134792454e-01 -1.298599227402e-01 -4.813860278920e-01 1.015349289160e+01
22 1 1.670438888318e-132 -1.998248537500e-66 5.396016665405e-67 -1.470518499392e-66 1.472304876944e-02 4.834996615047e-01
22 2 1.541483915811e-116 -2.162153674902e-53 1.711112251557e-58 -2.475645451777e-58 -3.182545577807e-01 9.669993230094e-01
22 3 1.691318167935e-106 -2.742895546574e-46 4.718343395006e-53 -3.091934543364e-54 -4.457661984156e-02 1.450498984514e+00
22 4 4.524741841814e-98 -4.365573470546e-41 2.588646474284e-49 9.981798526059e-49 3.161902162175e-01 1.933998646019e+00
22 5 3.718764944028e-91 -2.095847227797e-37 -3.693553023069e-45 1.152013402016e-46 7.567896909088e-02 2.417498307524e+00
22 6 2.438411000084e-84 -4.074071595685e-34 6.119403492627e-42 -9.565098439886e-42 -3.123131910687e-01 2.900997969028e+00
22 7 2.462992406866e-78 -1.198670627353e-31 5.008985045420e-40 1.330479310303e-38 -1.089547153806e-01 3.384497630533e+00
22 8 4.954754226640e-72 -3.498013130425e-29 -5.960605214467e-36 -2.074232832873e-35 3.058711488378e-01 3.867997292038e+00
22 9 2.585685739046e-66 -2.616634942350e-27 2.562038637456e-33 1.735133994562e-32 1.454816571301e-01 4.351496953542e+00
22 10 3.935593651884e-60 -2.788331193184e-25 9.056767926268e-30 -2.227212758792e-29 -2.955689258826e-01 4.834996615047e+00
22 11 0.000000000000e+00 -9.510951549749e-24 0.000000000000e+00 0.000000000000e+00 -1.865818683141e-01 5.318496276552e+00
22 12 0.000000000000e+00 -5.586699953295e-22 0.000000000000e+00 0.000000000000e+00 2.791832557713e-01 5.801995938057e+00
22 13 0.000000000000e+00 -1.160287438452e-20 0.000000000000e+00 0.000000000000e+00 2.339360085583e-01 6.285495599561e+00
22 14 0.000000000000e+00 -4.704208701311e-19 0.000000000000e+00 0.000000000000e+00 -2.527292253548e-01 6.768995261066e+00
22 15 0.000000000000e+00 -6.965876243904e-18 0.000000000000e+00 0.000000000000e+00 -2.896837867949e-01 7.252494922571e+00
22 16 0.000000000000e+00 -2.245529929886e-16 0.000000000000e+00 0.000000000000e+00 2.084787544438e-01 7.735994584075e+00
22 17 0.000000000000e+00 -2.583105186009e-15 0.000000000000e+00 0.000000000000e+00 3.562618854759e-01 8.219494245580e+00
22 18 0.000000000000e+00 -7.373823297859e-14 0.000000000000e+00 0.000000000000e+00 -1.294669404756e-01 8.702993907085e+00
22 19 0.000000000000e+00 -6.755515601555e-13 0.000000000000e+00 0.000000000000e+00 -4.344569657843e-01 9.186493568589e+00
22 20 0.000000000000e+00 -1.926803616525e-11 0.000000000000e+00 0.000000000000e+00 -3.045487432451e-02 9.669993230094e+00
22 21 1.471483223446e-07 -1.253460763068e-10 -6.362373813213e-04 9.742241573639e-03 5.074031554886e-01 1.015349289160e+01
22 22 3.562667740894e-05 -5.094383184691e-09 -1.130706169681e-01 -1.119936124315e-01 4.918457610032e-01 1.063699255310e+01
23 1 5.980943927717e-139 -7.003918826350e-70 2.828905756840e-70 -8.935733279086e-70 -3.187055174449e-01 4.834996615047e-01
23 2 7.164484908175e-123 -1.374850511917e-56 9.988773363612e-62 -1.792097888442e-61 -2.826443961635e-02 9.669993230094e-01
23 3 4.869090572124e-112 -8.175031170751e-49 7.830042760982e-56 -1.748521791208e-56 3.174949605645e-01 1.450498984514e+00
23 4 7.143778342419e-104 -1.031890651389e-43 5.918298774028e-52 1.152657533917e-51 5.724758558596e-02 1.933998646019e+00
23 5 2.447994742125e-96 -1.602667852050e-39 -8.977848355142e-48 3.048045829251e-48 -3.148624016741e-01 2.417498307524e+00
23 6 6.770592282791e-90 -1.974311412663e-36 3.493092378865e-45 -1.859605967932e-44 -8.771101291032e-02 2.900997969028e+00
23 7 2.429966374489e-83 -1.638746863467e-33 2.083956976523e-41 3.625778213765e-41 3.103453472039e-01 3.384497630533e+00
23 8 1.765463139335e-77 -2.710646633924e-31 -3.145169656598e-38 -2.589245332033e-38 1.205082600528e-01 3.867997292038e+00
23 9 3.006824100594e-71 -5.358021098962e-29 4.637913705407e-35 3.776714403014e-35 -3.031348323956e-01 4.351496953542e+00
23 10 1.464588205479e-65 -3.007065198689e-27 -2.309623846191e-32 -4.022186283538e-32 -1.566465170516e-01 4.834996615047e+00
23 11 2.213535807458e-59 -2.628686017867e-25 -1.524344311434e-29 6.084181189318e-29 2.918816873178e-01 5.318496276552e+00
23 12 0.000000000000e+00 -7.658125827728e-24 0.000000000000e+00 0.000000000000e+00 1.973662107886e-01 5.801995938057e+00
23 13 0.000000000000e+00 -4.049491368483e-22 0.000000000000e+00 0.000000000000e+00 -2.743049646940e-01 6.285495599561e+00
23 14 0.000000000000e+00 -7.665376654091e-21 0.000000000000e+00 0.000000000000e+00 -2.442351717422e-01 6.768995261066e+00
23 15 0.000000000000e+00 -2.940858971742e-19 0.000000000000e+00 0.000000000000e+00 2.463560822792e-01 7.252494922571e+00
23 16 0.000000000000e+00 -4.107880136727e-18 0.000000000000e+00 0.000000000000e+00 2.992088838029e-01 7.735994584075e+00
23 17 0.000000000000e+00 -1.290029918120e-16 0.000000000000e+00 0.000000000000e+00 -2.002508612660e-01 8.219494245580e+00
23 18 0.000000000000e+00 -1.424991524131e-15 0.000000000000e+00 0.000000000000e+00 -3.643808141929e-01 8.702993907085e+00
23 19 0.000000000000e+00 -4.037741807607e-14 0.000000000000e+00 0.000000000000e+00 1.190590891818e-01 9.186493568589e+00
23 20 0.000000000000e+00 -3.578232525615e-13 0.000000000000e+00 0.000000000000e+00 4.398374527514e-01 9.669993230094e+00
23 21 0.000000000000e+00 -1.028394821449e-11 0.000000000000e+00 0.000000000000e+00 4.280919109439e-02 1.015349289160e+01
23 22 1.163775339289e-07 -6.463771900657e-11 9.002248879730e-03 1.301549440176e-03 -5.073281579352e-01 1.063699255310e+01
23 23 2.747114067579e-05 -2.711260842827e-09 -1.088970342528e-01 9.740046175749e-02 -5.019025958477e-01 1.112049221461e+01
24 1 6.738742461884e-146 -1.049119405549e-73 8.194211121540e-74 -3.037537113531e-73 -1.350539869205e-02 4.834996615047e-01
24 2 9.041193176999e-129 -1.741094389720e-59 9.331648083035e-65 -2.107415980322e-64 3.182639147437e-01 9.669993230094e-01
24 3 4.426737037202e-118 -1.042771177210e-51 7.142243173655e-59 -2.739994899602e-59 4.083032754597e-02 1.450498984514e+00
24 4 3.122962941103e-109 -4.896411317393e-46 1.709782966594e-54 2.101431991301e-54 -3.165426838172e-01 1.933998646019e+00
24 5 5.111554756526e-102 -5.246469628627e-42 -1.125470247762e-50 7.812303885924e-51 -6.911462852067e-02 2.417498307524e+00
24 6 5.372839960279e-95 -1.942941654018e-38 -9.243821720025e-48 -5.249381011237e-47 3.133685081622e-01 2.900997969028e+00
24 7 7.634887672689e-89 -9.569622820262e-36 6.134115340022e-44 4.162095699496e-44 9.905676469204e-02 3.384497630533e+00
24 8 1.880642424734e-82 -4.331918439149e-33 -1.318618382850e-40 -1.707293535629e-41 -3.082268579066e-01 3.867997292038e+00
24 9 1.115195136095e-76 -4.658062884600e-31 1.151868510323e-37 -2.646156382922e-40 -1.314516214957e-01 4.351496953542e+00
24 10 1.729464357903e-70 -6.826735994692e-29 -1.556672779281e-34 -3.421446928312e-35 3.002626182892e-01 4.834996615047e+00
24 11 8.183944043081e-65 -3.048374816621e-27 8.353648349272e-32 8.698778125351e-32 1.672452856814e-01 5.318496276552e+00
24 12 0.000000000000e+00 -2.272735821614e-25 0.000000000000e+00 0.000000000000e+00 -2.880806307188e-01 5.801995938057e+00
24 13 0.000000000000e+00 -5.807750002332e-24 0.000000000000e+00 0.000000000000e+00 -2.076041754122e-01 6.285495599561e+00
24 14 0.000000000000e+00 -2.815330915979e-22 0.000000000000e+00 0.000000000000e+00 2.693497862590e-01 6.768995261066e+00
24 15 0.000000000000e+00 -4.920428813938e-21 0.000000000000e+00 0.000000000000e+00 2.539904978265e-01 7.252494922571e+00
24 16 0.000000000000e+00 -1.802244125369e-19 0.000000000000e+00 0.000000000000e+00 -2.399669795879e-01 7.735994584075e+00
24 17 0.000000000000e+00 -2.390249824676e-18 0.000000000000e+00 0.000000000000e+00 -3.081852994646e-01 8.219494245580e+00
24 18 0.000000000000e+00 -7.344655290894e-17 0.000000000000e+00 0.000000000000e+00 1.921050957915e-01 8.702993907085e+00
24 19 0.000000000000e+00 -7.817608080593e-16 0.000000000000e+00 0.000000000000e+00 3.719592493965e-01 9.186493568589e+00
24 20 0.000000000000e+00 -2.203337253654e-14 0.000000000000e+00 0.000000000000e+00 -1.088861847129e-01 9.669993230094e+00
24 21 0.000000000000e+00 -1.892555875850e-13 0.000000000000e+00 0.000000000000e+00 -4.447541410561e-01 1.015349289160e+01
24 22 0.000000000000e+00 -5.485552643220e-12 0.000000000000e+00 0.000000000000e+00 -5.472308063534e-02 1.063699255310e+01
24 23 9.176913289828e-08 -3.336066303955e-11 1.861014115220e-03 -8.236648036810e-03 5.070987609455e-01 1.112049221461e+01
24 24 2.119854474761e-05 -1.443267225568e-09 8.289229574022e-02 1.051847956289e-01 5.115862151253e-01 1.160399187611e+01
25 1 2.043624857745e-152 -3.151310458010e-77 3.819228839276e-77 -1.689934062876e-76 3.186456524071e-01 4.834996615047e-01
25 2 3.629871671681e-135 -9.401106796546e-63 4.722563664686e-68 -1.381898348392e-67 2.600832319470e-02 9.669993230094e-01
25 3 1.096588734588e-123 -2.681765858817e-54 1.053251193859e-61 -5.833492890625e-62 -3.176224797177e-01 1.450498984514e+00
25 4 4.358836900771e-115 -9.914594977370e-49 2.469226901056e-57 2.036359321995e-57 -5.257620516433e-02 1.933998646019e+00
25 5 2.975319474007e-107 -3.493956010915e-44 -2.128771321343e-53 2.528625342286e-53 3.154250360586e-01 2.417498307524e+00
25 6 1.366242567482e-100 -8.151899357405e-41 -4.178267583416e-50 -7.401770348108e-50 8.029127063723e-02 2.900997969028e+00
25 7 6.918335976226e-94 -1.150921692528e-37 2.198877161556e-46 3.798133622409e-47 -3.117274554076e-01 3.384497630533e+00
25 8 6.435838223841e-88 -2.940488162569e-35 -2.270217012576e-43 9.466476044934e-44 -1.098007248157e-01 3.867997292038e+00
25 9 1.249601867547e-81 -8.476594596695e-33 3.093398873197e-40 -2.301754500405e-40 3.059736824484e-01 4.351496953542e+00
25 10 6.553457515017e-76 -6.531341773339e-31 -2.637790644440e-37 1.633398504410e-37 1.418498467145e-01 4.834996615047e+00
25 11 9.699945907450e-70 -7.560802321210e-29 4.121308484474e-34 -5.043858564824e-35 -2.972700294321e-01 5.318496276552e+00
25 12 0.000000000000e+00 -2.803035425209e-27 0.000000000000e+00 0.000000000000e+00 -1.773306901456e-01 5.801995938057e+00
25 13 0.000000000000e+00 -1.834769908089e-25 0.000000000000e+00 0.000000000000e+00 2.841815289531e-01 6.285495599561e+00
25 14 0.000000000000e+00 -4.197202036699e-24 0.000000000000e+00 0.000000000000e+00 2.173415660687e-01 6.768995261066e+00
25 15 0.000000000000e+00 -1.891801813378e-22 0.000000000000e+00 0.000000000000e+00 -2.643331628792e-01 7.252494922571e+00
25 16 0.000000000000e+00 -3.084292863631e-21 0.000000000000e+00 0.000000000000e+00 -2.632450466663e-01 7.735994584075e+00
25 17 0.000000000000e+00 -1.086264670877e-19 0.000000000000e+00 0.000000000000e+00 2.335752835522e-01 8.219494245580e+00
25 18 0.000000000000e+00 -1.375270246224e-18 0.000000000000e+00 0.000000000000e+00 3.166565772817e-01 8.702993907085e+00
25 19 0.000000000000e+00 -4.149784761168e-17 0.000000000000e+00 0.000000000000e+00 -1.840493432419e-01 9.186493568589e+00
25 20 0.000000000000e+00 -4.268614104229e-16 0.000000000000e+00 0.000000000000e+00 -3.790430287685e-01 9.669993230094e+00
25 21 0.000000000000e+00 -1.198767593967e-14 0.000000000000e+00 0.000000000000e+00 9.894424862671e-02 1.015349289160e+01
25 22 0.000000000000e+00 -9.997749165817e-14 0.000000000000e+00 0.000000000000e+00 4.492522218712e-01 1.063699255310e+01
25 23 0.000000000000e+00 -2.924538746748e-12 0.000000000000e+00 0.000000000000e+00 6.622242109367e-02 1.112049221461e+01
25 24 7.218092920793e-08 -1.723195846826e-11 -7.463085667905e-03 -2.317507427139e-03 -5.067364462179e-01 1.160399187611e+01
25 25 1.636916396779e-05 -7.684063111427e-10 1.009338172562e-01 -6.956714482551e-02 -5.209232413077e-01 1.208749153762e+01
26 1 1.986546124213e-159 -4.022593316572e-81 9.814410262951e-81 -5.311855127115e-80 1.247473881453e-02 4.834996615047e-01
26 2 3.927323745740e-141 -1.028751517968e-65 3.693390184686e-71 -1.473438392856e-70 -3.182710524185e-01 9.669993230094e-01
26 3 8.730222263864e-130 -2.933785393573e-57 8.623359291753e-65 -6.406775128796e-65 -3.767154918480e-02 1.450498984514e+00
26 4 1.665580693200e-120 -4.096029975000e-51 5.487158503909e-60 3.005733091751e-60 3.168129443395e-01 1.933998646019e+00
26 5 5.583467657002e-113 -9.897444206663e-47 -1.964907194512e-56 4.079471043659e-56 6.362170023397e-02 2.417498307524e+00
26 6 9.755751901901e-106 -7.046910785604e-43 -1.683558861162e-52 -1.524556482138e-52 -3.141623849921e-01 2.900997969028e+00
26 7 2.026552845821e-99 -5.875199812083e-40 3.718697898731e-49 -8.700292090147e-50 -9.086652798236e-02 3.384497630533e+00
26 8 6.410165862994e-93 -4.166347930177e-37 -4.906833853705e-46 6.015140690685e-46 3.099546664470e-01 3.867997292038e+00
26 9 4.530611546650e-87 -6.513299102038e-35 2.414716327945e-43 -6.933417988844e-43 1.200106276857e-01 4.351496953542e+00
26 10 7.578952500862e-81 -1.326746020171e-32 -3.119201833973e-40 1.007931958107e-39 -3.035997055022e-01 4.834996615047e+00
26 11 3.705005390840e-75 -7.842665225409e-31 4.525167368742e-37 -6.735832768934e-37 -1.517563908265e-01 5.318496276552e+00
26 12 5.397040454786e-69 -7.507782939348e-29 -1.007098652197e-33 3.567777070150e-34 2.941708973315e-01 5.801995938057e+00
26 13 0.000000000000e+00 -2.385491187783e-27 0.000000000000e+00 0.000000000000e+00 1.869472100172e-01 6.285495599561e+00
26 14 0.000000000000e+00 -1.401571002320e-25 0.000000000000e+00 0.000000000000e+00 -2.801983911718e-01 6.768995261066e+00
26 15 0.000000000000e+00 -2.916180795087e-24 0.000000000000e+00 0.000000000000e+00 -2.266179706289e-01 7.252494922571e+00
26 16 0.000000000000e+00 -1.235950650219e-22 0.000000000000e+00 0.000000000000e+00 2.592685870554e-01 7.735994584075e+00
26 17 0.000000000000e+00 -1.895370582922e-21 0.000000000000e+00 0.000000000000e+00 2.720367305834e-01 8.219494245580e+00
26 18 0.000000000000e+00 -6.456149344181e-20 0.000000000000e+00 0.000000000000e+00 -2.271923317757e-01 8.702993907085e+00
26 19 0.000000000000e+00 -7.837711158728e-19 0.000000000000e+00 0.000000000000e+00 -3.246614378930e-01 9.186493568589e+00
26 20 0.000000000000e+00 -2.329385497704e-17 0.000000000000e+00 0.000000000000e+00 1.760897199269e-01 9.669993230094e+00
26 21 0.000000000000e+00 -2.321373479912e-16 0.000000000000e+00 0.000000000000e+00 3.856729110473e-01 1.015349289160e+01
26 22 0.000000000000e+00 -6.505448256086e-15 0.000000000000e+00 0.000000000000e+00 -8.922857471543e-02 1.063699255310e+01
26 23 0.000000000000e+00 -5.276107327216e-14 0.000000000000e+00 0.000000000000e+00 -4.533714354158e-01 1.112049221461e+01
26 24 0.000000000000e+00 -1.558482707512e-12 0.000000000000e+00 0.000000000000e+00 -7.733114347793e-02 1.160399187611e+01
26 25 5.664838062994e-08 -8.907694669303e-12 -2.676230441536e-03 6.696428009145e-03 5.062595496634e-01 1.208749153762e+01
26 26 1.264753884606e-05 -4.091495129536e-10 -5.742680758593e-02 -9.623040400170e-02 5.299376341337e-01 1.257099119912e+01
27 1 5.167098892540e-166 -1.046835829058e-84 3.973218750795e-84 -2.726121263622e-83 -3.185984276233e-01 4.834996615047e-01
27 2 1.374607863828e-147 -4.774232717699e-69 1.479105063101e-74 -8.864253274853e-74 -2.408811444049e-02 9.669993230094e-01
27 3 1.878347563845e-135 -6.573100996720e-60 1.135370057118e-67 -1.092709783093e-67 3.177220020127e-01 1.450498984514e+00
27 4 2.064280719528e-126 -7.179959305013e-54 6.608817269161e-63 2.199283946369e-63 4.862051944112e-02 1.933998646019e+00
27 5 2.884615467197e-118 -5.786106009911e-49 -2.148693572502e-59 1.006521366546e-58 -3.158582554378e-01 2.417498307524e+00
27 6 2.265181186098e-111 -2.582048794218e-45 -3.144059219469e-55 -1.446619638187e-55 -7.406051704018e-02 2.900997969028e+00
27 7 1.679707164965e-104 -6.254858474994e-42 9.020545066135e-52 -6.286729399338e-52 3.127706390845e-01 3.384497630533e+00
27 8 2.079411112438e-98 -2.493784267364e-39 -3.065105135637e-49 1.364114106092e-48 1.009114347533e-01 3.867997292038e+00
27 9 4.824464690228e-92 -1.058180732871e-36 -5.318256751237e-46 -2.336041191939e-45 -3.080631613980e-01 4.351496953542e+00
27 10 2.852325661727e-86 -1.130986119333e-34 7.387194311420e-43 1.908895413689e-42 -1.297416904454e-01 4.834996615047e+00
27 11 4.360976846574e-80 -1.751038999225e-32 -5.665235856105e-40 -2.725758410563e-39 3.011172083061e-01 5.318496276552e+00
27 12 2.057953759721e-74 -8.344164669147e-31 -5.858008797763e-37 2.002411910916e-36 1.612158703171e-01 5.801995938057e+00
27 13 0.000000000000e+00 -6.835691344057e-29 0.000000000000e+00 0.000000000000e+00 -2.909776112035e-01 6.285495599561e+00
27 14 0.000000000000e+00 -1.907246471222e-27 0.000000000000e+00 0.000000000000e+00 -1.961328720384e-01 6.768995261066e+00
27 15 0.000000000000e+00 -1.023341016103e-25 0.000000000000e+00 0.000000000000e+00 2.761436792408e-01 7.252494922571e+00
27 16 0.000000000000e+00 -1.961208416970e-24 0.000000000000e+00 0.000000000000e+00 2.354679664565e-01 7.735994584075e+00
27 17 0.000000000000e+00 -7.886933176974e-23 0.000000000000e+00 0.000000000000e+00 -2.541678567024e-01 8.219494245580e+00
27 18 0.000000000000e+00 -1.145426075211e-21 0.000000000000e+00 0.000000000000e+00 -2.803991859678e-01 8.702993907085e+00
27 19 0.000000000000e+00 -3.791699996241e-20 0.000000000000e+00 0.000000000000e+00 2.208277349961e-01 9.186493568589e+00
27 20 0.000000000000e+00 -4.430420105421e-19 0.000000000000e+00 0.000000000000e+00 3.322345006057e-01 9.669993230094e+00
27 21 0.000000000000e+00 -1.300201914269e-17 0.000000000000e+00 0.000000000000e+00 -1.682308850689e-01 1.015349289160e+01
27 22 0.000000000000e+00 -1.258027763995e-16 0.000000000000e+00 0.000000000000e+00 -3.918852917438e-01 1.063699255310e+01
27 23 0.000000000000e+00 -3.522524770497e-15 0.000000000000e+00 0.000000000000e+00 7.973394364719e-02 1.112049221461e+01
27 24 0.000000000000e+00 -2.781970249579e-14 0.000000000000e+00 0.000000000000e+00 4.571468684039e-01 1.160399187611e+01
27 25 0.000000000000e+00 -8.301940932777e-13 0.000000000000e+00 0.000000000000e+00 8.807139426236e-02 1.208749153762e+01
27 26 4.437310474516e-08 -4.607947679057e-12 5.949071429383e-03 2.944140718844e-03 -5.056837848826e-01 1.257099119912e+01
27 27 9.777235327786e-06 -2.178725636892e-10 -9.116503892254e-02 4.645634035740e-02 -5.386510263359e-01 1.305449086063e+01
28 1 4.376469196741e-173 -1.152207401608e-88 8.655939495078e-88 -7.970805532228e-87 -1.159089365449e-02 4.834996615047e-01
28 2 1.288588058990e-153 -4.558131190280e-72 7.674449373872e-78 -8.667169054618e-77 3.182766274099e-01 9.669993230094e-01
28 3 1.318620332051e-141 -6.232714437924e-63 8.327950239127e-71 -1.024500553871e-70 3.497093366448e-02 1.450498984514e+00
28 4 6.941322413312e-132 -2.604136227720e-56 1.262997921594e-65 1.901011168809e-66 -3.170249486437e-01 1.933998646019e+00
28 5 4.873606100953e-124 -1.431211709191e-51 2.306746137645e-63 1.337570716771e-61 -5.895354646111e-02 2.417498307524e+00
28 6 1.456852290356e-116 -1.974087352190e-47 -8.689078436762e-58 -1.239071346420e-58 3.147757155735e-01 2.900997969028e+00
28 7 4.561023881299e-110 -2.811796448883e-44 1.027132224597e-54 -1.492546558272e-54 8.396726791176e-02 3.384497630533e+00
28 8 1.923589558068e-103 -3.149521579304e-41 9.140967061207e-52 4.152972719319e-51 -3.112627337499e-01 3.867997292038e+00
28 9 1.683751861285e-97 -7.226243784305e-39 -3.052590476185e-48 -3.273255172215e-48 -1.104835884513e-01 4.351496953542e+00
28 10 3.181042404405e-91 -2.063823147139e-36 5.740328867891e-45 3.711172753419e-45 3.060642223072e-01 4.834996615047e+00
28 11 1.677755718155e-85 -1.630186219103e-34 -4.438370863953e-42 -3.181100437794e-42 1.390396160694e-01 5.318496276552e+00
28 12 2.440300976137e-79 -2.022653262139e-32 4.017986107215e-39 5.955757364438e-39 -2.985371744418e-01 5.801995938057e+00
28 13 0.000000000000e+00 -8.062976873097e-31 0.000000000000e+00 0.000000000000e+00 -1.702660425426e-01 6.285495599561e+00
28 14 0.000000000000e+00 -5.802467378839e-29 0.000000000000e+00 0.000000000000e+00 2.877013065692e-01 6.768995261066e+00
28 15 0.000000000000e+00 -1.448880428537e-27 0.000000000000e+00 0.000000000000e+00 2.049205685028e-01 7.252494922571e+00
28 16 0.000000000000e+00 -7.197241710972e-26 0.000000000000e+00 0.000000000000e+00 -2.720284918387e-01 7.735994584075e+00
28 17 0.000000000000e+00 -1.283504305599e-24 0.000000000000e+00 0.000000000000e+00 -2.439220306196e-01 8.219494245580e+00
28 18 0.000000000000e+00 -4.933833030639e-23 0.000000000000e+00 0.000000000000e+00 2.490412945501e-01 8.702993907085e+00
28 19 0.000000000000e+00 -6.824269679770e-22 0.000000000000e+00 0.000000000000e+00 2.883624536285e-01 9.186493568589e+00
28 20 0.000000000000e+00 -2.204220726865e-20 0.000000000000e+00 0.000000000000e+00 -2.144896307567e-01 9.669993230094e+00
28 21 0.000000000000e+00 -2.486821805287e-19 0.000000000000e+00 0.000000000000e+00 -3.394068659356e-01 1.015349289160e+01
28 22 0.000000000000e+00 -7.222002645753e-18 0.000000000000e+00 0.000000000000e+00 1.604762958181e-01 1.063699255310e+01
28 23 0.000000000000e+00 -6.797098048329e-17 0.000000000000e+00 0.000000000000e+00 3.977127941881e-01 1.112049221461e+01
28 24 0.000000000000e+00 -1.903652787979e-15 0.000000000000e+00 0.000000000000e+00 -7.045478887418e-02 1.160399187611e+01
28 25 0.000000000000e+00 -1.465806194852e-14 0.000000000000e+00 0.000000000000e+00 -4.606096134092e-01 1.208749153762e+01
28 26 0.000000000000e+00 -4.420905741798e-13 0.000000000000e+00 0.000000000000e+00 -9.846368596675e-02 1.257099119912e+01
28 27 3.470083760630e-08 -2.385302440385e-12 3.129407011307e-03 -5.231035411934e-03 5.050226678181e-01 1.305449086063e+01
28 28 7.561923954212e-06 -1.160214112757e-10 3.662660912924e-02 8.582852050408e-02 5.470830087492e-01 1.353799052213e+01
29 1 9.869319590579e-180 -2.622594698336e-92 2.775792488067e-91 -3.797278667658e-90 3.185605166175e-01 4.834996615047e-01
29 2 3.964520609976e-160 -1.837203204176e-75 6.859412224320e-82 -4.825780636532e-80 2.243357887336e-02 9.669993230094e-01
29 3 2.484958921101e-147 -1.226916373279e-65 9.712021654019e-74 -1.530279555214e-73 -3.178012164994e-01 1.450498984514e+00
29 4 7.675326935527e-138 -3.988369258101e-59 1.342900769212e-68 -2.050459035757e-70 -4.522587816042e-02 1.933998646019e+00
29 5 2.244445736216e-129 -7.398093497168e-54 6.673474339596e-65 2.792209421972e-64 3.161993598510e-01 2.417498307524e+00
29 6 3.086557131059e-122 -6.366372386060e-50 -1.266000460019e-60 1.713224472412e-61 6.874887377865e-02 2.900997969028e+00
29 7 3.452790213809e-115 -2.665563986564e-46 1.287363048302e-57 -4.815951471289e-57 -3.135788976175e-01 3.384497630533e+00
29 8 5.867291011415e-109 -1.672761522139e-43 4.385662847072e-54 5.993462087670e-54 -9.340226305768e-02 3.867997292038e+00
29 9 1.688931684396e-102 -1.052986335381e-40 -1.344333955829e-50 -4.496440093471e-51 3.096495423481e-01 4.351496953542e+00
29 10 1.168752199542e-96 -1.574735929288e-38 1.310034620461e-47 -2.258958710991e-49 1.196303773923e-01 4.834996615047e+00
29 11 1.929416429760e-90 -3.287771817592e-36 -1.846506223868e-44 1.397916065336e-45 -3.039678109862e-01 5.318496276552e+00
29 12 9.487278671204e-85 -2.031013083599e-34 1.399060941715e-41 2.220368738391e-42 -1.479427558286e-01 5.801995938057e+00
29 13 1.349315476869e-78 -2.100990237249e-32 -1.402971816913e-38 -1.175207127463e-38 2.958694995936e-01 6.285495599561e+00
29 14 0.000000000000e+00 -7.207548159014e-31 0.000000000000e+00 0.000000000000e+00 1.789392553282e-01 6.768995261066e+00
29 15 0.000000000000e+00 -4.650396257109e-29 0.000000000000e+00 0.000000000000e+00 -2.843520156299e-01 7.252494922571e+00
29 16 0.000000000000e+00 -1.054992443695e-27 0.000000000000e+00 0.000000000000e+00 -2.133390434451e-01 7.735994584075e+00
29 17 0.000000000000e+00 -4.905587791674e-26 0.000000000000e+00 0.000000000000e+00 2.678627232115e-01 8.219494245580e+00
29 18 0.000000000000e+00 -8.208586068736e-25 0.000000000000e+00 0.000000000000e+00 2.520072392478e-01 8.702993907085e+00
29 19 0.000000000000e+00 -3.034627556677e-23 0.000000000000e+00 0.000000000000e+00 -2.438979369966e-01 9.186493568589e+00
29 20 0.000000000000e+00 0.000000000000e+00 0.000000000000e+00 0.000000000000e+00 -2.959535182684e-01 9.669993230094e+00
29 21 0.000000000000e+00 -1.270106799853e-20 0.000000000000e+00 0.000000000000e+00 2.081848971423e-01 1.015349289160e+01
29 22 0.000000000000e+00 -1.387373148557e-19 0.000000000000e+00 0.000000000000e+00 3.462065918404e-01 1.063699255310e+01
29 23 0.000000000000e+00 -3.994400583806e-18 0.000000000000e+00 0.000000000000e+00 -1.528284165841e-01 1.112049221461e+01
29 24 0.000000000000e+00 -3.662800334712e-17 0.000000000000e+00 0.000000000000e+00 -4.031847619851e-01 1.160399187611e+01
29 25 0.000000000000e+00 -1.027025250903e-15 0.000000000000e+00 0.000000000000e+00 6.138532488549e-02 1.208749153762e+01
29 26 0.000000000000e+00 -7.718519781547e-15 0.000000000000e+00 0.000000000000e+00 4.637873178559e-01 1.257099119912e+01
29 27 0.000000000000e+00 -2.353499830532e-13 0.000000000000e+00 0.000000000000e+00 1.085270356617e-01 1.305449086063e+01
29 28 0.000000000000e+00 -1.235539082540e-12 0.000000000000e+00 0.000000000000e+00 -5.042878634948e-01 1.353799052213e+01
29 29 5.851037414905e-06 -6.178420401932e-11 8.030876297797e-02 -2.789657234946e-02 -5.552513736582e-01 1.402149018364e+01
30 1 7.347048750385e-187 -2.514409810851e-96 4.049734761856e-95 -1.038035753530e-93 1.082446679202e-02 4.834996615047e-01
30 2 3.249858095846e-166 -1.543401833184e-78 -2.494656768110e-84 -4.362539765761e-83 -3.182810687814e-01 9.669993230094e-01
30 3 1.548246314881e-153 -1.017747530402e-68 6.260939200307e-77 -1.286355004311e-76 -3.263477328405e-02 1.450498984514e+00
30 4 2.285732653527e-143 -1.279474721952e-61 2.283038314870e-71 -3.993855536021e-72 3.171944576375e-01 1.933998646019e+00
30 5 3.422956194526e-135 -1.610846051242e-56 1.519021262802e-67 3.203427236887e-67 5.493472640898e-02 2.417498307524e+00
30 6 1.791759913088e-127 -4.332075722139e-52 -2.837215410687e-63 1.193595491989e-63 -3.152600811500e-01 2.900997969028e+00
30 7 8.665822144710e-121 -1.062377964520e-48 -5.081679670309e-61 -7.881122970191e-60 -7.806965875006e-02 3.384497630533e+00
30 8 5.022776955980e-114 -1.892795814027e-45 1.858455559138e-56 1.125974188839e-56 3.122788356401e-01 3.867997292038e+00
30 9 5.616761932114e-108 -6.424905527923e-43 -2.556478483080e-53 3.833845520382e-54 1.024149302864e-01 4.351496953542e+00
30 10 1.243858004367e-101 -2.591833905639e-40 3.585863038732e-50 -2.326322110106e-50 -3.079404480663e-01 4.834996615047e+00
30 11 7.340051210560e-96 -2.757556789403e-38 -2.686109935004e-47 2.414578997495e-47 -1.283913127994e-01 5.318496276552e+00
30 12 1.111822477405e-89 -4.469284478820e-36 3.972175109777e-44 -2.781759899974e-44 3.017828414591e-01 5.801995938057e+00
30 13 5.255526902892e-84 -2.252573007398e-34 -3.540095888524e-41 7.166975462407e-42 1.564836932942e-01 6.285495599561e+00
30 14 0.000000000000e+00 -2.002468116335e-32 0.000000000000e+00 0.000000000000e+00 -2.931231436987e-01 6.768995261066e+00
30 15 0.000000000000e+00 -6.044037473051e-31 0.000000000000e+00 0.000000000000e+00 -1.872635266398e-01 7.252494922571e+00
30 16 0.000000000000e+00 -3.553486989969e-29 0.000000000000e+00 0.000000000000e+00 2.809387918171e-01 7.735994584075e+00
30 17 0.000000000000e+00 -7.413664863406e-28 0.000000000000e+00 0.000000000000e+00 2.214136427399e-01 8.219494245580e+00
30 18 0.000000000000e+00 -3.256058814482e-26 0.000000000000e+00 0.000000000000e+00 -2.636552011891e-01 8.702993907085e+00
30 19 0.000000000000e+00 -5.147669529099e-25 0.000000000000e+00 0.000000000000e+00 -2.597478135015e-01 9.186493568589e+00
30 20 0.000000000000e+00 -1.839532352539e-23 0.000000000000e+00 0.000000000000e+00 2.387456969160e-01 9.669993230094e+00
30 21 0.000000000000e+00 -2.339116973645e-22 0.000000000000e+00 0.000000000000e+00 3.031967423306e-01 1.015349289160e+01
30 22 0.000000000000e+00 -7.262552583886e-21 0.000000000000e+00 0.000000000000e+00 -2.019193333342e-01 1.063699255310e+01
30 23 0.000000000000e+00 -7.698891984937e-20 0.000000000000e+00 0.000000000000e+00 -3.526590873798e-01 1.112049221461e+01
30 24 0.000000000000e+00 -2.200995669565e-18 0.000000000000e+00 0.000000000000e+00 1.452888914697e-01 1.160399187611e+01
30 25 0.000000000000e+00 -1.969251853608e-17 0.000000000000e+00 0.000000000000e+00 4.083276725928e-01 1.208749153762e+01
30 26 0.000000000000e+00 -5.532498240693e-16 0.000000000000e+00 0.000000000000e+00 -5.251964623344e-02 1.257099119912e+01
30 27 0.000000000000e+00 -4.062237489696e-15 0.000000000000e+00 0.000000000000e+00 -4.667046440154e-01 1.305449086063e+01
30 28 0.000000000000e+00 -1.252572414246e-13 0.000000000000e+00 0.000000000000e+00 -1.182790917705e-01 1.353799052213e+01
30 29 0.000000000000e+00 -6.403704019859e-13 0.000000000000e+00 0.000000000000e+00 5.034894708623e-01 1.402149018364e+01
30 30 4.528961774232e-06 -3.290115788192e-11 -2.021559875308e-02 -7.468859634790e-02 5.631723234711e-01 1.450498984514e+01
