2 1 7.748704606198e-08 -7.915109445056e-05 -1.608817099158e-04 2.812145756749e-04 2.797788789288e-01 4.643194347581e-01
2 2 1.607032536735e-02 -4.199992320956e-03 -2.849178121553e-01 -7.679711559877e-02 9.672209884627e-02 9.286388695162e-01
3 1 1.793340851134e-12 -3.046968734693e-07 5.211019752934e-07 1.468920132560e-06 -3.392800596695e-01 4.643194347581e-01
3 2 4.007356646318e-07 -5.988028044289e-05 8.086682382915e-04 -1.231833761258e-03 -3.450461156671e-01 9.286388695162e-01
3 3 1.412409207110e-02 -2.272196820364e-03 3.784636232785e-01 1.701726826241e-01 -1.432542419173e-01 1.392958304274e+00
4 1 7.504907408884e-18 -1.005132305227e-09 2.385563516702e-09 2.115488908546e-09 -9.158847077671e-02 4.643194347581e-01
4 2 1.871452834763e-11 -6.353574122746e-07 -8.295059782699e-06 -5.709235717789e-06 3.074499591331e-01 9.286388695162e-01
4 3 1.080574972742e-06 -3.313423631649e-05 -3.128468971278e-03 1.840239148258e-03 3.849128618681e-01 1.392958304274e+00
4 4 1.026247716416e-02 -1.057754718230e-03 -3.143302320897e-01 -3.516000881075e-01 1.808175001275e-01 1.857277739032e+00
5 1 2.019600112036e-22 -3.334017419988e-12 1.499460993100e-11 6.981281611436e-12 3.256731083532e-01 4.643194347581e-01
5 2 1.667970588710e-16 -4.682922465087e-09 -2.857293606867e-08 9.346965107744e-09 1.506501450375e-01 9.286388695162e-01
5 3 9.626882591035e-11 -5.640146275224e-07 2.997317409518e-05 1.659118484811e-05 -2.783939230312e-01 1.392958304274e+00
5 4 1.952849685083e-06 -1.687647595061e-05 6.459144010043e-03 7.778093530359e-04 -4.126862508684e-01 1.857277739032e+00
5 5 7.268212678043e-03 -4.907384576170e-04 8.659509636006e-02 4.885086908508e-01 -2.132023807601e-01 2.321597173791e+00
6 1 8.416672535214e-28 -6.536528231102e-15 3.304544850277e-14 6.937392590566e-15 5.726866195236e-02 4.643194347581e-01
6 2 9.212910076321e-21 -4.218732671666e-11 -1.383825871911e-10 1.754131734450e-10 -3.152916535578e-01 9.286388695162e-01
6 3 1.225457970430e-15 -5.888263485158e-09 8.446153768234e-08 -8.835374194140e-08 -1.952712758482e-01 1.392958304274e+00
6 4 3.598585921958e-10 -3.845384573200e-07 -6.482351336422e-05 -5.997823432648e-05 2.509099213748e-01 1.857277739032e+00
6 5 2.694552514707e-06 -8.341295227692e-06 -6.230673284585e-03 -7.240874343439e-03 4.331542451880e-01 2.321597173791e+00
6 6 5.166784850029e-03 -2.316191465094e-04 2.218411379944e-01 -4.502769547762e-01 2.419292590611e-01 2.785916608549e+00
7 1 1.369274378389e-32 -1.548667657533e-17 1.361248358537e-16 4.281064026761e-18 -3.221062429667e-01 4.643194347581e-01
7 2 9.464244416315e-26 -2.145023920926e-13 -1.495928955801e-13 7.003110474024e-13 -1.003886933829e-01 9.286388695162e-01
7 3 8.968051443328e-20 -8.570829829941e-11 -1.258243320570e-10 -1.038029677068e-09 3.037288696968e-01 1.392958304274e+00
7 4 6.260742881810e-15 -4.873231511116e-09 -2.180517904629e-07 2.968956746304e-07 2.311511959861e-01 1.857277739032e+00
7 5 1.037211142490e-09 -2.334736926617e-07 6.542287941582e-05 1.756280335632e-04 -2.247987592356e-01 2.321597173791e+00
7 6 3.117914785142e-06 -4.072744288819e-06 -8.701091069645e-04 1.230003164133e-02 -4.487104151237e-01 2.785916608549e+00
7 7 3.705789659205e-03 -1.112290324490e-04 -4.509336563434e-01 2.064789020072e-01 -2.678292919474e-01 3.250236043307e+00
8 1 4.217011079349e-38 -1.840021718346e-20 2.373310880491e-19 -2.824745055647e-20 -4.220153466252e-02 4.643194347581e-01
8 2 3.869991048838e-30 -1.490045507922e-15 6.778290644627e-16 4.528777874166e-15 3.168591347174e-01 9.286388695162e-01
8 3 1.335174181369e-24 -6.740662342719e-13 -2.917233946062e-12 -2.787020478679e-12 1.355399559683e-01 1.392958304274e+00
8 4 5.498869382932e-19 -9.517907616886e-11 1.782528107535e-09 2.956466185118e-09 -2.913468082072e-01 1.857277739032e+00
8 5 2.566974939013e-14 -3.339324949745e-09 6.483510367245e-07 -6.700388381544e-07 -2.609604306668e-01 2.321597173791e+00
8 6 0.000000000000e+00 -1.334032364632e-07 0.000000000000e+00 0.000000000000e+00 1.999963325900e-01 2.785916608549e+00
8 7 3.216088700222e-06 -1.978871264171e-06 1.118413078800e-02 -9.401363311709e-03 4.607581377200e-01 3.250236043307e+00
8 8 2.681441474613e-03 -5.417234937499e-05 4.622378088658e-01 1.371259196568e-01 2.914371159313e-01 3.714555478065e+00
9 1 4.376820594892e-43 -3.081741199602e-23 7.470289685551e-22 -1.866421201289e-22 3.206342989923e-01 4.643194347581e-01
9 2 3.320257654211e-35 -5.097102311235e-18 5.872446657903e-18 1.205903212349e-17 7.624482548466e-02 9.286388695162e-01
9 3 8.056364964851e-29 -7.957287147692e-15 -3.061271039534e-14 -6.712029831260e-15 -3.105196951758e-01 1.392958304274e+00
9 4 1.003272421610e-23 -9.620481077200e-13 1.465655541374e-11 1.622312471067e-12 -1.653806239191e-01 1.857277739032e+00
9 5 2.695394357427e-18 -7.997728533306e-11 -6.081999930552e-09 -7.368129806862e-09 2.784511538802e-01 2.321597173791e+00
9 6 0.000000000000e+00 -2.067392572900e-09 0.000000000000e+00 0.000000000000e+00 2.862333488415e-01 2.785916608549e+00
9 7 0.000000000000e+00 -7.357161145798e-08 0.000000000000e+00 0.000000000000e+00 -1.764477214007e-01 3.250236043307e+00
9 8 3.071428522313e-06 -9.600086525726e-07 -1.621400142561e-02 -1.839390390770e-03 -4.701998755417e-01 3.714555478065e+00
9 9 1.955093902103e-03 -2.667189644266e-05 -2.382753096396e-01 -3.971701257383e-01 -3.131312778587e-01 4.178874912823e+00
10 1 9.887639579365e-49 -2.411302082515e-26 1.084361832749e-24 -4.044092621822e-25 3.356606428821e-02 4.643194347581e-01
10 2 9.729280593391e-40 -2.656858616342e-20 4.742657782155e-20 5.497693814245e-20 -3.174447697245e-01 9.286388695162e-01
10 3 1.093124193186e-33 -4.538780957986e-17 -1.119432841718e-16 2.820448209869e-17 -1.050986140430e-01 1.392958304274e+00
10 4 7.464211607234e-28 -1.574181516224e-14 1.030454438659e-13 -7.456114347725e-14 3.033834822514e-01 1.857277739032e+00
10 5 5.691804302571e-23 -9.502308326929e-13 -4.236115706026e-11 1.153573116064e-11 1.913195910655e-01 2.321597173791e+00
10 6 1.130915852302e-17 -5.768824785127e-11 1.367417217871e-08 1.909235760287e-08 -2.652744981703e-01 2.785916608549e+00
10 7 0.000000000000e+00 -1.204484563018e-09 0.000000000000e+00 0.000000000000e+00 -3.079625953835e-01 3.250236043307e+00
10 8 0.000000000000e+00 -3.968181311211e-08 0.000000000000e+00 0.000000000000e+00 1.540903111843e-01 3.714555478065e+00
10 9 2.780868657406e-06 -4.657625455802e-07 1.042312850505e-02 1.401728588128e-02 4.776517014920e-01 4.178874912823e+00
10 10 1.434608684565e-03 -1.324084982974e-05 -9.600392288673e-02 4.302516330650e-01 3.331963793454e-01 4.643194347581e+00
11 1 7.025495615815e-54 -2.956569081042e-29 2.769884711457e-27 -1.358134865686e-27 -3.198816248191e-01 4.643194347581e-01
11 2 6.616556657028e-45 -6.399896339658e-23 1.529505447342e-22 1.116131249269e-22 -6.176192481928e-02 9.286388695162e-01
11 3 5.156776611130e-38 -4.208043721637e-19 -6.352876832124e-19 4.744433309771e-19 3.133936303968e-01 1.392958304274e+00
11 4 1.302002022179e-32 -1.219029026474e-16 1.678585965780e-16 -5.039998418776e-16 1.302829358738e-01 1.857277739032e+00
11 5 4.859351468509e-27 -1.947465822346e-14 -1.496466629393e-13 3.770527408999e-13 -2.956553762995e-01 2.321597173791e+00
11 6 2.733857464061e-22 -7.662292395331e-13 1.053640385255e-10 -4.722622960828e-11 -2.142149149862e-01 2.785916608549e+00
11 7 0.000000000000e+00 -3.791777578371e-11 0.000000000000e+00 0.000000000000e+00 2.519871027733e-01 3.250236043307e+00
11 8 0.000000000000e+00 -6.748164778281e-10 0.000000000000e+00 0.000000000000e+00 3.268403579242e-01 3.714555478065e+00
11 9 0.000000000000e+00 -2.108954001085e-08 0.000000000000e+00 0.000000000000e+00 -1.328555111454e-01 4.178874912823e+00
11 10 2.423528651433e-06 -2.261705201032e-07 3.302965425061e-03 -1.781526079024e-02 -4.835521423215e-01 4.643194347581e+00
11 11 1.058262762884e-03 -6.614525561980e-06 3.488746017526e-01 -2.274725718482e-01 -3.518550014026e-01 5.107513782339e+00
12 1 1.195798256000e-59 -1.627751279031e-32 3.440219144836e-30 -2.088844053609e-30 -2.792122720140e-02 4.643194347581e-01
12 2 1.427137035596e-49 -2.548007113686e-25 7.999457335898e-25 3.652002811916e-25 3.177308518990e-01 9.286388695162e-01
12 3 5.924614725220e-43 -1.782460292022e-21 -1.475557582328e-21 2.246265025195e-21 8.626810307695e-02 1.392958304274e+00
12 4 8.022041494152e-37 -1.620518860734e-18 -8.759734593004e-19 -4.076692694042e-18 -3.086973911403e-01 1.857277739032e+00
12 5 9.915276340998e-32 -1.847652928152e-16 7.247871222517e-16 1.683006672669e-15 -1.526810675490e-01 2.321597173791e+00
12 6 2.609467802164e-26 -1.855367863793e-14 3.697265049554e-14 -1.127458666038e-12 2.874909861286e-01 2.785916608549e+00
12 7 1.158919730852e-21 -5.457592025310e-13 -2.560171328805e-10 1.066744350708e-10 2.346415808571e-01 3.250236043307e+00
12 8 0.000000000000e+00 -2.345141399601e-11 0.000000000000e+00 0.000000000000e+00 -2.387116093134e-01 3.714555478065e+00
12 9 0.000000000000e+00 -3.681539687239e-10 0.000000000000e+00 0.000000000000e+00 -3.433743715024e-01 4.178874912823e+00
12 10 0.000000000000e+00 -1.109471462855e-08 0.000000000000e+00 0.000000000000e+00 1.126725837826e-01 4.643194347581e+00
12 11 2.053640716445e-06 -1.099663916254e-07 -1.552744349000e-02 9.772702845268e-03 4.882231970100e-01 5.107513782339e+00
12 12 7.840799032559e-04 -3.320100153433e-06 -3.827965685051e-01 -8.007610794206e-02 3.692860388176e-01 5.571833217097e+00
13 1 6.150108232119e-65 -1.514259525556e-35 7.391281350461e-33 -5.355260023271e-33 3.194443346010e-01 4.643194347581e-01
13 2 7.702103046913e-55 -4.520180255706e-28 1.981768536103e-27 4.959084795503e-28 5.201913463957e-02 9.286388695162e-01
13 3 2.187356742493e-47 -1.307265790683e-23 -4.400048700687e-24 1.572610981703e-23 -3.149006189678e-01 1.392958304274e+00
13 4 1.245612760886e-41 -9.717264937712e-21 -1.035118671921e-20 -1.276023623023e-20 -1.080483862737e-01 1.857277739032e+00
13 5 7.228748292976e-36 -3.155166840201e-18 1.379874863531e-17 7.375467353884e-18 3.034976421557e-01 2.321597173791e+00
13 6 5.953701046813e-31 -2.032579312010e-16 -4.265886627034e-15 -3.291801979184e-15 1.728575488345e-01 2.785916608549e+00
13 7 1.232802998243e-25 -1.504776084351e-14 3.649186235928e-13 2.837192473439e-12 -2.790116776271e-01 3.250236043307e+00
13 8 0.000000000000e+00 -3.582846558831e-13 0.000000000000e+00 0.000000000000e+00 -2.530116957236e-01 3.714555478065e+00
13 9 0.000000000000e+00 -1.390733814381e-11 0.000000000000e+00 0.000000000000e+00 2.255355365067e-01 4.178874912823e+00
13 10 0.000000000000e+00 -1.971128277068e-10 0.000000000000e+00 0.000000000000e+00 3.579507575960e-01 4.643194347581e+00
13 11 0.000000000000e+00 -5.794326866888e-09 0.000000000000e+00 0.000000000000e+00 -9.347160854247e-02 5.107513782339e+00
13 12 1.703762773014e-06 -5.354412690013e-08 1.758777854434e-02 4.797085721919e-03 -4.919070852514e-01 5.571833217097e+00
13 13 5.830698759899e-04 -1.672567613524e-06 1.978354425634e-01 3.071523784097e-01 -3.856361617632e-01 6.036152651855e+00
14 1 8.118084297217e-71 -6.165852899640e-39 8.007030518724e-36 -6.771681532821e-36 2.392641487640e-02 4.643194347581e-01
14 2 1.262795916039e-59 -1.408329489244e-30 8.245873535009e-30 6.552105899830e-31 -3.178933440110e-01 9.286388695162e-01
14 3 2.091849776500e-52 -4.237912632977e-26 3.072855770638e-28 5.049928833482e-26 -7.334472061769e-02 1.392958304274e+00
14 4 6.301481958253e-46 -1.050865175585e-22 -1.040655438919e-22 -5.317914841171e-23 3.115510767932e-01 1.857277739032e+00
14 5 1.358119264840e-40 -2.396586402223e-20 6.746322775541e-20 -6.928961015717e-21 1.277043158407e-01 2.321597173791e+00
14 6 4.883457821518e-35 -4.180048658971e-18 -4.819923991491e-17 7.635090629601e-18 -2.978992655396e-01 2.785916608549e+00
14 7 3.083941790090e-30 -1.833613834214e-16 1.351069574570e-14 4.707457818437e-15 -1.912004476626e-01 3.250236043307e+00
14 8 0.000000000000e+00 -1.097168545805e-14 0.000000000000e+00 0.000000000000e+00 2.703129212822e-01 3.714555478065e+00
14 9 0.000000000000e+00 -2.222901357485e-13 0.000000000000e+00 0.000000000000e+00 2.696352886445e-01 4.178874912823e+00
14 10 0.000000000000e+00 -8.001870470724e-12 0.000000000000e+00 0.000000000000e+00 -2.125207559644e-01 4.643194347581e+00
14 11 0.000000000000e+00 -1.040995297153e-10 0.000000000000e+00 0.000000000000e+00 -3.708711673091e-01 5.107513782339e+00
14 12 0.000000000000e+00 -3.010012489785e-09 0.000000000000e+00 0.000000000000e+00 7.518534720543e-02 5.571833217097e+00
14 13 1.390653088047e-06 -2.611050147556e-08 -8.155270933512e-03 -1.586984563780e-02 4.947895967609e-01 6.036152651855e+00
14 14 4.349317962163e-04 -8.449414803201e-07 7.644748188628e-02 -3.311065401094e-01 4.010274592068e-01 6.500472086614e+00
15 1 3.154156006033e-76 -4.486653756190e-42 1.482391929997e-38 -1.440541115078e-38 -3.191675458354e-01 4.643194347581e-01
15 2 5.483254989746e-65 -1.909327730650e-33 1.719031441267e-32 -1.264715045935e-33 -4.498415702691e-02 9.286388695162e-01
15 3 6.135462449571e-57 -2.498569199473e-28 7.004903195922e-29 2.643736832931e-28 3.157968615213e-01 1.392958304274e+00
15 4 8.478901646373e-51 -4.978462010670e-25 -4.267195772013e-25 -4.098527006203e-26 9.255093712107e-02 1.857277739032e+00
15 5 8.419415680891e-45 -3.404452636571e-22 4.317033297231e-22 -3.142569059703e-22 -3.077861500727e-01 2.321597173791e+00
15 6 1.044831531391e-39 -3.766945691563e-20 -1.447384726969e-19 1.732134721766e-19 -1.456377632245e-01 2.785916608549e+00
15 7 2.774575789434e-34 -4.357111898684e-18 1.104242456323e-16 -7.888568128675e-17 2.919847919348e-01 3.250236043307e+00
15 8 1.436303949821e-29 -1.450076393599e-16 -3.476930035718e-14 -6.024788413203e-15 2.079919111105e-01 3.714555478065e+00
15 9 0.000000000000e+00 -7.427819803544e-15 0.000000000000e+00 0.000000000000e+00 -2.614700919535e-01 4.178874912823e+00
15 10 0.000000000000e+00 -1.324080139991e-13 0.000000000000e+00 0.000000000000e+00 -2.847540814725e-01 4.643194347581e+00
15 11 0.000000000000e+00 -4.501818062894e-12 0.000000000000e+00 0.000000000000e+00 1.997104214514e-01 5.107513782339e+00
15 12 0.000000000000e+00 -5.441644704876e-11 0.000000000000e+00 0.000000000000e+00 3.823762284807e-01 5.571833217097e+00
15 13 0.000000000000e+00 -1.557361307329e-09 0.000000000000e+00 0.000000000000e+00 -5.775027646678e-02 6.036152651855e+00
15 14 1.120687764146e-06 -1.275161996789e-08 -6.021931812990e-03 1.616423396464e-02 -4.970155540802e-01 6.500472086614e+00
15 15 3.252792052389e-04 -4.277592880711e-07 -2.701876917460e-01 1.616768676688e-01 -4.155627931929e-01 6.964791521372e+00
16 1 3.312442721199e-82 -1.403657619750e-45 1.420937755935e-41 -1.570985952087e-41 -2.094377975979e-02 4.643194347581e-01
16 2 7.033328830226e-70 -4.763190297457e-36 6.032295071965e-35 -1.311878962716e-35 3.179950346048e-01 9.286388695162e-01
16 3 4.890777985554e-62 -6.370934821105e-31 3.644870046631e-31 6.807400336524e-31 6.387683754801e-02 1.392958304274e+00
16 4 3.537336535647e-55 -4.426592596301e-27 -2.685500957056e-27 6.743966537707e-28 -3.132757789752e-01 1.857277739032e+00
16 5 1.415265120838e-49 -2.097650567400e-24 9.829784484355e-25 -1.956163729100e-24 -1.100687776212e-01 2.321597173791e+00
16 6 7.455823999660e-44 -6.560596805779e-22 -1.105065355595e-22 1.903598363303e-21 3.036814738871e-01 2.785916608549e+00
16 7 6.532033423631e-39 -4.466468808585e-20 7.089008035017e-20 -6.546322980759e-19 1.621324736424e-01 3.250236043307e+00
16 8 1.401905769733e-33 -3.870610330246e-18 -2.098707951410e-16 2.783744505516e-16 -2.858210386351e-01 3.714555478065e+00
16 9 0.000000000000e+00 -1.046021263973e-16 0.000000000000e+00 0.000000000000e+00 -2.234461908587e-01 4.178874912823e+00
16 10 0.000000000000e+00 -4.765321352197e-15 0.000000000000e+00 0.000000000000e+00 2.525428250765e-01 4.643194347581e+00
16 11 0.000000000000e+00 -7.651178294306e-14 0.000000000000e+00 0.000000000000e+00 2.985617005462e-01 5.107513782339e+00
16 12 0.000000000000e+00 -2.489714457122e-12 0.000000000000e+00 0.000000000000e+00 -1.871339864710e-01 5.571833217097e+00
16 13 0.000000000000e+00 -2.822352097410e-11 0.000000000000e+00 0.000000000000e+00 -3.926611180557e-01 6.036152651855e+00
16 14 0.000000000000e+00 -8.032922839519e-10 0.000000000000e+00 0.000000000000e+00 4.110706649733e-02 6.500472086614e+00
16 15 8.939969716480e-07 -6.236518832061e-09 1.531945434457e-02 -6.147582285388e-03 4.986993958323e-01 6.964791521372e+00
16 16 2.438135105977e-04 -2.169140742401e-07 2.802383853801e-01 7.756289330477e-02 4.293296935245e-01 7.429110956130e+00
17 1 1.005155765311e-87 -8.193590895650e-49 2.306518622014e-44 -2.880258827795e-44 3.189811736865e-01 4.643194347581e-01
17 2 2.496860743699e-75 -5.084868907220e-39 1.094532329376e-37 -3.935808202481e-38 3.965211460904e-02 9.286388695162e-01
17 3 1.159762821391e-66 -3.071399626675e-33 2.439279172877e-33 2.861665893898e-33 -3.163761968390e-01 1.392958304274e+00
17 4 4.094295318376e-60 -1.690666387193e-29 -7.980708342111e-30 5.004690670100e-30 -8.106841801052e-02 1.857277739032e+00
17 5 7.457723233728e-54 -2.496218934568e-26 5.333369377108e-28 -1.588309842882e-26 3.104095772861e-01 2.321597173791e+00
17 6 1.461558874948e-48 -4.903013282951e-24 4.182317786128e-24 7.333650340692e-24 1.261975201078e-01 2.785916608549e+00
17 7 5.171883567438e-43 -9.119185129868e-22 -3.509343351930e-21 -4.691832547141e-21 -2.992961533737e-01 3.250236043307e+00
17 8 3.563419333597e-38 -4.385554954207e-20 5.557616362516e-19 1.667462729707e-18 -1.773980467165e-01 3.714555478065e+00
17 9 0.000000000000e+00 -3.073773676970e-18 0.000000000000e+00 0.000000000000e+00 2.794628663841e-01 4.178874912823e+00
17 10 0.000000000000e+00 -7.057949990880e-17 0.000000000000e+00 0.000000000000e+00 2.377316016161e-01 4.643194347581e+00
17 11 0.000000000000e+00 -2.936575176601e-15 0.000000000000e+00 0.000000000000e+00 -2.435783649639e-01 5.107513782339e+00
17 12 0.000000000000e+00 -4.319860101831e-14 0.000000000000e+00 0.000000000000e+00 -3.112165261510e-01 5.571833217097e+00
17 13 0.000000000000e+00 -1.358683457092e-12 0.000000000000e+00 0.000000000000e+00 1.748108401619e-01 6.036152651855e+00
17 14 0.000000000000e+00 -1.454957769702e-11 0.000000000000e+00 0.000000000000e+00 4.018863272558e-01 6.500472086614e+00
17 15 0.000000000000e+00 -4.133472314267e-10 0.000000000000e+00 0.000000000000e+00 -2.520071264636e-02 6.964791521372e+00
17 16 7.073402527185e-07 -3.054343717404e-09 -1.408890331124e-02 -6.840612778834e-03 -4.999326179200e-01 7.429110956130e+00
17 17 1.830993837580e-04 -1.101353147471e-07 -1.254519906536e-01 -2.365202976562e-01 -4.424032744921e-01 7.893430390888e+00
18 1 8.582831143912e-94 -2.029202036446e-52 1.977681273758e-47 -2.777615409830e-47 1.862886185451e-02 4.643194347581e-01
18 2 2.567558439934e-80 -1.036282003693e-41 3.329936576858e-40 -1.680375504811e-40 -3.180631352142e-01 9.286388695162e-01
18 3 7.764964563479e-72 -6.305337611788e-36 7.653464559299e-36 6.007563480785e-36 -5.662017492365e-02 1.392958304274e+00
18 4 1.421844460338e-64 -1.251776707213e-31 -3.665606267569e-32 4.168932447127e-32 3.144041668834e-01 1.857277739032e+00
18 5 1.107764600860e-58 -1.266387442416e-28 -2.176567215628e-29 -5.725139406455e-29 9.687909728795e-02 2.321597173791e+00
18 6 9.075271051687e-53 -7.265642470371e-26 5.743122394180e-26 3.357514851159e-26 -3.072557755429e-01 2.785916608549e+00
18 7 1.133405749799e-47 -7.898857381482e-24 -2.656779906000e-23 -6.816085536448e-24 -1.411540762010e-01 3.250236043307e+00
18 8 3.063573139117e-42 -1.017740435186e-21 1.509423474868e-20 6.144937339251e-21 2.946783161821e-01 3.714555478065e+00
18 9 1.761755142537e-37 -3.771271414280e-20 -2.527000873517e-18 -3.597890260140e-18 1.915951439444e-01 4.178874912823e+00
18 10 0.000000000000e+00 -2.249425254449e-18 0.000000000000e+00 0.000000000000e+00 -2.729556632361e-01 4.643194347581e+00
18 11 0.000000000000e+00 -4.529691389155e-17 0.000000000000e+00 0.000000000000e+00 -2.509839591598e-01 5.107513782339e+00
18 12 0.000000000000e+00 -1.754539953005e-15 0.000000000000e+00 0.000000000000e+00 2.346141579842e-01 5.571833217097e+00
18 13 0.000000000000e+00 -2.395227437499e-14 0.000000000000e+00 0.000000000000e+00 3.228502741627e-01 6.036152651855e+00
18 14 0.000000000000e+00 -7.336523639006e-13 0.000000000000e+00 0.000000000000e+00 -1.627529553092e-01 6.500472086614e+00
18 15 0.000000000000e+00 -7.464613811371e-12 0.000000000000e+00 0.000000000000e+00 -4.101853472747e-01 6.964791521372e+00
18 16 0.000000000000e+00 -2.122903452445e-10 0.000000000000e+00 0.000000000000e+00 9.980459673051e-03 7.429110956130e+00
18 17 5.559218243339e-07 -1.497824226972e-09 4.136911462305e-03 1.416047914634e-02 5.007891244704e-01 7.893430390888e+00
18 18 1.377300058722e-04 -5.597427459798e-08 -7.936765087265e-02 2.327004606974e-01 4.548484699280e-01 8.357749825646e+00
19 1 2.088628918843e-99 -9.703087105617e-56 2.850646882630e-50 -4.490717536197e-50 -3.188496622681e-01 4.643194347581e-01
19 2 7.567770151419e-86 -8.925376926114e-45 5.348887625911e-43 -3.520631347529e-43 -3.546494227693e-02 9.286388695162e-01
19 3 1.513909299063e-76 -2.525247909369e-38 3.811391879097e-38 1.982441161000e-38 3.167736206474e-01 1.392958304274e+00
19 4 1.417131686832e-69 -3.925345129111e-34 -7.655445417469e-35 1.576513217278e-34 7.218989440611e-02 1.857277739032e+00
19 5 4.982030944107e-63 -1.274612605337e-30 -2.736544011374e-31 -3.063180152311e-31 -3.121414632686e-01 2.321597173791e+00
19 6 1.607193691199e-57 -4.552514030614e-28 2.796306913883e-28 1.352391423915e-29 -1.115386836353e-01 2.785916608549e+00
19 7 7.941821807346e-52 -1.390172139705e-25 -2.145057152593e-25 8.186430339005e-26 3.038589806017e-01 3.250236043307e+00
19 8 7.308859056910e-47 -9.901345744826e-24 7.354604168552e-23 -3.045304674613e-23 1.551014792724e-01 3.714555478065e+00
19 9 1.624822938833e-41 -9.728727836477e-22 -4.221762711695e-20 6.930280092104e-22 -2.898680786470e-01 4.178874912823e+00
19 10 0.000000000000e+00 -2.943552227962e-20 0.000000000000e+00 0.000000000000e+00 -2.048507064789e-01 4.643194347581e+00
19 11 0.000000000000e+00 -1.548046998231e-18 0.000000000000e+00 0.000000000000e+00 2.663371541841e-01 5.107513782339e+00
19 12 0.000000000000e+00 -2.797267481886e-17 0.000000000000e+00 0.000000000000e+00 2.633152201689e-01 5.571833217097e+00
19 13 0.000000000000e+00 -1.023174778680e-15 0.000000000000e+00 0.000000000000e+00 -2.256798694294e-01 6.036152651855e+00
19 14 0.000000000000e+00 -1.309098834856e-14 0.000000000000e+00 0.000000000000e+00 -3.335739645324e-01 6.500472086614e+00
19 15 0.000000000000e+00 -3.927871921608e-13 0.000000000000e+00 0.000000000000e+00 1.509668297789e-01 6.964791521372e+00
19 16 0.000000000000e+00 -3.815073585362e-12 0.000000000000e+00 0.000000000000e+00 4.176703031412e-01 7.429110956130e+00
19 17 0.000000000000e+00 -1.088632884878e-10 0.000000000000e+00 0.000000000000e+00 4.600391603331e-03 7.893430390888e+00
19 18 4.345183767685e-07 -7.354251217873e-10 7.231521279975e-03 -1.176486938558e-02 -5.013291498352e-01 8.357749825646e+00
19 19 1.037496070937e-04 -2.846912429164e-08 2.053986461668e-01 -9.244646235079e-02 -4.667217775329e-01 8.822069260404e+00
20 1 1.476940823790e-105 -1.948347886807e-59 2.204206501046e-53 -3.892072749227e-53 -1.677849797839e-02 4.643194347581e-01
20 2 6.368055047056e-91 -1.511800211148e-47 1.432575907845e-45 -1.182460677152e-45 3.181110848239e-01 9.286388695162e-01
20 3 8.595166351067e-82 -4.256898237822e-41 9.763800439784e-41 3.075048058062e-41 5.087036898919e-02 1.392958304274e+00
20 4 4.140880099225e-74 -2.450615302732e-36 -1.892838516523e-37 9.282535346836e-37 -3.151857298162e-01 1.857277739032e+00
20 5 6.515196481055e-68 -5.400835188697e-33 -1.302435943851e-33 -7.141741479730e-34 -8.660593698692e-02 2.321597173791e+00
20 6 8.696359801291e-62 -5.782455623172e-30 1.900839291635e-30 -7.922541578372e-31 3.096334740096e-01 2.785916608549e+00
20 7 1.599919872593e-56 -1.025478732145e-27 -6.161242821542e-28 8.260449450131e-28 1.252178084064e-01 3.250236043307e+00
20 8 5.620895156855e-51 -2.002527671078e-25 3.159251183262e-25 -6.224903875700e-25 -3.002554215209e-01 3.714555478065e+00
20 9 4.150585323446e-46 -1.039260614384e-23 -1.330519442493e-22 1.668494708609e-22 -1.681661104153e-01 4.178874912823e+00
20 10 0.000000000000e+00 -8.302167798517e-22 0.000000000000e+00 0.000000000000e+00 2.848993363493e-01 4.643194347581e+00
20 11 0.000000000000e+00 -2.135798512408e-20 0.000000000000e+00 0.000000000000e+00 2.172675649098e-01 5.107513782339e+00
20 12 0.000000000000e+00 -1.016054477291e-18 0.000000000000e+00 0.000000000000e+00 -2.596387921102e-01 5.571833217097e+00
20 13 0.000000000000e+00 -1.675954315661e-17 0.000000000000e+00 0.000000000000e+00 -2.748192768897e-01 6.036152651855e+00
20 14 0.000000000000e+00 -5.852188699055e-16 0.000000000000e+00 0.000000000000e+00 2.167989585689e-01 6.500472086614e+00
20 15 0.000000000000e+00 -7.072161651451e-15 0.000000000000e+00 0.000000000000e+00 3.434822142305e-01 6.964791521372e+00
20 16 0.000000000000e+00 -2.088320882992e-13 0.000000000000e+00 0.000000000000e+00 -1.394549198611e-01 7.429110956130e+00
20 17 0.000000000000e+00 -1.943833150018e-12 0.000000000000e+00 0.000000000000e+00 -4.244361750746e-01 7.893430390888e+00
20 18 0.000000000000e+00 -5.575605513057e-11 0.000000000000e+00 0.000000000000e+00 -1.858473847177e-02 8.357749825646e+00
20 19 3.380728759614e-07 -3.615084832903e-10 -1.264175042864e-02 2.346982338021e-03 5.016021811399e-01 8.822069260404e+00
20 20 7.824915570966e-05 -1.448791495950e-08 -1.897622062342e-01 -7.993168231497e-02 4.780726410233e-01 9.286388695162e+00
21 1 2.944851122296e-111 -7.766412402892e-63 2.847166139610e-56 -5.637803644737e-56 3.187533843833e-01 4.643194347581e-01
21 2 1.580259268330e-96 -1.071794388786e-50 2.055105489668e-48 -2.083042959497e-48 3.208632123290e-02 9.286388695162e-01
21 3 1.398855714428e-86 -1.436419346799e-43 4.088660107223e-43 5.804886932510e-44 -3.170587112760e-01 1.392958304274e+00
21 4 3.570400391882e-79 -6.410992030343e-39 9.539289636711e-41 2.780159730645e-39 -6.510458499535e-02 1.857277739032e+00
21 5 2.516617066622e-72 -4.643752158698e-35 -9.074997823765e-36 -1.694150640344e-36 3.133496656847e-01 2.321597173791e+00
21 6 1.382164047930e-66 -3.071826334100e-32 5.679548080972e-33 -5.928337382325e-33 1.000489063947e-01 2.785916608549e+00
21 7 9.934118446039e-61 -1.564741516800e-29 -9.675785380176e-31 8.062399348112e-30 -3.069152647990e-01 3.250236043307e+00
21 8 1.248628533463e-55 -1.681906897892e-27 -5.922956116045e-28 -3.236380528554e-27 -1.380469660555e-01 3.714555478065e+00
21 9 3.440953070427e-50 -2.358275444394e-25 2.493206882669e-25 1.927009157660e-24 2.964754074067e-01 4.178874912823e+00
21 10 2.146575051925e-45 -9.574889598290e-24 1.550969008783e-22 -5.164510591555e-22 1.804485439264e-01 4.643194347581e+00
21 11 0.000000000000e+00 -6.502967749481e-22 0.000000000000e+00 0.000000000000e+00 -2.798009659451e-01 5.107513782339e+00
21 12 0.000000000000e+00 -1.464777876576e-20 0.000000000000e+00 0.000000000000e+00 -2.289307512866e-01 5.571833217097e+00
21 13 0.000000000000e+00 -6.424546399171e-19 0.000000000000e+00 0.000000000000e+00 2.528868579116e-01 6.036152651855e+00
21 14 0.000000000000e+00 -9.801325814402e-18 0.000000000000e+00 0.000000000000e+00 2.855759875175e-01 6.500472086614e+00
21 15 0.000000000000e+00 -3.295007553841e-16 0.000000000000e+00 0.000000000000e+00 -2.079899142565e-01 6.964791521372e+00
21 16 0.000000000000e+00 -3.784468674386e-15 0.000000000000e+00 0.000000000000e+00 -3.526564128102e-01 7.429110956130e+00
21 17 0.000000000000e+00 -1.103911875032e-13 0.000000000000e+00 0.000000000000e+00 1.282167055665e-01 7.893430390888e+00
21 18 0.000000000000e+00 -9.879280544500e-13 0.000000000000e+00 0.000000000000e+00 4.305640206803e-01 8.357749825646e+00
21 19 0.000000000000e+00 -2.852706855105e-11 0.000000000000e+00 0.000000000000e+00 3.201195628926e-02 8.822069260404e+00
21 20 2.620173099486e-07 -1.778975099454e-10 9.462534215112e-03 7.241044809118e-03 -5.016491677032e-01 9.286388695162e+00
21 21 5.907986552622e-05 -7.376032962751e-09 6.414429834390e-02 1.765750868756e-01 -4.889445590689e-01 9.750708129920e+00
22 1 1.751599918614e-117 -1.289382934217e-66 1.996427929438e-59 -4.443150437694e-59 1.526478765808e-02 4.643194347581e-01
22 2 1.107119665973e-101 -1.531358461592e-53 4.882037171005e-51 -6.012839047741e-51 -3.181461762878e-01 9.286388695162e-01
22 3 6.800575207828e-92 -2.021776335397e-46 9.104533385135e-46 -1.283974537840e-47 -4.619652412189e-02 1.392958304274e+00
22 4 8.872760147624e-84 -3.414118512834e-41 3.506703183929e-42 1.341673596278e-41 3.157508802964e-01 1.857277739032e+00
22 5 2.899685621866e-77 -1.664880302682e-37 -3.113738674869e-38 3.528085174110e-39 7.835884729727e-02 2.321597173791e+00
22 6 6.538964410542e-71 -3.371357660485e-34 2.094392099501e-35 -5.244173834077e-35 -3.113021834805e-01 2.785916608549e+00
22 7 1.825357585969e-65 -9.915762224877e-32 1.242766162247e-32 3.251382262711e-32 -1.126558373476e-01 3.250236043307e+00
22 8 8.619127069088e-60 -2.978294619863e-29 -1.924890735894e-29 -1.940912039965e-29 3.040152029704e-01 3.714555478065e+00
22 9 8.253411311428e-55 -2.201019878974e-27 7.243240201637e-27 6.172080045026e-27 1.501285616927e-01 4.178874912823e+00
22 10 1.896602145504e-49 -2.394353182175e-25 -2.876885031845e-24 -4.173134837890e-24 -2.925447748046e-01 4.643194347581e+00
22 11 0.000000000000e+00 -7.992931816738e-24 0.000000000000e+00 0.000000000000e+00 -1.920306233857e-01 5.107513782339e+00
22 12 0.000000000000e+00 -4.766812940810e-22 0.000000000000e+00 0.000000000000e+00 2.745976995603e-01 5.571833217097e+00
22 13 0.000000000000e+00 -9.609123518708e-21 0.000000000000e+00 0.000000000000e+00 2.399117913256e-01 6.036152651855e+00
22 14 0.000000000000e+00 -3.942529262799e-19 0.000000000000e+00 0.000000000000e+00 -2.461033445269e-01 6.500472086614e+00
22 15 0.000000000000e+00 -5.620524616539e-18 0.000000000000e+00 0.000000000000e+00 -2.956540688089e-01 6.964791521372e+00
22 16 0.000000000000e+00 -1.831375389961e-16 0.000000000000e+00 0.000000000000e+00 1.992672290142e-01 7.429110956130e+00
22 17 0.000000000000e+00 -2.009292848023e-15 0.000000000000e+00 0.000000000000e+00 3.611671276035e-01 7.893430390888e+00
22 18 0.000000000000e+00 -5.807383280432e-14 0.000000000000e+00 0.000000000000e+00 -1.172494871283e-01 8.357749825646e+00
22 19 0.000000000000e+00 -5.010698263177e-13 0.000000000000e+00 0.000000000000e+00 -4.361234736861e-01 8.822069260404e+00
22 20 0.000000000000e+00 -1.458313922717e-11 0.000000000000e+00 0.000000000000e+00 -4.491818295831e-02 9.286388695162e+00
22 21 2.024205942197e-07 -8.763207773953e-11 -8.819824786927e-04 -1.096104649783e-02 5.015042128028e-01 9.750708129920e+00
22 22 4.464861528811e-05 -3.756443940321e-09 7.856266957012e-02 -1.519897623317e-01 4.993759846613e-01 1.021502756468e+01
23 1 2.912777391448e-123 -4.348366867003e-70 2.324697434880e-62 -5.835451440825e-62 -3.186807762454e-01 4.643194347581e-01
23 2 2.341942584037e-107 -9.087210157087e-57 6.267452140786e-54 -9.360320377221e-54 -2.930083864212e-02 9.286388695162e-01
23 3 9.363932736006e-97 -5.819920021384e-49 3.335091195280e-48 -5.414591132024e-49 3.172704808648e-01 1.392958304274e+00
23 4 6.658615218169e-89 -7.555429011857e-44 1.702979078449e-44 3.395815417097e-44 5.931071034652e-02 1.857277739032e+00
23 5 9.689077548798e-82 -1.234629056723e-39 -1.673746678189e-40 6.926739667747e-41 -3.142285662308e-01 2.321597173791e+00
23 6 9.307905571517e-76 -1.534528142604e-36 4.223341835206e-39 -2.130093588935e-37 -9.077777026898e-02 2.785916608549e+00
23 7 1.006107294490e-69 -1.320427866495e-33 1.883819892091e-34 1.768993727386e-34 3.090716888189e-01 3.250236043307e+00
23 8 1.769587030019e-64 -2.174038150354e-31 -1.205481595040e-31 -2.845274879713e-32 1.245332738276e-01 3.714555478065e+00
23 9 6.197768706546e-59 -4.410282724426e-29 8.243629743563e-29 2.156229094892e-30 -3.009569944741e-01 4.178874912823e+00
23 10 4.842842891091e-54 -2.438305995185e-27 -2.534486685625e-26 -3.695000913596e-27 -1.615447849003e-01 4.643194347581e+00
23 11 0.000000000000e+00 -2.172363847048e-25 0.000000000000e+00 0.000000000000e+00 2.884858135475e-01 5.107513782339e+00
23 12 0.000000000000e+00 -6.181180350616e-24 0.000000000000e+00 0.000000000000e+00 2.029802272617e-01 5.571833217097e+00
23 13 0.000000000000e+00 -3.315801441925e-22 0.000000000000e+00 0.000000000000e+00 -2.693107971858e-01 6.036152651855e+00
23 14 0.000000000000e+00 -6.082872610582e-21 0.000000000000e+00 0.000000000000e+00 -2.502717140028e-01 6.500472086614e+00
23 15 0.000000000000e+00 -2.361192001880e-19 0.000000000000e+00 0.000000000000e+00 2.393066742168e-01 6.964791521372e+00
23 16 0.000000000000e+00 -3.171392088798e-18 0.000000000000e+00 0.000000000000e+00 3.051132294087e-01 7.429110956130e+00
23 17 0.000000000000e+00 -1.006989060216e-16 0.000000000000e+00 0.000000000000e+00 -1.906421708957e-01 7.893430390888e+00
23 18 0.000000000000e+00 -1.059810143747e-15 0.000000000000e+00 0.000000000000e+00 -3.690759621966e-01 8.357749825646e+00
23 19 0.000000000000e+00 -3.042726818877e-14 0.000000000000e+00 0.000000000000e+00 1.065489835918e-01 8.822069260404e+00
23 20 0.000000000000e+00 -2.537078189219e-13 0.000000000000e+00 0.000000000000e+00 4.411747083931e-01 9.286388695162e+00
23 21 0.000000000000e+00 -7.449588295498e-12 0.000000000000e+00 0.000000000000e+00 5.733659548672e-02 9.750708129920e+00
23 22 1.559453101131e-07 -4.320863289204e-11 -6.948099377736e-03 7.346180712262e-03 -5.011958839309e-01 1.021502756468e+01
23 23 3.377031008731e-05 -1.913506948229e-09 -1.500661349179e-01 4.098218278208e-02 -5.094010613384e-01 1.067934699944e+01
24 1 1.476841962836e-129 -6.066856826494e-74 1.482361082250e-65 -4.219955334846e-65 -1.400305280727e-02 4.643194347581e-01
24 2 1.386305011624e-112 -1.109265085414e-59 1.319916320739e-56 -2.401961615727e-56 3.181726597059e-01 9.286388695162e-01
24 3 3.934482127886e-102 -6.937642972309e-52 6.615332803191e-51 -2.050486741475e-51 4.231925035847e-02 1.392958304274e+00
24 4 1.421554567435e-93 -3.468290631370e-46 1.080117856251e-46 1.383612596225e-46 -3.161735504163e-01 1.857277739032e+00
24 5 9.865834257412e-87 -3.788865741733e-42 -4.578681230760e-43 3.527962574486e-43 -7.158125882868e-02 2.321597173791e+00
24 6 3.867599658575e-80 -1.466839295077e-38 -4.303539864887e-40 -1.304171989580e-39 3.125221030300e-01 2.785916608549e+00
24 7 1.679652208387e-74 -7.250092012072e-36 9.987780393147e-37 3.425270421111e-37 1.024732127286e-01 3.250236043307e+00
24 8 1.098043936589e-68 -3.389168530408e-33 -9.354149909887e-34 2.773930883329e-34 -3.066811016765e-01 3.714555478065e+00
24 9 1.388218654912e-63 -3.614586359926e-31 3.209341022247e-31 -2.220836481676e-31 -1.357658682858e-01 4.178874912823e+00
24 10 3.897356691671e-58 -5.424010666135e-29 -1.877374676493e-28 1.324709159650e-28 2.977608964456e-01 4.643194347581e+00
24 11 2.598034081305e-53 -2.380029304810e-27 6.224437797620e-26 -1.959621059208e-26 1.723629067171e-01 5.107513782339e+00
24 12 0.000000000000e+00 -1.806068389700e-25 0.000000000000e+00 0.000000000000e+00 -2.843179056879e-01 5.571833217097e+00
24 13 0.000000000000e+00 -4.499525467463e-24 0.000000000000e+00 0.000000000000e+00 -2.133545709658e-01 6.036152651855e+00
24 14 0.000000000000e+00 -2.211336067195e-22 0.000000000000e+00 0.000000000000e+00 2.639585825801e-01 6.500472086614e+00
24 15 0.000000000000e+00 -3.740392426606e-21 0.000000000000e+00 0.000000000000e+00 2.600632201526e-01 6.964791521372e+00
24 16 0.000000000000e+00 -1.386001146239e-19 0.000000000000e+00 0.000000000000e+00 -2.325122845406e-01 7.429110956130e+00
24 17 0.000000000000e+00 -1.765553056220e-18 0.000000000000e+00 0.000000000000e+00 -3.140057807354e-01 7.893430390888e+00
24 18 0.000000000000e+00 -5.487105465813e-17 0.000000000000e+00 0.000000000000e+00 1.821233982201e-01 8.357749825646e+00
24 19 0.000000000000e+00 -5.559129826970e-16 0.000000000000e+00 0.000000000000e+00 3.764370172310e-01 8.822069260404e+00
24 20 0.000000000000e+00 -1.588712876326e-14 0.000000000000e+00 0.000000000000e+00 -9.610978454116e-02 9.286388695162e+00
24 21 0.000000000000e+00 -1.282795554173e-13 0.000000000000e+00 0.000000000000e+00 -4.457700026946e-01 9.750708129920e+00
24 22 0.000000000000e+00 -3.803186496011e-12 0.000000000000e+00 0.000000000000e+00 -6.929767172893e-02 1.021502756468e+01
24 23 1.198532727426e-07 -2.132388247808e-11 9.264519741075e-03 2.324616383955e-04 5.007482380386e-01 1.067934699944e+01
24 24 2.556096524845e-05 -9.748819840383e-10 1.195046944491e-01 7.525075904370e-02 5.190502308247e-01 1.114366643419e+01
25 1 2.078937381927e-135 -1.753006893604e-77 1.559683359402e-68 -5.072360115005e-68 3.186246615289e-01 4.643194347581e-01
25 2 2.527328817037e-118 -5.588237364117e-63 1.504942813016e-59 -3.380725531306e-59 2.696383855346e-02 9.286388695162e-01
25 3 4.638042894604e-107 -1.722446413894e-54 2.158004616612e-53 -9.987354636719e-54 -3.174322606835e-01 1.392958304274e+00
25 4 9.345663795189e-99 -6.571697525065e-49 3.384206669739e-49 2.966931197355e-49 -5.447983786250e-02 1.857277739032e+00
25 5 2.872589552373e-91 -2.444842225218e-44 -1.922979862818e-45 2.455652552847e-45 3.148892794397e-01 2.321597173791e+00
25 6 4.933522253344e-85 -5.776103164042e-41 -2.923376216447e-42 -3.938607430751e-42 8.312579507273e-02 2.785916608549e+00
25 7 8.240529840471e-79 -8.482154566018e-38 7.378740467934e-39 -5.013513614836e-40 -3.106550162346e-01 3.250236043307e+00
25 8 2.073700653852e-73 -2.165120518778e-35 -3.026446961941e-36 2.969603776013e-36 -1.135334820007e-01 3.714555478065e+00
25 9 9.465355925063e-68 -6.425226231834e-33 1.185045401818e-33 -2.996892111643e-33 3.041495317036e-01 4.178874912823e+00
25 10 9.363376142233e-63 -4.895446191152e-31 -2.794142400483e-31 1.091007782056e-30 1.464221879776e-01 4.643194347581e+00
25 11 2.217848342453e-57 -5.791393328202e-29 2.494926237181e-28 -5.488857102561e-28 -2.944444835397e-01 5.107513782339e+00
25 12 0.000000000000e+00 -2.105283096761e-27 0.000000000000e+00 0.000000000000e+00 -1.826389370817e-01 5.571833217097e+00
25 13 0.000000000000e+00 -1.401092108178e-25 0.000000000000e+00 0.000000000000e+00 2.800579953316e-01 6.036152651855e+00
25 14 0.000000000000e+00 -3.119744496895e-24 0.000000000000e+00 0.000000000000e+00 2.232025542125e-01 6.500472086614e+00
25 15 0.000000000000e+00 -1.424926057773e-22 0.000000000000e+00 0.000000000000e+00 -2.585568802824e-01 6.964791521372e+00
25 16 0.000000000000e+00 -2.245496730306e-21 0.000000000000e+00 0.000000000000e+00 -2.693322833914e-01 7.429110956130e+00
25 17 0.000000000000e+00 0.000000000000e+00 0.000000000000e+00 0.000000000000e+00 2.257331095908e-01 7.893430390888e+00
25 18 0.000000000000e+00 -9.718487946998e-19 0.000000000000e+00 0.000000000000e+00 3.223778786473e-01 8.357749825646e+00
25 19 0.000000000000e+00 -2.967076313007e-17 0.000000000000e+00 0.000000000000e+00 -1.737174516184e-01 8.822069260404e+00
25 20 0.000000000000e+00 -2.902288063894e-16 0.000000000000e+00 0.000000000000e+00 -3.832980556464e-01 9.286388695162e+00
25 21 0.000000000000e+00 -8.270700004988e-15 0.000000000000e+00 0.000000000000e+00 8.592569204947e-02 9.750708129920e+00
25 22 0.000000000000e+00 -6.478442005792e-14 0.000000000000e+00 0.000000000000e+00 4.499549949131e-01 1.021502756468e+01
25 23 0.000000000000e+00 -1.940594007740e-12 0.000000000000e+00 0.000000000000e+00 8.082943387619e-02 1.067934699944e+01
25 24 0.000000000000e+00 -1.053237624480e-11 0.000000000000e+00 0.000000000000e+00 -5.001816312614e-01 1.114366643419e+01
25 25 1.935969457421e-05 -4.967283093692e-10 -2.279530129747e-02 -1.259796445556e-01 -5.283507382371e-01 1.160798586895e+01
26 1 9.088944162570e-142 -2.083855915616e-81 9.034314314793e-72 -3.390540799134e-71 1.293493400822e-02 4.643194347581e-01
26 2 1.280094110015e-123 -5.892888222506e-66 2.768162222177e-62 -7.854826539767e-62 -3.181931544443e-01 9.286388695162e-01
26 3 1.698877717483e-112 -1.760358564862e-57 3.854969127031e-56 -2.418890471794e-56 -3.904898854004e-02 1.392958304274e+00
26 4 1.730028248533e-103 -2.624916480864e-51 1.660135025072e-51 9.967785603914e-52 3.164983584367e-01 1.857277739032e+00
26 5 2.595444687682e-96 -6.488551165151e-47 -3.881398686433e-48 8.534048805835e-48 6.590598621335e-02 2.321597173791e+00
26 6 1.809611154539e-89 -4.845182023407e-43 -2.400940461328e-44 -1.749346598272e-44 -3.134430697606e-01 2.785916608549e+00
26 7 1.248403505702e-83 -4.068048433840e-40 2.599605447678e-41 -1.236296017632e-41 -9.403686506701e-02 3.250236043307e+00
26 8 1.158624451228e-77 -2.988370143792e-37 -1.046271361343e-38 2.991655015789e-38 3.086462783404e-01 3.714555478065e+00
26 9 1.970505443288e-72 -4.650171921257e-35 -2.568829748641e-36 -1.447796083274e-35 1.240295868211e-01 4.178874912823e+00
26 10 6.894232880127e-67 -9.726231053411e-33 3.829322552999e-33 8.872773507932e-33 -3.014933001357e-01 4.643194347581e+00
26 11 5.646499507275e-62 -5.670317153507e-31 -1.052748893505e-30 -2.854252770080e-30 -1.565587304890e-01 5.107513782339e+00
26 12 1.167945373521e-56 -5.538568504393e-29 2.886619425755e-30 1.509379731588e-27 2.910231621276e-01 5.571833217097e+00
26 13 0.000000000000e+00 -1.722265799842e-27 0.000000000000e+00 0.000000000000e+00 1.924202105903e-01 6.036152651855e+00
26 14 0.000000000000e+00 -1.027922385560e-25 0.000000000000e+00 0.000000000000e+00 -2.757209516143e-01 6.500472086614e+00
26 15 0.000000000000e+00 -2.078745383633e-24 0.000000000000e+00 0.000000000000e+00 -2.325664687269e-01 6.964791521372e+00
26 16 0.000000000000e+00 -8.924594599392e-23 0.000000000000e+00 0.000000000000e+00 2.531193772288e-01 7.429110956130e+00
26 17 0.000000000000e+00 -1.321337256411e-21 0.000000000000e+00 0.000000000000e+00 2.781193578254e-01 7.893430390888e+00
26 18 0.000000000000e+00 -4.553306876494e-20 0.000000000000e+00 0.000000000000e+00 -2.189799770424e-01 8.357749825646e+00
26 19 0.000000000000e+00 -5.298441831577e-19 0.000000000000e+00 0.000000000000e+00 -3.302704978463e-01 8.822069260404e+00
26 20 0.000000000000e+00 -1.593907278964e-17 0.000000000000e+00 0.000000000000e+00 1.654291497580e-01 9.286388695162e+00
26 21 0.000000000000e+00 -1.509119498693e-16 0.000000000000e+00 0.000000000000e+00 3.897014441088e-01 9.750708129920e+00
26 22 0.000000000000e+00 -4.294668076165e-15 0.000000000000e+00 0.000000000000e+00 -7.598998002152e-02 1.021502756468e+01
26 23 0.000000000000e+00 -3.268557935353e-14 0.000000000000e+00 0.000000000000e+00 -4.537697039921e-01 1.067934699944e+01
26 24 0.000000000000e+00 -9.897465598888e-13 0.000000000000e+00 0.000000000000e+00 -9.195767240169e-02 1.114366643419e+01
26 25 0.000000000000e+00 -5.206292022993e-12 0.000000000000e+00 0.000000000000e+00 4.995133638759e-01 1.160798586895e+01
26 26 1.467121793592e-05 -2.531112859006e-10 -7.032562850064e-02 9.213554744409e-02 5.373270549153e-01 1.207230530371e+01
27 1 1.096861505720e-147 -5.215507039782e-85 8.562945589627e-75 -3.758315030809e-74 -3.185803935376e-01 4.643194347581e-01
27 2 2.030842316902e-129 -2.551036218006e-69 2.718033610149e-65 -1.013173689100e-64 -2.497442916026e-02 9.286388695162e-01
27 3 1.732504982418e-117 -3.806068651322e-60 1.128503923923e-58 -9.157823344185e-59 3.175587354054e-01 1.392958304274e+00
27 4 1.002812937767e-108 -4.303793040232e-54 4.346971861217e-54 1.684793265036e-54 5.038735784111e-02 1.857277739032e+00
27 5 6.631725803947e-101 -3.672717109881e-49 -9.456045320798e-51 4.643737926208e-50 -3.153993143373e-01 2.321597173791e+00
27 6 2.072850471674e-94 -1.665126230299e-45 -9.471105407131e-47 -3.373802951709e-47 -7.669466363817e-02 2.785916608549e+00
27 7 5.470096090960e-88 -4.208455790924e-42 1.327843335914e-43 -1.366620401328e-43 3.118547331524e-01 3.250236043307e+00
27 8 2.007846765463e-82 -1.682053649186e-39 1.270768993230e-41 1.313222097243e-40 1.043885546504e-01 3.714555478065e+00
27 9 1.221644151472e-76 -7.368993907013e-37 -7.411948817630e-38 -8.894142214241e-38 -3.065116789030e-01 4.178874912823e+00
27 10 1.552479619978e-71 -7.814832368318e-35 3.918441386570e-35 2.382399664217e-35 -1.340195808170e-01 4.643194347581e+00
27 11 4.433447698790e-66 -1.239716154233e-32 -2.378823378065e-32 -1.268051624402e-32 2.987265910149e-01 5.107513782339e+00
27 12 3.124250197048e-61 -5.813049323537e-31 5.898058169087e-30 5.114258295308e-30 1.662227619102e-01 5.571833217097e+00
27 13 0.000000000000e+00 -4.852654122444e-29 0.000000000000e+00 0.000000000000e+00 -2.875105354843e-01 6.036152651855e+00
27 14 0.000000000000e+00 -1.322814512307e-27 0.000000000000e+00 0.000000000000e+00 -2.017472542948e-01 6.500472086614e+00
27 15 0.000000000000e+00 -7.204878663402e-26 0.000000000000e+00 0.000000000000e+00 2.713198593603e-01 6.964791521372e+00
27 16 0.000000000000e+00 -1.340277524267e-24 0.000000000000e+00 0.000000000000e+00 2.414832669483e-01 7.429110956130e+00
27 17 0.000000000000e+00 -5.458400633384e-23 0.000000000000e+00 0.000000000000e+00 -2.476579249643e-01 7.893430390888e+00
27 18 0.000000000000e+00 -7.645043909454e-22 0.000000000000e+00 0.000000000000e+00 -2.864603068906e-01 8.357749825646e+00
27 19 0.000000000000e+00 -2.560576505937e-20 0.000000000000e+00 0.000000000000e+00 2.122619371166e-01 8.822069260404e+00
27 20 0.000000000000e+00 -2.865049215300e-19 0.000000000000e+00 0.000000000000e+00 3.377202086606e-01 9.286388695162e+00
27 21 0.000000000000e+00 -8.514136710688e-18 0.000000000000e+00 0.000000000000e+00 -1.572619090361e-01 9.750708129920e+00
27 22 0.000000000000e+00 -7.819852380844e-17 0.000000000000e+00 0.000000000000e+00 -3.956849221531e-01 1.021502756468e+01
27 23 0.000000000000e+00 -2.225119223036e-15 0.000000000000e+00 0.000000000000e+00 6.629559100107e-02 1.067934699944e+01
27 24 0.000000000000e+00 -1.647716533455e-14 0.000000000000e+00 0.000000000000e+00 4.572493646224e-01 1.114366643419e+01
27 25 0.000000000000e+00 -5.045922535775e-13 0.000000000000e+00 0.000000000000e+00 1.027061504551e-01 1.160798586895e+01
27 26 0.000000000000e+00 -2.575444173896e-12 0.000000000000e+00 0.000000000000e+00 -4.987581980211e-01 1.207230530371e+01
27 27 1.112379608837e-05 -1.289777048989e-10 1.044133659054e-01 -9.093913949486e-03 -5.460012344509e-01 1.253662473847e+01
28 1 4.176473684062e-154 -5.344812031907e-89 4.468377456100e-78 -2.336197794773e-77 -1.201886816631e-02 4.643194347581e-01
28 2 8.898125246405e-135 -2.346505549954e-72 4.113640971749e-68 -2.156888444582e-67 3.182093493330e-01 9.286388695162e-01
28 3 5.575993829616e-123 -3.370595794396e-63 1.820147226545e-61 -1.866821006147e-61 3.625235716414e-02 1.392958304274e+00
28 4 1.623264015420e-113 -1.508421970845e-56 1.835907007808e-56 3.842699396633e-57 -3.167536049922e-01 1.857277739032e+00
28 5 5.340889590400e-106 -8.506997390801e-52 1.992941086652e-54 1.344732531796e-52 -6.108026089231e-02 2.321597173791e+00
28 6 6.746875966311e-99 -1.234311398725e-47 -5.722467476839e-49 -3.938305592740e-50 3.141566503667e-01 2.785916608549e+00
28 7 7.523419230548e-93 -1.776212428943e-44 2.965152755305e-46 -6.414448941149e-46 8.692332408479e-02 3.250236043307e+00
28 8 1.012345973179e-86 -2.066985412346e-41 4.541637791395e-43 8.193824661842e-43 -3.101402696423e-01 3.714555478065e+00
28 9 2.356515288356e-81 -4.736046417180e-39 -4.711059144370e-40 -1.913732043028e-40 -1.142411143984e-01 4.178874912823e+00
28 10 1.047754955407e-75 -1.392651945032e-36 3.765182474456e-37 -1.279530499454e-38 3.042646839738e-01 4.643194347581e+00
28 11 1.064895201838e-70 -1.088510805309e-34 -1.296726068195e-34 2.528738011223e-35 1.435516412081e-01 5.107513782339e+00
28 12 2.592245064072e-65 -1.381363716661e-32 7.086372555689e-32 -5.903998718860e-33 -2.958618854838e-01 5.571833217097e+00
28 13 1.614049293326e-60 -5.407546854895e-31 -1.834095741744e-29 -5.754262334939e-30 -1.754543631301e-01 6.036152651855e+00
28 14 0.000000000000e+00 -3.961154417063e-29 0.000000000000e+00 0.000000000000e+00 2.839186764641e-01 6.500472086614e+00
28 15 0.000000000000e+00 -9.648696037367e-28 0.000000000000e+00 0.000000000000e+00 2.106551636975e-01 6.964791521372e+00
28 16 0.000000000000e+00 -4.862578411856e-26 0.000000000000e+00 0.000000000000e+00 -2.668662578395e-01 7.429110956130e+00
28 17 0.000000000000e+00 -8.406826557767e-25 0.000000000000e+00 0.000000000000e+00 -2.499855227006e-01 7.893430390888e+00
28 18 0.000000000000e+00 -3.272101258577e-23 0.000000000000e+00 0.000000000000e+00 2.421827939925e-01 8.357749825646e+00
28 19 0.000000000000e+00 0.000000000000e+00 0.000000000000e+00 0.000000000000e+00 2.943871301650e-01 8.822069260404e+00
28 20 0.000000000000e+00 -1.425157877373e-20 0.000000000000e+00 0.000000000000e+00 -2.055865362061e-01 9.286388695162e+00
28 21 0.000000000000e+00 -1.538310463606e-19 0.000000000000e+00 0.000000000000e+00 -3.447598049028e-01 9.750708129920e+00
28 22 0.000000000000e+00 -4.525711412933e-18 0.000000000000e+00 0.000000000000e+00 1.492180029367e-01 1.021502756468e+01
28 23 0.000000000000e+00 -4.039862221424e-17 0.000000000000e+00 0.000000000000e+00 4.012822367750e-01 1.067934699944e+01
28 24 0.000000000000e+00 -1.150628350366e-15 0.000000000000e+00 0.000000000000e+00 -5.683528538455e-02 1.114366643419e+01
28 25 0.000000000000e+00 -8.300534900999e-15 0.000000000000e+00 0.000000000000e+00 -4.604251161086e-01 1.160798586895e+01
28 26 0.000000000000e+00 -2.571609345669e-13 0.000000000000e+00 0.000000000000e+00 -1.130967894519e-01 1.207230530371e+01
28 27 0.000000000000e+00 -1.274906147005e-12 0.000000000000e+00 0.000000000000e+00 4.979287762677e-01 1.253662473847e+01
28 28 8.437886257836e-06 -6.572280569192e-11 -6.952109987617e-02 -6.424918614612e-02 5.543932141402e-01 1.300094417323e+01
29 1 4.368250741796e-160 -1.169748250417e-92 3.761320468789e-81 -2.403287644365e-80 3.185448551181e-01 4.643194347581e-01
29 2 1.239076037804e-140 -8.820852949719e-76 3.040056218768e-71 -2.573213783290e-70 2.326002070866e-02 9.286388695162e-01
29 3 4.964844589206e-128 -6.400813169273e-66 4.776839025121e-64 -6.140892993879e-64 -3.176595394486e-01 1.392958304274e+00
29 4 8.347502836300e-119 -2.160086846257e-59 4.248237972798e-59 2.112414270444e-60 -4.687413970182e-02 1.857277739032e+00
29 5 1.205592933315e-110 -4.255030104426e-54 1.400442898609e-55 6.234292379515e-55 3.158017333991e-01 2.321597173791e+00
29 6 6.959766710386e-104 -3.731455296089e-50 -1.808319411817e-51 3.520974435201e-52 7.120857876853e-02 2.785916608549e+00
29 7 2.955186324118e-97 -1.634725469712e-46 4.925524152425e-49 -4.401439930758e-48 -3.127872687079e-01 3.250236043307e+00
29 8 1.608591356546e-91 -1.031628671619e-43 2.913969641384e-45 2.335476004162e-45 -9.665476087094e-02 3.714555478065e+00
29 9 1.330381871903e-85 -6.723158247862e-41 -3.809029722539e-42 2.977803589134e-43 3.083129852939e-01 4.178874912823e+00
29 10 2.204467412112e-80 -1.000792667430e-38 1.443713196847e-39 -9.496742090974e-40 1.236442527264e-01 4.643194347581e+00
29 11 7.712920002935e-75 -2.146342346699e-36 -7.552564572286e-37 8.329426866264e-37 -3.019169934737e-01 5.107513782339e+00
29 12 6.572943936929e-70 -1.308867237983e-34 2.414002646871e-34 -2.644618663037e-34 -1.526662916762e-01 5.571833217097e+00
29 13 1.406097039893e-64 -1.382762497477e-32 -1.516897093781e-31 9.581144479073e-32 2.929102648734e-01 6.036152651855e+00
29 14 0.000000000000e+00 -4.649941108695e-31 0.000000000000e+00 0.000000000000e+00 1.842879324102e-01 6.500472086614e+00
29 15 0.000000000000e+00 -3.051127952017e-29 0.000000000000e+00 0.000000000000e+00 -2.802583398103e-01 6.964791521372e+00
29 16 0.000000000000e+00 -6.742785805190e-28 0.000000000000e+00 0.000000000000e+00 -2.191746348802e-01 7.429110956130e+00
29 17 0.000000000000e+00 -3.179397753250e-26 0.000000000000e+00 0.000000000000e+00 2.623703403979e-01 7.893430390888e+00
29 18 0.000000000000e+00 -5.151873883694e-25 0.000000000000e+00 0.000000000000e+00 2.581021713281e-01 8.357749825646e+00
29 19 0.000000000000e+00 -1.928250833497e-23 0.000000000000e+00 0.000000000000e+00 -2.367028889944e-01 8.822069260404e+00
29 20 0.000000000000e+00 0.000000000000e+00 0.000000000000e+00 0.000000000000e+00 -3.019285409607e-01 9.286388695162e+00
29 21 0.000000000000e+00 -7.861791514302e-21 0.000000000000e+00 0.000000000000e+00 1.989600453204e-01 9.750708129920e+00
29 22 0.000000000000e+00 -8.209028177732e-20 0.000000000000e+00 0.000000000000e+00 3.514188175769e-01 1.021502756468e+01
29 23 0.000000000000e+00 -2.395371938105e-18 0.000000000000e+00 0.000000000000e+00 -1.412987732537e-01 1.067934699944e+01
29 24 0.000000000000e+00 -2.081593665367e-17 0.000000000000e+00 0.000000000000e+00 -4.065236705950e-01 1.114366643419e+01
29 25 0.000000000000e+00 -5.939875678376e-16 0.000000000000e+00 0.000000000000e+00 4.760175424507e-02 1.160798586895e+01
29 26 0.000000000000e+00 -4.179015579586e-15 0.000000000000e+00 0.000000000000e+00 4.633245745452e-01 1.207230530371e+01
29 27 0.000000000000e+00 -1.310190649669e-13 0.000000000000e+00 0.000000000000e+00 1.231498370080e-01 1.253662473847e+01
29 28 0.000000000000e+00 -6.315228217777e-13 0.000000000000e+00 0.000000000000e+00 -4.970359622675e-01 1.300094417323e+01
29 29 6.403065845628e-06 -3.348931190472e-11 -7.619381549123e-04 8.540464577670e-02 -5.625210715400e-01 1.346526360799e+01
30 1 1.461359696985e-166 -1.043984556728e-96 1.721797800824e-84 -1.396396600126e-83 1.122443300472e-02 4.643194347581e-01
30 2 4.741369704502e-146 -7.137828146311e-79 2.501525535090e-74 -5.062431283607e-73 -3.182223744995e-01 9.286388695162e-01
30 3 1.414125263195e-133 -4.957653833983e-69 6.904551923324e-67 -1.116825103905e-66 -3.383265133161e-02 1.392958304274e+00
30 4 1.190615008648e-123 -6.693454410618e-62 1.598273460847e-61 -1.613328091247e-62 3.169579834425e-01 1.857277739032e+00
30 5 8.694504161674e-116 -8.671986725681e-57 6.973656741484e-58 1.567830363905e-57 5.692399063387e-02 2.321597173791e+00
30 6 2.020579711139e-108 -2.460096104955e-52 -8.973664747141e-54 4.243665301708e-54 -3.147215339176e-01 2.785916608549e+00
30 7 3.695442808658e-102 -6.113368803059e-49 -3.040866254806e-51 -1.536362754969e-50 -8.083778919463e-02 3.250236043307e+00
30 8 7.338013977509e-96 -1.134687393138e-45 2.405419590602e-47 7.587099097454e-48 3.113048595273e-01 3.714555478065e+00
30 9 2.374049014281e-90 -3.858017954363e-43 -1.401819634201e-44 7.998657039030e-45 1.059405813197e-01 4.178874912823e+00
30 10 1.365419394248e-84 -1.606549038627e-40 6.165014458524e-42 -1.212243300645e-41 -3.063842130864e-01 4.643194347581e+00
30 11 1.743073025431e-79 -1.696531861688e-38 -6.963275485439e-40 5.299567074459e-39 -1.326395215674e-01 5.107513782339e+00
30 12 5.054858664966e-74 -2.818946011905e-36 1.144703147066e-37 -3.138006124390e-36 2.994789153573e-01 5.571833217097e+00
30 13 3.734984236902e-69 -1.399567501261e-34 -1.782140174755e-34 9.073505165502e-34 1.613980348273e-01 6.036152651855e+00
30 14 7.174738374400e-64 -1.269027848712e-32 2.510610174091e-31 -3.570152988035e-31 -2.898816317139e-01 6.500472086614e+00
30 15 0.000000000000e+00 -3.748566304022e-31 0.000000000000e+00 0.000000000000e+00 -1.927533074484e-01 6.964791521372e+00
30 16 0.000000000000e+00 -2.239620410121e-29 0.000000000000e+00 0.000000000000e+00 2.765391330320e-01 7.429110956130e+00
30 17 0.000000000000e+00 -4.545857159195e-28 0.000000000000e+00 0.000000000000e+00 2.273327516385e-01 7.893430390888e+00
30 18 0.000000000000e+00 -2.023854762630e-26 0.000000000000e+00 0.000000000000e+00 -2.578411234650e-01 8.357749825646e+00
30 19 0.000000000000e+00 -3.095159732899e-25 0.000000000000e+00 0.000000000000e+00 -2.658590889841e-01 8.822069260404e+00
30 20 0.000000000000e+00 0.000000000000e+00 0.000000000000e+00 0.000000000000e+00 2.312259317290e-01 9.286388695162e+00
30 21 0.000000000000e+00 -1.369168873736e-22 0.000000000000e+00 0.000000000000e+00 3.091104317406e-01 9.750708129920e+00
30 22 0.000000000000e+00 -4.303464205786e-21 0.000000000000e+00 0.000000000000e+00 -1.923876514861e-01 1.021502756468e+01
30 23 0.000000000000e+00 -4.357278513748e-20 0.000000000000e+00 0.000000000000e+00 -3.577239397471e-01 1.067934699944e+01
30 24 0.000000000000e+00 -1.263067059845e-18 0.000000000000e+00 0.000000000000e+00 1.335048027250e-01 1.114366643419e+01
30 25 0.000000000000e+00 -1.070111142270e-17 0.000000000000e+00 0.000000000000e+00 4.114364848757e-01 1.160798586895e+01
30 26 0.000000000000e+00 -3.061728405302e-16 0.000000000000e+00 0.000000000000e+00 -3.858770422373e-02 1.207230530371e+01
30 27 0.000000000000e+00 -2.102933761420e-15 0.000000000000e+00 0.000000000000e+00 -4.659723110898e-01 1.253662473847e+01
30 28 0.000000000000e+00 -6.673340705781e-14 0.000000000000e+00 0.000000000000e+00 -1.328840185654e-01 1.300094417323e+01
30 29 0.000000000000e+00 -3.130174143535e-13 0.000000000000e+00 0.000000000000e+00 4.960891196922e-01 1.346526360799e+01
30 30 4.860658862462e-06 -1.706384555393e-11 5.749558282443e-02 -5.118706882176e-02 5.704012438605e-01 1.392958304274e+01
