2 1 1.524058979078e-06 -1.147524710620e-04 -2.956099541752e-04 1.256389709847e-03 2.836516744719e-01 4.170937554947e-01
2 2 2.953422504784e-02 -6.505352727899e-03 1.765465966255e-01 3.129903890731e-01 1.023263233283e-01 8.341875109893e-01
3 1 3.166757114778e-10 -4.067715360290e-07 8.226002611201e-06 1.668775057155e-05 -3.352814412498e-01 4.170937554947e-01
3 2 4.696602228254e-06 -7.359791280475e-05 -1.484591979798e-03 -4.281449769258e-03 -3.495599288384e-01 8.341875109893e-01
3 3 2.248378732249e-02 -2.855237608068e-03 -4.438158842210e-01 -1.556093499544e-01 -1.519627480078e-01 1.251281266484e+00
4 1 8.120347579409e-15 -1.147977986681e-09 7.308092059208e-08 5.945815716989e-08 -9.776129302603e-02 4.170937554947e-01
4 2 2.766560633601e-09 -7.537707710930e-07 -1.092616337377e-04 -1.257190468360e-05 2.984727984400e-01 8.341875109893e-01
4 3 7.480024077099e-06 -3.520526927260e-05 5.504672862134e-03 6.579070014145e-03 3.888033964581e-01 1.251281266484e+00
4 4 1.481202475476e-02 -1.136518834323e-03 5.045104061555e-01 -6.721676144769e-02 1.918325477530e-01 1.668375021979e+00
5 1 1.290809325841e-18 -3.504276971742e-12 1.078241673398e-09 4.983346986346e-10 3.243552102921e-01 4.170937554947e-01
5 2 1.946795301526e-13 -4.851887596971e-09 -7.496821229463e-07 5.377440839703e-07 1.602713426099e-01 8.341875109893e-01
5 3 9.012214496530e-09 -5.920140264899e-07 2.567803475078e-04 -1.507399608701e-04 -2.650929453014e-01 1.251281266484e+00
5 4 8.904041712985e-06 -1.564190502167e-05 -1.028613945446e-02 -7.065332785361e-03 -4.153972533913e-01 1.668375021979e+00
5 5 9.735559888742e-03 -4.623045674075e-04 -4.564703399229e-01 2.401574332957e-01 -2.259483104828e-01 2.085468777473e+00
6 1 2.834135977049e-23 -5.758543299216e-15 5.415055075802e-12 1.286940782275e-12 6.176116167549e-02 4.170937554947e-01
6 2 7.641676093914e-17 -4.115066547743e-11 -8.163807403088e-09 1.635442333389e-08 -3.115229155729e-01 8.341875109893e-01
6 3 1.109934196270e-12 -5.441677160580e-09 1.706403226914e-07 -3.299997798997e-06 -2.067748988834e-01 1.251281266484e+00
6 4 1.927344098004e-08 -3.572729963379e-07 -3.208357450355e-04 4.838795100275e-04 2.339849879852e-01 1.668375021979e+00
6 5 9.010159296205e-06 -6.777535159033e-06 1.459835434180e-02 5.753781989798e-03 4.344500369509e-01 2.085468777473e+00
6 6 6.493441334826e-03 -1.934007734373e-04 3.622266131341e-01 -3.525787065946e-01 2.559746910709e-01 2.502562532968e+00
7 1 2.555571957435e-27 -1.243018578587e-17 5.268565607808e-14 4.199522309854e-15 -3.214378693519e-01 4.170937554947e-01
7 2 4.701911379608e-21 -1.778401285138e-13 -1.094490032243e-11 1.429623995579e-10 -1.080245364617e-01 8.341875109893e-01
7 3 6.928111654274e-16 -7.577579174077e-11 -4.980178106118e-08 -6.584368650059e-08 2.972796748644e-01 1.251281266484e+00
7 4 3.643987175972e-12 -3.995433393604e-09 4.550623157032e-06 6.559104417272e-06 2.435780376165e-01 1.668375021979e+00
7 5 3.183983498941e-08 -1.922064527286e-07 2.243933563601e-04 -9.053868620029e-04 -2.048600420848e-01 2.085468777473e+00
7 6 8.253401084121e-06 -2.909943867265e-06 -1.774767028857e-02 -3.129740857651e-03 -4.485168615785e-01 2.502562532968e+00
7 7 4.393471555782e-03 -8.270130435725e-05 -2.536951245028e-01 4.134665814512e-01 -2.828477416081e-01 2.919656288463e+00
8 1 3.986473510310e-32 -1.231563641886e-20 2.084595907907e-16 -1.093031384023e-17 -4.568410866912e-02 4.170937554947e-01
8 2 1.180188599404e-24 -1.142505686907e-15 5.183179662639e-13 2.211662908657e-12 3.147652916179e-01 8.341875109893e-01
8 3 7.101099132553e-20 -5.111222905202e-13 -7.817412094712e-10 -2.957352967666e-10 1.453794870272e-01 1.251281266484e+00
8 4 3.188675030591e-15 -7.554435399910e-11 2.354761242345e-07 1.783315526303e-08 -2.822690276509e-01 1.668375021979e+00
8 5 8.698278297040e-12 -2.424128524711e-09 -1.381034632444e-05 -6.853437918746e-06 -2.736899174635e-01 2.085468777473e+00
8 6 0.000000000000e+00 -9.740300285489e-08 0.000000000000e+00 0.000000000000e+00 1.775553528557e-01 2.502562532968e+00
8 7 7.085895229997e-06 -1.245847762440e-06 1.948021746297e-02 -2.099645238415e-04 4.590854487076e-01 2.919656288463e+00
8 8 3.007531575685e-03 -3.593117204713e-05 1.474812604179e-01 -4.343331056811e-01 3.071800553483e-01 3.336750043957e+00
9 1 2.243143892645e-36 -1.871990504130e-23 1.544879690792e-18 -2.554523717846e-19 3.202278054653e-01 4.170937554947e-01
9 2 5.541553466294e-29 -3.292413776972e-18 7.360788511142e-15 1.371534247174e-14 8.240973003155e-02 8.341875109893e-01
9 3 2.955492386936e-23 -5.649580969139e-15 -1.697817893308e-11 1.578403336875e-12 -3.066981366507e-01 1.251281266484e+00
9 4 4.574342795601e-19 -6.585462405694e-13 2.255529829656e-09 -1.706661872584e-09 -1.767527253598e-01 1.668375021979e+00
9 5 1.018104320760e-14 -5.672833784526e-11 -4.375248376718e-07 2.945952668284e-07 2.668974480596e-01 2.085468777473e+00
9 6 0.000000000000e+00 -1.327930002024e-09 0.000000000000e+00 0.000000000000e+00 2.988510412895e-01 2.502562532968e+00
9 7 5.335878108655e-08 -4.767722335576e-08 -4.400665137370e-04 -1.632254857194e-03 -1.519291350235e-01 2.919656288463e+00
9 8 5.820997281200e-06 -5.333410118426e-07 -1.983196344843e-02 3.729480012763e-03 -4.671020015041e-01 3.336750043957e+00
9 9 2.077858597479e-03 -1.578972632982e-05 -5.220402051831e-02 4.257291012733e-01 -3.294085600008e-01 3.753843799452e+00
10 1 2.524382626076e-41 -1.218729994322e-26 5.072265518420e-21 -1.365776445657e-21 3.640165665535e-02 4.170937554947e-01
10 2 9.399589298903e-33 -1.574563721524e-20 1.331414856162e-16 1.528754788252e-16 -3.161055883477e-01 8.341875109893e-01
10 3 2.406428212448e-27 -2.735933546443e-17 -1.363154394640e-13 7.135552919063e-14 -1.133369242803e-01 1.251281266484e+00
10 4 2.641717009304e-22 -1.019164322883e-14 2.191135448814e-11 -6.434295110278e-11 2.977317529966e-01 1.668375021979e+00
10 5 1.897538820260e-18 -5.831940506315e-13 -7.717481453699e-10 7.159461334144e-09 2.037300567453e-01 2.085468777473e+00
10 6 2.548947568527e-14 -3.648035751476e-11 4.253456477289e-07 -9.066992426934e-07 -2.514319601390e-01 2.502562532968e+00
10 7 0.000000000000e+00 -6.844524991780e-10 0.000000000000e+00 0.000000000000e+00 -3.201872819103e-01 2.919656288463e+00
10 8 0.000000000000e+00 -2.283628556246e-08 0.000000000000e+00 0.000000000000e+00 1.278462784247e-01 3.336750043957e+00
10 9 4.635202671605e-06 -2.285831928371e-07 1.900309214715e-02 -7.019720701854e-03 4.732040659567e-01 3.753843799452e+00
10 10 1.446059092129e-03 -6.995673984690e-06 -2.802711199544e-02 -3.965836563494e-01 3.498618180224e-01 4.170937554947e+00
11 1 9.622572086543e-46 -1.353407262133e-29 3.045859066502e-23 -1.113943327784e-23 -3.196076921579e-01 4.170937554947e-01
11 2 3.355519941993e-37 -3.180833815318e-23 9.602594528585e-19 7.382591619985e-19 -6.690400006526e-02 8.341875109893e-01
11 3 7.118020220708e-31 -2.350235917649e-19 -1.810365589794e-15 1.930028390243e-15 3.108539795443e-01 1.251281266484e+00
11 4 3.045759106992e-26 -6.738708022247e-17 -1.334466220768e-13 -7.175427296017e-13 1.401252221532e-01 1.668375021979e+00
11 5 1.406150343855e-21 -1.139927744618e-14 1.137766632255e-10 1.596255782263e-10 -2.881682148078e-01 2.085468777473e+00
11 6 5.951706167189e-18 -4.199852674654e-13 -8.191601856915e-09 -1.292671643955e-08 -2.272911329478e-01 2.502562532968e+00
11 7 0.000000000000e+00 -2.134906175765e-11 0.000000000000e+00 0.000000000000e+00 2.360495052562e-01 2.919656288463e+00
11 8 0.000000000000e+00 -3.392741055992e-10 0.000000000000e+00 0.000000000000e+00 3.384805181635e-01 3.336750043957e+00
11 9 0.000000000000e+00 -1.078223179531e-08 0.000000000000e+00 0.000000000000e+00 -1.051786750947e-01 3.753843799452e+00
11 10 3.608200750395e-06 -9.813445182392e-08 -1.726800200500e-02 9.809028658464e-03 -4.778391781915e-01 4.170937554947e+00
11 11 1.012233539063e-03 -3.117841707152e-06 9.179656680774e-02 3.541929716155e-01 -3.687956975153e-01 4.588031310441e+00
12 1 8.087940307839e-51 -6.192208260350e-33 8.545518295636e-26 -3.921838545541e-26 -3.031035212310e-02 4.170937554947e-01
12 2 4.065556653517e-41 -1.156653286613e-25 1.183188488770e-20 6.145219415049e-21 3.167985297206e-01 8.341875109893e-01
12 3 4.583047247754e-35 -8.404895835107e-22 -9.344465674217e-18 1.906681500301e-17 9.329209408860e-02 1.251281266484e+00
12 4 1.282348924739e-29 -8.370752269747e-19 -8.792774233977e-15 -1.212263529744e-14 -3.048244237445e-01 1.668375021979e+00
12 5 2.085980649581e-25 -9.271529315391e-17 2.264435688767e-12 7.567222748731e-13 -1.637585184265e-01 2.085468777473e+00
12 6 5.446509084192e-21 -9.767857453424e-15 -4.572509579762e-10 -7.241661286206e-11 2.782130817413e-01 2.502562532968e+00
12 7 1.525739212785e-17 -2.665221119677e-13 2.582541479030e-08 1.225720442526e-08 2.480978179491e-01 2.919656288463e+00
12 8 0.000000000000e+00 -1.174727749269e-11 0.000000000000e+00 0.000000000000e+00 -2.208670861890e-01 3.336750043957e+00
12 9 0.000000000000e+00 -1.637916906751e-10 0.000000000000e+00 0.000000000000e+00 -3.543006054826e-01 3.753843799452e+00
12 10 0.000000000000e+00 -5.040692773092e-09 0.000000000000e+00 0.000000000000e+00 8.380692659161e-02 4.170937554947e+00
12 11 2.761629708269e-06 -4.221125035507e-08 1.491632946496e-02 -1.194820932764e-02 4.813313417883e-01 4.588031310441e+00
12 12 7.118889995564e-04 -1.395567720114e-06 -1.393354647093e-01 -3.043653219111e-01 3.864144473112e-01 5.005125065936e+00
13 1 2.218518993423e-55 -5.210650645040e-36 4.315785002195e-28 -2.371481523027e-28 3.192470040860e-01 4.170937554947e-01
13 2 1.125465543687e-45 -1.716097300254e-28 6.661405364978e-23 2.198658846106e-23 5.642177674837e-02 8.341875109893e-01
13 3 1.007643252075e-38 -5.675587558362e-24 -5.964499568287e-20 3.091448248358e-19 -3.130861108930e-01 1.251281266484e+00
13 4 1.198934958193e-33 -4.260327475034e-21 -1.235634682918e-16 -7.550067161113e-17 -1.166111150110e-01 1.668375021979e+00
13 5 1.134003673541e-28 -1.490317405500e-18 5.425209611046e-14 -1.247270408862e-14 2.982341637269e-01 2.085468777473e+00
13 6 9.881066501850e-25 -9.199442017814e-17 -5.207061531834e-12 3.430591107327e-12 1.848754845014e-01 2.502562532968e+00
13 7 1.689669929839e-20 -7.101552938722e-15 8.264966884804e-10 -4.710585767322e-10 -2.680137268002e-01 2.919656288463e+00
13 8 0.000000000000e+00 -1.556546553244e-13 0.000000000000e+00 0.000000000000e+00 -2.666262351914e-01 3.336750043957e+00
13 9 0.000000000000e+00 -6.195081204078e-12 0.000000000000e+00 0.000000000000e+00 2.059611613843e-01 3.753843799452e+00
13 10 0.000000000000e+00 -7.761824476254e-11 0.000000000000e+00 0.000000000000e+00 3.680775629401e-01 4.170937554947e+00
13 11 0.000000000000e+00 -2.339899100777e-09 0.000000000000e+00 0.000000000000e+00 -6.362129575951e-02 4.588031310441e+00
13 12 2.086598325165e-06 -1.819207137334e-08 -1.221706899144e-02 1.338572335334e-02 -4.839208974510e-01 5.005125065936e+00
13 13 5.025797252574e-04 -6.266430464354e-07 1.718669510266e-01 2.515999994344e-01 -4.028841671321e-01 5.422218821430e+00
14 1 1.438572730644e-60 -1.761854600298e-39 1.056335876827e-30 -6.757311350220e-31 2.598970403021e-02 4.170937554947e-01
14 2 1.018420500257e-49 -4.869202042366e-31 6.573009767240e-25 1.150505801900e-25 -3.172061317906e-01 8.341875109893e-01
14 3 5.191584751251e-43 -1.547729537333e-26 1.134209385951e-22 2.257081322284e-21 -7.944848051872e-02 1.251281266484e+00
14 4 3.854885751884e-37 -4.273028114844e-23 -2.546918274348e-18 -5.050266541375e-19 3.087241280254e-01 1.668375021979e+00
14 5 1.381702401584e-32 -9.647860985922e-21 4.638671324969e-16 -4.029900864078e-16 1.375249405554e-01 2.085468777473e+00
14 6 6.580616390958e-28 -1.792208156261e-18 -5.355030993843e-14 1.517477791222e-13 -2.912326106527e-01 2.502562532968e+00
14 7 3.642180308149e-24 -7.453467144598e-17 2.903507517143e-12 -1.366184686022e-11 -2.039201967215e-01 2.919656288463e+00
14 8 4.426244300706e-20 -4.631205537100e-15 -8.010766617131e-10 1.566753230782e-09 2.576786333384e-01 3.336750043957e+00
14 9 0.000000000000e+00 -8.582785233543e-14 0.000000000000e+00 0.000000000000e+00 2.832347228009e-01 3.753843799452e+00
14 10 0.000000000000e+00 -3.168906710478e-12 0.000000000000e+00 0.000000000000e+00 -1.913804285328e-01 4.170937554947e+00
14 11 0.000000000000e+00 -3.628906528206e-11 0.000000000000e+00 0.000000000000e+00 -3.801445037005e-01 4.588031310441e+00
14 12 0.000000000000e+00 -1.080542332263e-09 0.000000000000e+00 0.000000000000e+00 4.452186827430e-02 5.005125065936e+00
14 13 1.560876648147e-06 -7.855317231233e-09 9.399734441147e-03 -1.414154958796e-02 4.857896868417e-01 5.422218821430e+00
14 14 3.559308089191e-04 -2.820328406800e-07 -1.911736560380e-01 -1.992679948266e-01 4.183419262681e-01 5.839312576925e+00
15 1 2.970180366722e-65 -1.158668794947e-42 4.602293660553e-33 -3.359313772732e-33 -3.190185460904e-01 4.170937554947e-01
15 2 2.236179640081e-54 -5.510804455301e-34 3.124465486261e-27 1.220758257290e-28 -4.883038834203e-02 8.341875109893e-01
15 3 8.788429342741e-47 -8.366498048825e-29 7.823813732345e-24 2.834359975296e-23 3.144339045385e-01 1.251281266484e+00
15 4 2.953553639903e-41 -1.711193713416e-25 -2.255062701761e-20 2.831765029283e-21 1.000948982180e-01 1.668375021979e+00
15 5 5.829004164486e-36 -1.279329364309e-22 5.109884816125e-18 -1.154021442471e-17 -3.038738798539e-01 2.085468777473e+00
15 6 9.831496405518e-32 -1.380875793261e-20 4.703813204389e-16 1.909837655325e-15 -1.564836442122e-01 2.502562532968e+00
15 7 2.882942636966e-27 -1.687258746923e-18 -2.004233715271e-13 -3.379968341476e-13 2.839293187259e-01 2.919656288463e+00
15 8 1.114138175198e-23 -5.278423264801e-17 1.257516310074e-11 2.492540496297e-11 2.212180947683e-01 3.336750043957e+00
15 9 0.000000000000e+00 -2.799918617360e-15 0.000000000000e+00 0.000000000000e+00 -2.472887969537e-01 3.753843799452e+00
15 10 0.000000000000e+00 -4.540579352606e-14 0.000000000000e+00 0.000000000000e+00 -2.982021403370e-01 4.170937554947e+00
15 11 0.000000000000e+00 -1.584699759765e-12 0.000000000000e+00 0.000000000000e+00 1.771544018902e-01 4.588031310441e+00
15 12 0.000000000000e+00 -1.679667465792e-11 0.000000000000e+00 0.000000000000e+00 3.907648209672e-01 5.005125065936e+00
15 13 0.000000000000e+00 -4.970273544424e-10 0.000000000000e+00 0.000000000000e+00 -2.641819950805e-02 5.422218821430e+00
15 14 1.158443920420e-06 -3.398092402288e-09 -6.646401231983e-03 1.428327523771e-02 -4.870775790201e-01 5.839312576925e+00
15 15 2.527333705670e-04 -1.271522301387e-07 1.993032388021e-01 1.497850100269e-01 -4.329022053395e-01 6.256406332420e+00
16 1 1.527121252474e-70 -3.008557854886e-46 9.982019580703e-36 -8.202685368068e-36 -2.275906660479e-02 4.170937554947e-01
16 2 1.565276241826e-58 -1.249449318235e-36 2.606668282433e-29 -2.215738433727e-30 3.174671647238e-01 8.341875109893e-01
16 3 3.680885004092e-51 -1.789900950105e-31 8.642214520586e-26 1.695356502121e-25 6.926671322247e-02 1.251281266484e+00
16 4 7.483996553417e-45 -1.403864872148e-27 -3.307428098965e-22 1.466202151526e-22 -3.111182437542e-01 1.668375021979e+00
16 5 5.917482183729e-40 -6.689974590766e-25 2.229910882040e-21 -1.271438395775e-19 -1.188331956385e-01 2.085468777473e+00
16 6 5.116689043880e-35 -2.257906039453e-22 3.103875124421e-17 3.240426333553e-17 2.986475916686e-01 2.502562532968e+00
16 7 5.090764210082e-31 -1.482347482572e-20 -4.874146208058e-15 -1.873233814042e-15 1.738088417365e-01 2.919656288463e+00
16 8 1.029257164360e-26 -1.348965821050e-18 8.181575525306e-13 2.250535297601e-13 -2.764077354364e-01 3.336750043957e+00
16 9 2.940298124607e-23 -3.402596321443e-17 -4.451236868529e-11 -2.493883541096e-11 -2.370175461848e-01 3.753843799452e+00
16 10 0.000000000000e+00 -1.602346664853e-15 0.000000000000e+00 0.000000000000e+00 2.369051440518e-01 4.170937554947e+00
16 11 0.000000000000e+00 -2.329277002444e-14 0.000000000000e+00 0.000000000000e+00 3.117510824763e-01 4.588031310441e+00
16 12 0.000000000000e+00 -7.789393395920e-13 0.000000000000e+00 0.000000000000e+00 -1.632992563359e-01 5.005125065936e+00
16 13 0.000000000000e+00 -7.715292740946e-12 0.000000000000e+00 0.000000000000e+00 -4.001502574441e-01 5.422218821430e+00
16 14 0.000000000000e+00 -2.279313428008e-10 0.000000000000e+00 0.000000000000e+00 9.228683851164e-03 5.839312576925e+00
16 15 8.543643775250e-07 -1.472484661979e-09 4.091185388017e-03 -1.390628867467e-02 4.878936768399e-01 6.256406332420e+00
16 16 1.798500965007e-04 -5.739803337650e-08 -1.983664301752e-01 -1.047730571279e-01 4.466615964451e-01 6.673500087914e+00
17 1 2.456585504341e-75 -1.586207959848e-49 3.821992409908e-38 -3.499218206198e-38 3.188646492734e-01 4.170937554947e-01
17 2 2.783431742980e-63 -1.112006188588e-39 1.081114077883e-31 -2.195099065102e-32 4.306549176559e-02 8.341875109893e-01
17 3 4.935152172786e-55 -7.887984805971e-34 1.347618630256e-27 1.743254420175e-27 -3.153140536865e-01 1.251281266484e+00
17 4 4.756682597136e-49 -4.518770622735e-30 -2.229943992886e-24 1.829304534334e-24 -8.779719639664e-02 1.668375021979e+00
17 5 2.000496935135e-43 -7.388010350254e-27 -7.956115850463e-22 -2.198567938200e-21 3.073824530804e-01 2.085468777473e+00
17 6 6.434207376995e-39 -1.436795345682e-24 4.759277461436e-19 1.633455262102e-19 1.359956695071e-01 2.502562532968e+00
17 7 3.147892244946e-34 -2.856134231249e-22 -1.262292967705e-16 3.043653264496e-17 -2.931283819975e-01 2.919656288463e+00
17 8 2.098941890963e-30 -1.312286442339e-20 1.072416761977e-14 -5.641504095783e-15 -1.897403794321e-01 3.336750043957e+00
17 9 3.134485882598e-26 -9.616383983275e-19 -1.528210436726e-12 6.631744174325e-13 2.687329129467e-01 3.753843799452e+00
17 10 0.000000000000e+00 -2.048536439623e-17 0.000000000000e+00 0.000000000000e+00 2.515141827167e-01 4.170937554947e+00
17 11 0.000000000000e+00 -8.800999022497e-16 0.000000000000e+00 0.000000000000e+00 -2.265736423818e-01 4.588031310441e+00
17 12 0.000000000000e+00 -1.167149278579e-14 0.000000000000e+00 0.000000000000e+00 -3.240627884400e-01 5.005125065936e+00
17 13 0.000000000000e+00 -3.777793864948e-13 0.000000000000e+00 0.000000000000e+00 1.498218634543e-01 5.422218821430e+00
17 14 0.000000000000e+00 -3.523016887315e-12 0.000000000000e+00 0.000000000000e+00 4.084733829755e-01 5.839312576925e+00
17 15 0.000000000000e+00 -1.042785967527e-10 0.000000000000e+00 0.000000000000e+00 7.120196682509e-03 6.256406332420e+00
17 16 6.269247488166e-07 -6.390904306213e-10 -1.824072231540e-03 1.311877510363e-02 -4.883241189884e-01 6.673500087914e+00
17 17 1.282213757715e-04 -2.593418304342e-08 1.904009020233e-01 6.520894000497e-02 -4.597023198343e-01 7.090593843409e+00
18 1 1.024565780964e-80 -3.259191210452e-53 7.435985014091e-41 -7.529817424110e-41 2.024917664395e-02 4.170937554947e-01
18 2 1.549951696967e-67 -2.056583953391e-42 7.844451172763e-34 -2.496537590653e-34 -3.176447849508e-01 8.341875109893e-01
18 3 1.706897293946e-59 -1.356047433371e-36 9.581321392149e-30 8.724462068356e-30 -6.144256868128e-02 1.251281266484e+00
18 4 9.732138256241e-53 -3.075420858368e-32 -2.445046249133e-26 3.323006712496e-26 3.127018598475e-01 1.668375021979e+00
18 5 1.711489355924e-47 -3.170819727583e-29 -1.366571962426e-23 -1.676131673126e-23 1.047705892380e-01 2.085468777473e+00
18 6 2.712794605915e-42 -1.986231220514e-26 1.027470606264e-20 -1.086330651569e-21 -3.033136144012e-01 2.502562532968e+00
18 7 4.700562728891e-38 -2.111999904581e-24 -1.119113532454e-18 1.124820998891e-18 -1.518259688589e-01 2.919656288463e+00
18 8 1.505593236079e-33 -2.887348093640e-22 1.278025296132e-16 -2.983158384801e-16 2.873804517154e-01 3.336750043957e+00
18 9 7.271262113377e-30 -1.014327163706e-20 -8.190010103109e-15 2.401479812734e-14 2.044634440324e-01 3.753843799452e+00
18 10 8.385456632364e-26 -6.305117668648e-19 1.604359890959e-12 -2.567470547897e-12 -2.609563082021e-01 4.170937554947e+00
18 11 0.000000000000e+00 -1.171753012283e-17 0.000000000000e+00 0.000000000000e+00 -2.648659828302e-01 4.588031310441e+00
18 12 0.000000000000e+00 -4.683992646944e-16 0.000000000000e+00 0.000000000000e+00 2.163289488781e-01 5.005125065936e+00
18 13 0.000000000000e+00 -5.742183130987e-15 0.000000000000e+00 0.000000000000e+00 3.352871802512e-01 5.422218821430e+00
18 14 0.000000000000e+00 -1.812830840250e-13 0.000000000000e+00 0.000000000000e+00 -1.367226120254e-01 5.839312576925e+00
18 15 0.000000000000e+00 -1.601263567036e-12 0.000000000000e+00 0.000000000000e+00 -4.158764800980e-01 6.256406332420e+00
18 16 0.000000000000e+00 -4.761691701008e-11 0.000000000000e+00 0.000000000000e+00 -2.269465095627e-02 6.673500087914e+00
18 17 4.581240874745e-07 -2.777935120900e-10 -1.032830601384e-04 -1.202951451957e-02 4.884376340221e-01 7.090593843409e+00
18 18 9.155661216824e-05 -1.172575557595e-08 -1.772829484533e-01 -3.155795253128e-02 4.720949085572e-01 7.507687598904e+00
19 1 1.319506915881e-85 -1.406945186224e-56 2.537627941559e-43 -2.825518435890e-43 -3.187560211094e-01 4.170937554947e-01
19 2 2.273178353752e-72 -1.475274942775e-45 2.891925124243e-36 -1.255278702812e-36 -3.853237689052e-02 8.341875109893e-01
19 3 1.854852259974e-63 -4.953329828112e-39 1.132814208630e-31 7.358423236855e-32 3.159221851303e-01 1.251281266484e+00
19 4 5.194597916064e-57 -8.108748651644e-35 -1.178429967321e-28 2.774199374910e-28 7.825650665273e-02 1.668375021979e+00
19 5 4.742991619846e-51 -2.948795018650e-31 -3.021236122200e-25 -1.957847065585e-25 -3.097270735341e-01 2.085468777473e+00
19 6 2.908481492516e-46 -1.056238286697e-28 9.345769606508e-23 -5.206405403115e-23 -1.204402620833e-01 2.502562532968e+00
19 7 2.368700587027e-41 -3.484058178651e-26 -9.746944821776e-21 3.425903025349e-20 2.989767746683e-01 2.919656288463e+00
19 8 2.596678215650e-37 -2.403102360377e-24 -9.276099428825e-19 -4.159922598464e-18 1.665090303112e-01 3.336750043957e+00
19 9 5.956090996260e-33 -2.491394192535e-22 3.015478987561e-16 6.606151326919e-16 -2.814547983266e-01 3.753843799452e+00
19 10 2.190429829590e-29 -7.099708455755e-21 -1.677634944638e-14 -4.596567424149e-14 -2.181251283893e-01 4.170937554947e+00
19 11 0.000000000000e+00 -3.881943625462e-19 0.000000000000e+00 0.000000000000e+00 2.531190094311e-01 4.588031310441e+00
19 12 0.000000000000e+00 -6.443621520415e-18 0.000000000000e+00 0.000000000000e+00 2.772030805357e-01 5.005125065936e+00
19 13 0.000000000000e+00 -2.431994626714e-16 0.000000000000e+00 0.000000000000e+00 -2.061970763283e-01 5.422218821430e+00
19 14 0.000000000000e+00 -2.784290375471e-15 0.000000000000e+00 0.000000000000e+00 -3.455498871388e-01 5.839312576925e+00
19 15 0.000000000000e+00 -8.624989738580e-14 0.000000000000e+00 0.000000000000e+00 1.239973988647e-01 6.256406332420e+00
19 16 0.000000000000e+00 -7.251216773547e-13 0.000000000000e+00 0.000000000000e+00 4.224780335874e-01 6.673500087914e+00
19 17 0.000000000000e+00 -2.170990344829e-11 0.000000000000e+00 0.000000000000e+00 3.755433242452e-02 7.090593843409e+00
19 18 0.000000000000e+00 -1.209161977799e-10 0.000000000000e+00 0.000000000000e+00 -4.882895701424e-01 7.507687598904e+00
19 19 6.546337422366e-05 -5.304186435258e-09 1.606752649036e-01 3.892305767705e-03 -4.839002918706e-01 7.924781354398e+00
20 1 4.549804897972e-91 -2.343206292098e-60 4.472107358504e-46 -5.452772191830e-46 -1.824155501135e-02 4.170937554947e-01
20 2 1.030123170524e-76 -2.265120791516e-48 1.857385176445e-38 -1.026693562614e-38 3.177712906976e-01 8.341875109893e-01
20 3 5.374624342441e-68 -6.981960990907e-42 6.629938326450e-34 2.986200693412e-34 5.523181418062e-02 1.251281266484e+00
20 4 8.752387607925e-61 -4.640004786675e-37 -7.169414839311e-31 3.846183159278e-30 -3.138074972347e-01 1.668375021979e+00
20 5 3.455619849860e-55 -1.054338180198e-33 -2.949839347554e-27 -8.611143500120e-28 -9.377254484640e-02 2.085468777473e+00
20 6 1.016625536455e-49 -1.245536030219e-30 1.271650484595e-24 -1.543817564042e-24 3.064589959042e-01 2.502562532968e+00
20 7 3.039552100776e-45 -2.187083998091e-28 7.649167575016e-23 3.961672215278e-22 1.349963963197e-01 2.919656288463e+00
20 8 1.520528652935e-40 -4.575370085999e-26 -7.348553543807e-20 -7.236671493979e-20 -2.944225654846e-01 3.336750043957e+00
20 9 1.164360521225e-36 -2.280582691433e-24 9.151260867381e-18 4.398315950415e-18 -1.801893862994e-01 3.753843799452e+00
20 10 2.027381627524e-32 -1.913993378204e-22 -1.375655430331e-15 -5.688922987433e-16 2.753927032929e-01 4.170937554947e+00
20 11 0.000000000000e+00 -4.611375756556e-21 0.000000000000e+00 0.000000000000e+00 2.308450117698e-01 4.588031310441e+00
20 12 0.000000000000e+00 -2.276825527479e-19 0.000000000000e+00 0.000000000000e+00 -2.452540258120e-01 5.005125065936e+00
20 13 0.000000000000e+00 -3.435571606810e-18 0.000000000000e+00 0.000000000000e+00 -2.886344119841e-01 5.422218821430e+00
20 14 0.000000000000e+00 -1.238048112354e-16 0.000000000000e+00 0.000000000000e+00 1.961973769104e-01 5.839312576925e+00
20 15 0.000000000000e+00 -1.334333568136e-15 0.000000000000e+00 0.000000000000e+00 3.549573199511e-01 6.256406332420e+00
20 16 0.000000000000e+00 -4.074963995337e-14 0.000000000000e+00 0.000000000000e+00 -1.116390455983e-01 6.673500087914e+00
20 17 0.000000000000e+00 -3.273969571901e-13 0.000000000000e+00 0.000000000000e+00 -4.283775711173e-01 7.090593843409e+00
20 18 0.000000000000e+00 -9.885610560366e-12 0.000000000000e+00 0.000000000000e+00 -5.175304166763e-02 7.507687598904e+00
20 19 0.000000000000e+00 -5.269951472668e-11 0.000000000000e+00 0.000000000000e+00 4.879248680083e-01 7.924781354398e+00
20 20 4.686011805845e-05 -2.400176887948e-09 -1.420010493101e-01 1.800620042439e-02 4.951714347663e-01 8.341875109893e+00
21 1 4.795146461175e-96 -8.429169178197e-64 1.375310181242e-48 -1.830285179222e-48 3.186764787167e-01 4.170937554947e-01
21 2 1.265809079844e-81 -1.336459257580e-51 6.159537806664e-41 -4.171896237278e-41 3.487111754538e-02 8.341875109893e-01
21 3 4.825001997763e-72 -2.145041680377e-44 6.622687660892e-36 1.899082084099e-36 -3.163607177839e-01 1.251281266484e+00
21 4 3.968997497619e-65 -1.018748008190e-39 5.318117399738e-34 2.634119861799e-32 -7.062461277933e-02 1.668375021979e+00
21 5 7.990759756656e-59 -8.348047730970e-36 -4.672579263737e-29 -5.581879044442e-31 3.113776852683e-01 2.085468777473e+00
21 6 9.386428304279e-54 -5.600709605506e-33 6.414231863894e-27 -1.811678347410e-26 1.081886608711e-01 2.502562532968e+00
21 7 1.279821745058e-48 -3.111873596917e-30 4.844509558776e-24 6.714046090133e-24 -3.029498807740e-01 2.919656288463e+00
21 8 2.263991101358e-44 -3.277500383442e-28 -1.220550290067e-21 -3.066966077262e-22 -1.485858373062e-01 3.336750043957e+00
21 9 7.772053513026e-40 -4.891158402157e-26 2.575143711224e-19 -4.998961010253e-20 2.896915856139e-01 3.753843799452e+00
21 10 4.434126973933e-36 -1.893994991858e-24 -2.052375356100e-17 7.965917536513e-18 1.929828155648e-01 4.170937554947e+00
21 11 6.097723062313e-32 -1.346838527140e-22 2.723635730360e-15 -8.041971217056e-16 -2.692280191456e-01 4.588031310441e+00
21 12 0.000000000000e+00 -2.827055592303e-21 0.000000000000e+00 0.000000000000e+00 -2.427221836749e-01 5.005125065936e+00
21 13 0.000000000000e+00 -1.285320700513e-19 0.000000000000e+00 0.000000000000e+00 2.373879750902e-01 5.422218821430e+00
21 14 0.000000000000e+00 -1.787017745802e-18 0.000000000000e+00 0.000000000000e+00 2.992523805104e-01 5.839312576925e+00
21 15 0.000000000000e+00 -6.202368096345e-17 0.000000000000e+00 0.000000000000e+00 -1.863440376108e-01 6.256406332420e+00
21 16 0.000000000000e+00 -6.333734012853e-16 0.000000000000e+00 0.000000000000e+00 -3.636004352120e-01 6.673500087914e+00
21 17 0.000000000000e+00 -1.914164404215e-14 0.000000000000e+00 0.000000000000e+00 9.963831333289e-02 7.090593843409e+00
21 18 0.000000000000e+00 -1.474681557542e-13 0.000000000000e+00 0.000000000000e+00 4.336593392871e-01 7.507687598904e+00
21 19 0.000000000000e+00 -4.496655859492e-12 0.000000000000e+00 0.000000000000e+00 6.533936658588e-02 7.924781354398e+00
21 20 0.000000000000e+00 -2.299581040749e-11 0.000000000000e+00 0.000000000000e+00 -4.873802860265e-01 8.341875109893e+00
21 21 3.357645765288e-05 -1.086340738066e-09 1.224376729252e-01 -3.455885748063e-02 -5.059546435278e-01 8.758968865388e+00
22 1 1.389013996005e-101 -1.160452549424e-67 2.212781652742e-51 -3.207252269816e-51 1.659834883199e-02 4.170937554947e-01
22 2 4.756380988629e-86 -1.729369376322e-54 3.543209570063e-43 -2.870864060670e-43 -3.178646650568e-01 8.341875109893e-01
22 3 1.186506195346e-76 -2.521544997000e-47 3.381619236039e-38 4.868682210072e-39 -5.017657401979e-02 1.251281266484e+00
22 4 5.598250713253e-69 -4.961421461345e-42 6.607973766719e-35 3.058460106132e-34 3.146117638174e-01 1.668375021979e+00
22 5 5.006345566913e-63 -2.520294992174e-38 -3.589157321283e-31 8.936677788778e-32 8.491732369435e-02 2.085468777473e+00
22 6 2.766621115725e-57 -5.685218078883e-35 4.581332216155e-30 -3.299193961316e-28 -3.086889872856e-01 2.502562532968e+00
22 7 1.426469955555e-52 -1.673670030671e-32 7.497480308218e-26 4.493328922248e-26 -1.216565972864e-01 2.919656288463e+00
22 8 1.113081082138e-47 -5.433838124986e-30 -2.705183090022e-23 6.846128882247e-24 2.992406608206e-01 3.336750043957e+00
22 9 1.314017445733e-43 -3.900656915673e-28 2.411860092690e-21 -2.411855517537e-21 1.613247844355e-01 3.753843799452e+00
22 10 3.328889556573e-39 -4.492835079115e-26 -2.874810468414e-19 5.303064838662e-19 -2.848170892979e-01 4.170937554947e+00
22 11 1.478327517359e-35 -1.421790368456e-24 1.948137259350e-17 -3.969547255193e-17 -2.049840214692e-01 4.588031310441e+00
22 12 0.000000000000e+00 -8.854552544106e-23 0.000000000000e+00 0.000000000000e+00 2.629887596365e-01 5.005125065936e+00
22 13 0.000000000000e+00 -1.655977254975e-21 0.000000000000e+00 0.000000000000e+00 2.538400678688e-01 5.422218821430e+00
22 14 0.000000000000e+00 -7.036998278523e-20 0.000000000000e+00 0.000000000000e+00 -2.295423612971e-01 5.839312576925e+00
22 15 0.000000000000e+00 0.000000000000e+00 0.000000000000e+00 0.000000000000e+00 -3.091362312012e-01 6.256406332420e+00
22 16 0.000000000000e+00 -3.066643602033e-17 0.000000000000e+00 0.000000000000e+00 1.766472200707e-01 6.673500087914e+00
22 17 0.000000000000e+00 -2.982795372892e-16 0.000000000000e+00 0.000000000000e+00 3.715575900616e-01 7.090593843409e+00
22 18 0.000000000000e+00 -8.948240683582e-15 0.000000000000e+00 0.000000000000e+00 -8.798463255060e-02 7.507687598904e+00
22 19 0.000000000000e+00 -6.629382028498e-14 0.000000000000e+00 0.000000000000e+00 -4.383951384547e-01 7.924781354398e+00
22 20 0.000000000000e+00 -2.043562972053e-12 0.000000000000e+00 0.000000000000e+00 -7.835725759172e-02 8.341875109893e+00
22 21 0.000000000000e+00 -1.004555963866e-11 0.000000000000e+00 0.000000000000e+00 4.866860878507e-01 8.758968865388e+00
22 22 2.407877400839e-05 -4.917564999862e-10 -1.029244119186e-01 4.631760143799e-02 5.162906162473e-01 9.176062620882e+00
23 1 1.219800106368e-106 -3.530692483996e-71 6.186186490281e-54 -9.750054503082e-54 -3.186164821619e-01 4.170937554947e-01
23 2 4.963908335194e-91 -8.535466999728e-58 1.065332249273e-45 -1.017557499134e-45 -3.185047196273e-02 8.341875109893e-01
23 3 8.941875817011e-81 -6.599641327478e-50 2.965633589141e-40 4.109997357451e-42 3.166877519142e-01 1.251281266484e+00
23 4 2.179890919279e-73 -9.201023173771e-45 7.515837076490e-37 1.802096809116e-36 6.437279095004e-02 1.668375021979e+00
23 5 9.801739236828e-67 -1.716465648352e-40 -4.577941563332e-33 2.413995399418e-33 -3.125868096332e-01 2.085468777473e+00
23 6 2.219004306338e-61 -2.185556713875e-37 -8.543419930501e-31 -2.828777547808e-30 -9.826772116066e-02 2.502562532968e+00
23 7 5.105935868280e-56 -2.069771746522e-34 1.632652137622e-27 2.630657849025e-28 3.057842477149e-01 2.919656288463e+00
23 8 1.448496737313e-51 -3.374157600738e-32 -2.414186423106e-25 2.074815699009e-25 1.342954150598e-01 3.336750043957e+00
23 9 7.380403307922e-47 -7.345191199215e-30 1.865130961215e-23 -7.865512440555e-23 -2.953643522490e-01 3.753843799452e+00
23 10 6.292689857478e-43 -3.915412475248e-28 1.299630089073e-21 8.191114151162e-21 -1.733071643607e-01 4.170937554947e+00
23 11 1.236403155197e-38 -3.678104880395e-26 -3.893981078346e-19 -1.218052278446e-18 2.798267356720e-01 4.588031310441e+00
23 12 4.407763178900e-35 -9.868573869441e-25 1.845500769491e-17 8.122383858198e-17 2.162718529237e-01 5.005125065936e+00
23 13 0.000000000000e+00 -5.516728489053e-23 0.000000000000e+00 0.000000000000e+00 -2.566982569135e-01 5.422218821430e+00
23 14 0.000000000000e+00 -9.351846956747e-22 0.000000000000e+00 0.000000000000e+00 -2.642698363896e-01 5.839312576925e+00
23 15 0.000000000000e+00 -3.757798301842e-20 0.000000000000e+00 0.000000000000e+00 2.217345612295e-01 6.256406332420e+00
23 16 0.000000000000e+00 0.000000000000e+00 0.000000000000e+00 0.000000000000e+00 3.183545563623e-01 6.673500087914e+00
23 17 0.000000000000e+00 -1.499740413040e-17 0.000000000000e+00 0.000000000000e+00 -1.671139374708e-01 7.090593843409e+00
23 18 0.000000000000e+00 -1.395479605944e-16 0.000000000000e+00 0.000000000000e+00 -3.788967487903e-01 7.507687598904e+00
23 19 0.000000000000e+00 -4.166073659628e-15 0.000000000000e+00 0.000000000000e+00 7.666662937439e-02 7.924781354398e+00
23 20 0.000000000000e+00 -2.975435822435e-14 0.000000000000e+00 0.000000000000e+00 4.426465383369e-01 8.341875109893e+00
23 21 0.000000000000e+00 -9.280165944835e-13 0.000000000000e+00 0.000000000000e+00 9.084653986039e-02 8.758968865388e+00
23 22 0.000000000000e+00 -4.392879705358e-12 0.000000000000e+00 0.000000000000e+00 -4.858673370370e-01 9.176062620882e+00
23 23 1.728038423264e-05 0.000000000000e+00 8.417953130330e-02 -5.390636259707e-02 -5.262152959487e-01 9.593156376377e+00
24 1 3.009048206681e-112 -4.084143463594e-75 9.145036234351e-57 -1.566134705987e-56 -1.522813862372e-02 4.170937554947e-01
24 2 1.571068520088e-95 -9.429553081666e-61 5.531300175173e-48 -6.172205245899e-48 3.179355936739e-01 8.341875109893e-01
24 3 1.887545281493e-85 -6.564178361238e-53 1.354584281388e-42 -1.483088402081e-43 4.597872302740e-02 1.251281266484e+00
24 4 2.610006815925e-77 -3.855569890168e-47 1.149273105837e-38 1.801065211429e-38 -3.152160211922e-01 1.668375021979e+00
24 5 5.328277207135e-71 -4.428079259423e-43 -2.884610655301e-35 2.497888470173e-35 -7.762381096918e-02 2.085468777473e+00
24 6 5.590398625434e-65 -1.926403855489e-39 -2.581995847471e-32 -3.915580385816e-32 3.103322082449e-01 2.502562532968e+00
24 7 4.984976509122e-60 -9.623515227939e-37 1.602007058159e-29 -3.217821488040e-30 1.107989932920e-01 2.919656288463e+00
24 8 6.089860515231e-55 -4.903432080272e-34 -2.706797841537e-27 5.939334505432e-27 -3.026972477403e-01 3.336750043957e+00
24 9 1.095048593049e-50 -5.131004037831e-32 -2.763525105873e-25 -9.450762510576e-25 -1.462004875232e-01 3.753843799452e+00
24 10 3.974940207255e-46 -8.213719275613e-30 1.446703098275e-22 1.500643440126e-22 2.913481817323e-01 4.170937554947e+00
24 11 2.583937610994e-42 -3.452782282095e-28 -1.577398601388e-20 -9.640341155264e-21 1.846103151454e-01 4.588031310441e+00
24 12 4.078631695270e-38 -2.753297151473e-26 2.196122856036e-18 1.263679047011e-18 -2.747437884535e-01 5.005125065936e+00
24 13 1.193481778619e-34 -6.437692224299e-25 -1.111867496363e-16 -9.840995328280e-17 -2.269129550316e-01 5.422218821430e+00
24 14 0.000000000000e+00 -3.291771335906e-23 0.000000000000e+00 0.000000000000e+00 2.503760334237e-01 5.839312576925e+00
24 15 0.000000000000e+00 -5.126329280248e-22 0.000000000000e+00 0.000000000000e+00 2.740728907310e-01 6.256406332420e+00
24 16 0.000000000000e+00 -1.965842193057e-20 0.000000000000e+00 0.000000000000e+00 -2.139785974704e-01 6.673500087914e+00
24 17 0.000000000000e+00 -2.260192834551e-19 0.000000000000e+00 0.000000000000e+00 -3.269671979327e-01 7.090593843409e+00
24 18 0.000000000000e+00 -7.267335349434e-18 0.000000000000e+00 0.000000000000e+00 1.577487344484e-01 7.507687598904e+00
24 19 0.000000000000e+00 -6.492508332213e-17 0.000000000000e+00 0.000000000000e+00 3.856772159458e-01 7.924781354398e+00
24 20 0.000000000000e+00 -1.932905958681e-15 0.000000000000e+00 0.000000000000e+00 -6.567250500975e-02 8.341875109893e+00
24 21 0.000000000000e+00 -1.333681939385e-14 0.000000000000e+00 0.000000000000e+00 -4.464666301373e-01 8.758968865388e+00
24 22 0.000000000000e+00 -4.211506238052e-13 0.000000000000e+00 0.000000000000e+00 -1.028433670324e-01 9.176062620882e+00
24 23 0.000000000000e+00 -1.922839690326e-12 0.000000000000e+00 0.000000000000e+00 4.849449007919e-01 9.593156376377e+00
24 24 1.240936258661e-05 -1.007847177412e-10 -6.672292129618e-02 5.797479254869e-02 5.357605691733e-01 1.001025013187e+01
25 1 2.235316717689e-117 -1.064385255742e-78 2.340437134164e-59 -4.353836170121e-59 3.185701086253e-01 4.170937554947e-01
25 2 1.409063882261e-100 -3.949165373603e-64 1.514858989971e-50 -1.966218125185e-50 2.931479830651e-02 8.341875109893e-01
25 3 1.210546598898e-89 -1.480120104400e-55 1.063493942342e-44 -2.446826241979e-45 -3.169383463461e-01 1.251281266484e+00
25 4 8.811099650983e-82 -6.114555538005e-50 8.301165503125e-41 9.229776345675e-41 -5.915311170514e-02 1.668375021979e+00
25 5 8.942248754443e-75 -2.618408412070e-45 -2.954227371330e-37 3.963427705687e-37 3.135007333376e-01 2.085468777473e+00
25 6 3.925803027982e-69 -6.394955704760e-42 -2.971744478321e-34 -2.572342870854e-34 9.005745412803e-02 2.502562532968e+00
25 7 1.536962940611e-63 -1.042119860920e-38 2.466806730678e-31 -1.465227052517e-31 -3.078836573913e-01 2.919656288463e+00
25 8 6.987582924588e-59 -2.658684118344e-36 -1.357063058434e-30 6.990291277342e-29 -1.226092330871e-01 3.336750043957e+00
25 9 5.280323962647e-54 -8.532429183524e-34 -1.505169195116e-26 -1.552284266425e-26 2.994553685851e-01 3.753843799452e+00
25 10 6.608752244835e-50 -6.329047881744e-32 2.615550268839e-24 6.186383958183e-25 1.574496260297e-01 4.170937554947e+00
25 11 1.814724360353e-45 -7.948835998759e-30 -4.865728926578e-22 5.713605013691e-23 -2.872149789837e-01 4.588031310441e+00
25 12 9.345665798110e-42 -2.752697417393e-28 3.718552927707e-20 -9.394741897290e-21 -1.952989450703e-01 5.005125065936e+00
25 13 1.215854839506e-37 -1.919781912414e-26 -4.680320265160e-18 7.449219131885e-19 2.695879763756e-01 5.422218821430e+00
25 14 0.000000000000e+00 -3.994952422152e-25 0.000000000000e+00 0.000000000000e+00 2.369643868238e-01 5.839312576925e+00
25 15 0.000000000000e+00 -1.896091928834e-23 0.000000000000e+00 0.000000000000e+00 -2.440384764955e-01 6.256406332420e+00
25 16 0.000000000000e+00 -2.741847047227e-22 0.000000000000e+00 0.000000000000e+00 -2.833027079672e-01 6.673500087914e+00
25 17 0.000000000000e+00 0.000000000000e+00 0.000000000000e+00 0.000000000000e+00 2.062857511896e-01 7.090593843409e+00
25 18 0.000000000000e+00 -1.105265207838e-19 0.000000000000e+00 0.000000000000e+00 3.350267204206e-01 7.507687598904e+00
25 19 0.000000000000e+00 -3.494195964401e-18 0.000000000000e+00 0.000000000000e+00 -1.485542179108e-01 7.924781354398e+00
25 20 0.000000000000e+00 -3.006459108132e-17 0.000000000000e+00 0.000000000000e+00 -3.919510166372e-01 8.341875109893e+00
25 21 0.000000000000e+00 -8.941351728698e-16 0.000000000000e+00 0.000000000000e+00 5.499030856567e-02 8.758968865388e+00
25 22 0.000000000000e+00 -5.971398662979e-15 0.000000000000e+00 0.000000000000e+00 4.499014266985e-01 9.176062620882e+00
25 23 0.000000000000e+00 -1.910164975870e-13 0.000000000000e+00 0.000000000000e+00 1.143806217591e-01 9.593156376377e+00
25 24 0.000000000000e+00 -8.424188932168e-13 0.000000000000e+00 0.000000000000e+00 -4.839362356391e-01 1.001025013187e+01
25 25 8.916338510541e-06 -4.562660496784e-11 5.090238273714e-02 -5.916334192242e-02 -5.449548423338e-01 1.042734388737e+01
26 1 4.751110738923e-123 -1.048869536688e-82 3.195286459447e-62 -6.459336134698e-62 1.406783895178e-02 4.170937554947e-01
26 2 3.806648881806e-105 -3.766746883062e-67 7.128655049755e-53 -1.075264363511e-52 -3.179907618299e-01 8.341875109893e-01
26 3 2.215831119024e-94 -1.261179393394e-58 4.404605706640e-47 -1.548527887693e-47 -4.243535018374e-02 1.251281266484e+00
26 4 9.062653887340e-86 -2.226132909585e-52 9.776812290499e-43 7.931678029825e-43 3.156820378418e-01 1.668375021979e+00
26 5 4.252484769295e-79 -5.833329739431e-48 -1.434591652882e-39 3.092343136370e-39 7.150611218646e-02 2.085468777473e+00
26 6 8.549613476951e-73 -4.934084128826e-44 -5.214646800420e-36 -2.539798379241e-36 -3.115805872363e-01 2.502562532968e+00
26 7 1.323939492301e-67 -4.224135716027e-41 1.745446821343e-33 -2.011089337776e-33 -1.017751687747e-01 2.919656288463e+00
26 8 2.545950889812e-62 -3.408649653538e-38 4.776048862335e-31 1.246173424479e-30 3.052695003686e-01 3.336750043957e+00
26 9 6.942355834901e-58 -5.251677547429e-36 -2.334797301162e-28 -8.338949294332e-29 1.337779408933e-01 3.753843799452e+00
26 10 3.591806883451e-53 -1.180214066645e-33 5.977392618938e-26 -1.879275122379e-26 -2.960812945368e-01 4.170937554947e+00
26 11 3.337624176812e-49 -6.653690477165e-32 -4.900773092267e-24 4.486229696432e-24 -1.681073512903e-01 4.588031310441e+00
26 12 7.235672770180e-45 -6.872130629796e-30 6.058166237653e-22 -8.785751238127e-22 2.829841292164e-01 5.005125065936e+00
26 13 3.035684830674e-41 -2.025622088656e-28 -4.156645873317e-20 6.228968736761e-20 2.054279546882e-01 5.422218821430e+00
26 14 0.000000000000e+00 -1.264105548068e-26 0.000000000000e+00 0.000000000000e+00 -2.643761338113e-01 5.839312576925e+00
26 15 0.000000000000e+00 -2.379942823195e-25 0.000000000000e+00 0.000000000000e+00 -2.464755413882e-01 6.256406332420e+00
26 16 0.000000000000e+00 -1.060775076771e-23 0.000000000000e+00 0.000000000000e+00 2.376993708258e-01 6.673500087914e+00
26 17 0.000000000000e+00 -1.436692211252e-22 0.000000000000e+00 0.000000000000e+00 2.920062433822e-01 7.090593843409e+00
26 18 0.000000000000e+00 0.000000000000e+00 0.000000000000e+00 0.000000000000e+00 -1.986650525451e-01 7.507687598904e+00
26 19 0.000000000000e+00 -5.352240917415e-20 0.000000000000e+00 0.000000000000e+00 -3.425795707947e-01 7.924781354398e+00
26 20 0.000000000000e+00 -1.668871554119e-18 0.000000000000e+00 0.000000000000e+00 1.395314739080e-01 8.341875109893e+00
26 21 0.000000000000e+00 -1.386592859265e-17 0.000000000000e+00 0.000000000000e+00 3.977640092287e-01 8.758968865388e+00
26 22 0.000000000000e+00 -4.125535143626e-16 0.000000000000e+00 0.000000000000e+00 -4.460813199392e-02 9.176062620882e+00
26 23 0.000000000000e+00 -2.671173164890e-15 0.000000000000e+00 0.000000000000e+00 -4.529909918904e-01 9.593156376377e+00
26 24 0.000000000000e+00 0.000000000000e+00 0.000000000000e+00 0.000000000000e+00 -1.254882687139e-01 1.001025013187e+01
26 25 0.000000000000e+00 0.000000000000e+00 0.000000000000e+00 0.000000000000e+00 4.828560077639e-01 1.042734388737e+01
26 26 6.409737866517e-06 0.000000000000e+00 -3.692102908705e-02 5.807825028922e-02 5.538235205059e-01 1.084443764286e+01
27 1 3.024089781166e-128 -2.367195255089e-86 7.527365220121e-65 -1.654969482857e-64 -3.185335218530e-01 4.170937554947e-01
27 2 2.964382611666e-110 -1.355052479036e-70 1.780350103343e-55 -3.129128077965e-55 -2.715535161984e-02 8.341875109893e-01
27 3 1.223572839465e-98 -2.474193817461e-61 3.131311920698e-49 -1.493961945537e-49 3.171347216387e-01 1.251281266484e+00
27 4 2.675540307819e-90 -3.051780991492e-55 5.896022610219e-45 3.468383518756e-45 5.472664887426e-02 1.668375021979e+00
27 5 6.182888571704e-83 -3.020297047568e-50 -9.686442220037e-42 3.994687096430e-41 -3.142092980058e-01 2.085468777473e+00
27 6 5.294400796900e-77 -1.427227233427e-46 -4.468383990661e-38 -9.312636237186e-39 -8.314274242570e-02 2.502562532968e+00
27 7 3.553791494879e-71 -4.033668915053e-43 1.743464531038e-35 -3.999319878880e-35 3.094857120071e-01 2.919656288463e+00
27 8 2.593979755520e-66 -1.625210324651e-40 8.996440243563e-33 1.002643759282e-32 1.128588289024e-01 3.336750043957e+00
27 9 2.914512702319e-61 -7.756159904222e-38 -5.059515414725e-30 4.538372271335e-31 -3.025128216286e-01 3.753843799452e+00
27 10 5.310458003682e-57 -8.078552660405e-36 5.246653869099e-28 -5.524450099919e-28 -1.443705772686e-01 4.170937554947e+00
27 11 2.018118163265e-52 -1.369574048871e-33 -3.920040851809e-26 1.586039425608e-25 2.925941434605e-01 4.588031310441e+00
27 12 1.457869188528e-48 -6.173668225545e-32 -1.095047784735e-24 -1.510867721770e-23 1.782279361826e-01 5.005125065936e+00
27 13 2.574497711064e-44 -5.431442760199e-30 3.985332882842e-22 2.144062201519e-21 -2.786722510668e-01 5.422218821430e+00
27 14 8.984937486467e-41 -1.397209891397e-28 -1.272096795709e-20 -1.381579864843e-19 -2.150444915531e-01 5.839312576925e+00
27 15 0.000000000000e+00 -7.942609128731e-27 0.000000000000e+00 0.000000000000e+00 2.591226923808e-01 6.256406332420e+00
27 16 0.000000000000e+00 -1.370728059230e-25 0.000000000000e+00 0.000000000000e+00 2.554895835182e-01 6.673500087914e+00
27 17 0.000000000000e+00 -5.791557570823e-24 0.000000000000e+00 0.000000000000e+00 -2.313703253957e-01 7.090593843409e+00
27 18 0.000000000000e+00 -7.389069915040e-23 0.000000000000e+00 0.000000000000e+00 -3.002250161194e-01 7.507687598904e+00
27 19 0.000000000000e+00 0.000000000000e+00 0.000000000000e+00 0.000000000000e+00 1.911236762329e-01 7.924781354398e+00
27 20 0.000000000000e+00 -2.570253038838e-20 0.000000000000e+00 0.000000000000e+00 3.496670054746e-01 8.341875109893e+00
27 21 0.000000000000e+00 -7.925071330648e-19 0.000000000000e+00 0.000000000000e+00 -1.306803967131e-01 8.758968865388e+00
27 22 0.000000000000e+00 -6.372910140711e-18 0.000000000000e+00 0.000000000000e+00 -4.031567918721e-01 9.176062620882e+00
27 23 0.000000000000e+00 -1.899271760429e-16 0.000000000000e+00 0.000000000000e+00 3.451424787502e-02 9.593156376377e+00
27 24 0.000000000000e+00 -1.193975016982e-15 0.000000000000e+00 0.000000000000e+00 4.557703593022e-01 1.001025013187e+01
27 25 0.000000000000e+00 -3.923791972133e-14 0.000000000000e+00 0.000000000000e+00 1.361936655074e-01 1.042734388737e+01
27 26 0.000000000000e+00 0.000000000000e+00 0.000000000000e+00 0.000000000000e+00 -4.817165867523e-01 1.084443764286e+01
27 27 4.609630386267e-06 0.000000000000e+00 2.486263262748e-02 -5.527221921413e-02 -5.623894077001e-01 1.126153139836e+01
28 1 5.594643869448e-134 -2.010724770255e-90 9.528790191216e-68 -2.281961583796e-67 -1.307247658619e-02 4.170937554947e-01
28 2 6.914278078914e-115 -1.126834537205e-73 7.591635352459e-58 -1.564219172953e-57 3.180345311624e-01 8.341875109893e-01
28 3 1.959581380435e-103 -1.825593241819e-64 1.185185033574e-51 -7.232543489960e-52 3.940332838094e-02 1.251281266484e+00
28 4 2.388643235544e-94 -9.737187633534e-58 5.982023875705e-47 2.447567836315e-47 -3.160492980098e-01 1.668375021979e+00
28 5 2.591466733676e-87 -5.865291523780e-53 -1.331631139149e-44 2.657798344100e-43 -6.629722327531e-02 2.085468777473e+00
28 6 1.006372528768e-80 -9.710886539900e-49 -6.289981577973e-40 1.932550207447e-41 3.125527890273e-01 2.502562532968e+00
28 7 2.718422136261e-75 -1.436427846883e-45 4.639686622779e-38 -3.787439037168e-37 9.414757199842e-02 2.919656288463e+00
28 8 8.276938296445e-70 -1.849614480604e-42 2.120162112153e-34 1.138049897508e-34 -3.072402056797e-01 3.336750043957e+00
28 9 3.420302153329e-65 -4.231031578259e-40 -4.830327700086e-32 2.636433911960e-32 -1.233755206659e-01 3.753843799452e+00
28 10 2.520973822771e-60 -1.345933663885e-37 4.597854355463e-30 -1.595052844824e-29 2.996328197101e-01 4.170937554947e+00
28 11 3.308082368307e-56 -1.025995141742e-35 6.425440135876e-28 1.990589913867e-27 1.544418145631e-01 4.588031310441e+00
28 12 9.710987581484e-52 -1.385195831349e-33 -2.545068411301e-25 -2.967810224776e-25 -2.890102446523e-01 5.005125065936e+00
28 13 5.640493657350e-48 -5.185698334501e-32 2.548680644883e-23 1.980865314788e-23 -1.878576162191e-01 5.422218821430e+00
28 14 8.306189821769e-44 -3.992293182094e-30 -3.343234587266e-21 -2.572562248552e-21 2.742936963912e-01 5.839312576925e+00
28 15 0.000000000000e+00 -9.139968276108e-29 0.000000000000e+00 0.000000000000e+00 2.241894755038e-01 6.256406332420e+00
28 16 0.000000000000e+00 -4.800376535917e-27 0.000000000000e+00 0.000000000000e+00 -2.538400674932e-01 6.673500087914e+00
28 17 0.000000000000e+00 -7.674654658737e-26 0.000000000000e+00 0.000000000000e+00 -2.640445463008e-01 7.090593843409e+00
28 18 0.000000000000e+00 -3.091689420967e-24 0.000000000000e+00 0.000000000000e+00 2.250611199567e-01 7.507687598904e+00
28 19 0.000000000000e+00 0.000000000000e+00 0.000000000000e+00 0.000000000000e+00 3.079959634958e-01 7.924781354398e+00
28 20 0.000000000000e+00 0.000000000000e+00 0.000000000000e+00 0.000000000000e+00 -1.836672626843e-01 8.341875109893e+00
28 21 0.000000000000e+00 -1.225444717090e-20 0.000000000000e+00 0.000000000000e+00 -3.563258408605e-01 8.758968865388e+00
28 22 0.000000000000e+00 -3.744716253313e-19 0.000000000000e+00 0.000000000000e+00 1.219999497498e-01 9.176062620882e+00
28 23 0.000000000000e+00 -2.920279365716e-18 0.000000000000e+00 0.000000000000e+00 4.081654480349e-01 9.593156376377e+00
28 24 0.000000000000e+00 0.000000000000e+00 0.000000000000e+00 0.000000000000e+00 -2.469720512199e-02 1.001025013187e+01
28 25 0.000000000000e+00 0.000000000000e+00 0.000000000000e+00 0.000000000000e+00 -4.582702852819e-01 1.042734388737e+01
28 26 0.000000000000e+00 0.000000000000e+00 0.000000000000e+00 0.000000000000e+00 -1.465218365554e-01 1.084443764286e+01
28 27 0.000000000000e+00 0.000000000000e+00 0.000000000000e+00 0.000000000000e+00 4.805284414619e-01 1.126153139836e+01
28 28 0.000000000000e+00 0.000000000000e+00 0.000000000000e+00 0.000000000000e+00 5.706730434579e-01 1.167862515385e+01
29 1 3.084880233535e-139 -3.967474730151e-94 2.074964376150e-70 -5.423501316130e-70 3.185041477357e-01 4.170937554947e-01
29 2 4.717560208001e-120 -3.518890207821e-77 1.721835883214e-60 -4.202587377568e-60 2.529378414445e-02 8.341875109893e-01
29 3 9.411885728551e-108 -3.143244134048e-67 7.680082447598e-54 -5.797139584371e-54 -3.172915375698e-01 1.251281266484e+00
29 4 6.215255267733e-99 -1.164847464522e-60 3.193795269638e-49 8.182835846974e-50 -5.092357978679e-02 1.668375021979e+00
29 5 3.294597086297e-91 -2.679463886205e-55 3.880431805456e-46 2.975310143402e-45 3.147703196539e-01 2.085468777473e+00
29 6 5.531664383115e-85 -2.467568624586e-51 -4.512869713003e-42 1.183789406270e-42 7.723441604115e-02 2.502562532968e+00
29 7 6.410212044814e-79 -1.217455241697e-47 -8.981223376143e-40 -5.790223649072e-39 -3.107382122402e-01 2.919656288463e+00
29 8 7.533861187823e-74 -7.806166387797e-45 2.265595331487e-36 3.708005257356e-37 -1.045896886124e-01 3.336750043957e+00
29 9 1.263464746010e-68 -5.580138443009e-42 -6.663171336255e-34 8.213857066612e-34 3.048637941604e-01 3.753843799452e+00
29 10 3.340479509332e-64 -8.224047989345e-40 -3.304770001183e-32 -1.882061835327e-31 1.333809757690e-01 4.170937554947e+00
29 11 1.750688115241e-59 -1.896948143756e-37 3.573386468523e-29 3.222689651288e-29 -2.966457345454e-01 4.588031310441e+00
29 12 1.745722925736e-55 -1.121269334197e-35 -5.065307392072e-27 -1.349317159518e-27 -1.640379016494e-01 5.005125065936e+00
29 13 4.107879246600e-51 -1.255453963905e-33 8.708653975003e-25 -2.087847909269e-26 2.853436923542e-01 5.422218821430e+00
29 14 1.967519331229e-47 -4.018561376506e-32 -6.446292575500e-23 7.731194874211e-24 1.970362245274e-01 5.839312576925e+00
29 15 0.000000000000e+00 -2.764848354819e-30 0.000000000000e+00 0.000000000000e+00 -2.698609301661e-01 6.256406332420e+00
29 16 0.000000000000e+00 -5.721759068091e-29 0.000000000000e+00 0.000000000000e+00 -2.328987511690e-01 6.673500087914e+00
29 17 0.000000000000e+00 -2.808349481010e-27 0.000000000000e+00 0.000000000000e+00 2.485389682172e-01 7.090593843409e+00
29 18 0.000000000000e+00 -4.195557023948e-26 0.000000000000e+00 0.000000000000e+00 2.721741817661e-01 7.507687598904e+00
29 19 0.000000000000e+00 -1.628489497512e-24 0.000000000000e+00 0.000000000000e+00 -2.187799890200e-01 7.924781354398e+00
29 20 0.000000000000e+00 0.000000000000e+00 0.000000000000e+00 0.000000000000e+00 -3.153521232542e-01 8.341875109893e+00
29 21 0.000000000000e+00 -6.239122499711e-22 0.000000000000e+00 0.000000000000e+00 1.763001804137e-01 8.758968865388e+00
29 22 0.000000000000e+00 -5.806377834545e-21 0.000000000000e+00 0.000000000000e+00 3.625890679786e-01 9.176062620882e+00
29 23 0.000000000000e+00 -1.761754899985e-19 0.000000000000e+00 0.000000000000e+00 -1.134883732628e-01 9.593156376377e+00
29 24 0.000000000000e+00 -1.334681357478e-18 0.000000000000e+00 0.000000000000e+00 -4.128221647621e-01 1.001025013187e+01
29 25 0.000000000000e+00 -4.002729216045e-17 0.000000000000e+00 0.000000000000e+00 1.514589363694e-02 1.042734388737e+01
29 26 0.000000000000e+00 0.000000000000e+00 0.000000000000e+00 0.000000000000e+00 4.605178705130e-01 1.084443764286e+01
29 27 0.000000000000e+00 0.000000000000e+00 0.000000000000e+00 0.000000000000e+00 1.564957144663e-01 1.126153139836e+01
29 28 0.000000000000e+00 0.000000000000e+00 0.000000000000e+00 0.000000000000e+00 -4.793004595910e-01 1.167862515385e+01
29 29 0.000000000000e+00 0.000000000000e+00 0.000000000000e+00 0.000000000000e+00 -5.786929874545e-01 1.209571890934e+01
30 1 5.011784105114e-145 -2.934601532557e-98 2.442432127006e-73 -6.986897862302e-73 1.220910745516e-02 4.170937554947e-01
30 2 9.594710817877e-125 -2.573265025691e-80 6.601602111789e-63 -1.938880518619e-62 -3.180698481942e-01 8.341875109893e-01
30 3 1.329386492122e-112 -2.027305951777e-70 2.666776962126e-56 -2.442599248284e-56 -3.677868518406e-02 1.251281266484e+00
30 4 4.860141284435e-103 -3.282476268614e-63 2.894942485113e-51 3.453304710105e-52 3.163440471240e-01 1.668375021979e+00
30 5 1.225373549058e-95 -4.573612023290e-58 5.445423604799e-48 1.747001903887e-47 6.180613792929e-02 2.085468777473e+00
30 6 9.254875494467e-89 -1.490610291522e-53 -5.373052304297e-44 2.747483219823e-44 -3.133256149746e-01 2.502562532968e+00
30 7 4.379875510813e-83 -3.835876609631e-50 -1.964365633512e-41 -4.427192089366e-41 -8.760947711662e-02 2.919656288463e+00
30 8 2.123489693033e-77 -7.931815221240e-47 3.809244682207e-38 -5.872106988439e-39 3.087862790097e-01 3.336750043957e+00
30 9 1.331372418861e-72 -2.713118494954e-44 -3.314655286441e-36 1.033880096673e-35 1.145262796060e-01 3.753843799452e+00
30 10 1.400506325051e-67 -1.230176640752e-41 -2.227884046896e-33 -3.216367738378e-33 -3.023729439724e-01 4.170937554947e+00
30 11 2.579781137999e-63 -1.276898162945e-39 5.679827085159e-31 1.363844378171e-31 -1.429220762571e-01 4.588031310441e+00
30 12 1.018704003128e-58 -2.270639529278e-37 -1.206160364926e-28 3.855330968447e-29 2.935654924350e-01 5.005125065936e+00
30 13 8.030426495678e-55 -1.086777840804e-35 9.534200608556e-27 -7.579175317589e-27 1.731984126878e-01 5.422218821430e+00
30 14 1.557532100192e-50 -1.041015358415e-33 -1.204260964926e-24 1.373547771406e-24 -2.816067521206e-01 5.839312576925e+00
30 15 6.271463712977e-47 -2.914639967132e-32 8.221895294732e-23 -9.308116211841e-23 -2.057984213975e-01 6.256406332420e+00
30 16 0.000000000000e+00 -1.822383282744e-30 0.000000000000e+00 0.000000000000e+00 2.653848268258e-01 6.673500087914e+00
30 17 0.000000000000e+00 -3.452194457605e-29 0.000000000000e+00 0.000000000000e+00 2.412039730806e-01 7.090593843409e+00
30 18 0.000000000000e+00 -1.598317060073e-27 0.000000000000e+00 0.000000000000e+00 -2.432286495570e-01 7.507687598904e+00
30 19 0.000000000000e+00 -2.247382159161e-26 0.000000000000e+00 0.000000000000e+00 -2.799086309159e-01 7.924781354398e+00
30 20 0.000000000000e+00 0.000000000000e+00 0.000000000000e+00 0.000000000000e+00 2.125338565139e-01 8.341875109893e+00
30 21 0.000000000000e+00 0.000000000000e+00 0.000000000000e+00 0.000000000000e+00 3.223231856240e-01 8.758968865388e+00
30 22 0.000000000000e+00 -3.038694716948e-22 0.000000000000e+00 0.000000000000e+00 -1.690257414051e-01 9.176062620882e+00
30 23 0.000000000000e+00 -2.736261041337e-21 0.000000000000e+00 0.000000000000e+00 -3.684863609626e-01 9.593156376377e+00
30 24 0.000000000000e+00 -8.256843256567e-20 0.000000000000e+00 0.000000000000e+00 1.051433501174e-01 1.001025013187e+01
30 25 0.000000000000e+00 0.000000000000e+00 0.000000000000e+00 0.000000000000e+00 4.171557492504e-01 1.042734388737e+01
30 26 0.000000000000e+00 0.000000000000e+00 0.000000000000e+00 0.000000000000e+00 -5.849586050920e-03 1.084443764286e+01
30 27 0.000000000000e+00 0.000000000000e+00 0.000000000000e+00 0.000000000000e+00 -4.625370763775e-01 1.126153139836e+01
30 28 0.000000000000e+00 0.000000000000e+00 0.000000000000e+00 0.000000000000e+00 -1.661363530177e-01 1.167862515385e+01
30 29 0.000000000000e+00 0.000000000000e+00 0.000000000000e+00 0.000000000000e+00 4.780402072804e-01 1.209571890934e+01
30 30 0.000000000000e+00 0.000000000000e+00 0.000000000000e+00 0.000000000000e+00 5.864660613702e-01 1.251281266484e+01
