2 1 9.106050383426e-11 -2.111692366512e-05 -7.893087096155e-06 8.747557525456e-06 2.774388752822e-01 4.925745604755e-01
2 2 3.760330007789e-03 -1.079413761330e-03 9.711684811284e-02 1.161835616240e-01 9.345568574311e-02 9.851491209510e-01
3 1 3.527049628959e-17 -8.517262812310e-08 1.857689341175e-09 7.093547482321e-09 -3.416145315735e-01 4.925745604755e-01
3 2 1.036687768400e-09 -1.756657670870e-05 7.814729590010e-05 -1.465161139611e-05 -3.421786380289e-01 9.851491209510e-01
3 3 3.575331587939e-03 -6.562075356187e-04 1.689508335358e-01 -1.432150340772e-01 -1.381068127238e-01 1.477723681427e+00
4 1 4.694081437353e-24 -3.054379944788e-10 1.937041566690e-12 1.844976357590e-12 -8.786781836323e-02 4.925745604755e-01
4 2 2.732790999169e-16 -1.897513243173e-07 -2.331797536964e-08 -3.350692693605e-08 3.127096108375e-01 9.851491209510e-01
4 3 1.101610606977e-08 -1.055652149321e-05 -8.977211479737e-05 -3.782673617623e-04 3.822632901060e-01 1.477723681427e+00
4 4 2.750948807772e-03 -3.344854899326e-04 -1.053876017073e-01 -2.366305984470e-01 1.742176640635e-01 1.970298241902e+00
5 1 4.590000991358e-30 -1.058498193028e-12 2.386630486150e-15 1.140786303381e-15 3.264239007594e-01 4.925745604755e-01
5 2 4.450311357900e-23 -1.501132185997e-09 -1.640010391256e-11 1.553810530415e-12 1.447723829819e-01 9.851491209510e-01
5 3 2.312629202948e-15 -1.803548923472e-07 4.268091148986e-08 1.729407573982e-07 -2.862424251084e-01 1.477723681427e+00
5 4 6.793778486602e-08 -5.804302634766e-06 -1.204392443102e-03 -4.544926242339e-04 -4.106119741756e-01 1.970298241902e+00
5 5 2.036424308755e-03 -1.674287745968e-04 -2.784599394175e-01 -8.522898868274e-03 -2.054696340186e-01 2.462872802378e+00
6 1 7.756201665605e-37 -2.284609173706e-15 1.065997347560e-18 2.146457328518e-19 5.457171432422e-02 4.925745604755e-01
6 2 6.305821120214e-29 -1.393815286835e-11 -1.432233164698e-14 1.339390153897e-14 -3.174461462453e-01 9.851491209510e-01
6 3 2.876394617843e-22 -2.010432544728e-09 6.034814623027e-11 -1.745353102611e-11 -1.881369603936e-01 1.477723681427e+00
6 4 0.000000000000e+00 -1.315804284261e-07 0.000000000000e+00 0.000000000000e+00 2.609750547595e-01 1.970298241902e+00
6 5 1.975293000867e-07 -3.086491055985e-06 -2.582204488642e-03 9.276276089193e-04 4.318292331431e-01 2.462872802378e+00
6 6 1.502569704248e-03 -8.462548562374e-05 -1.580663526406e-01 2.397464799159e-01 2.333120313386e-01 2.955447362853e+00
7 1 5.097114592867e-43 -5.689202224559e-18 8.814623973952e-22 8.527366919809e-24 -3.224845456232e-01 4.925745604755e-01
7 2 2.071692774541e-35 -7.734812783544e-14 -3.470709155092e-18 1.069041418419e-17 -9.577227995473e-02 9.851491209510e-01
7 3 3.572027383586e-28 -2.988019125125e-11 1.812999909207e-14 -6.761850819681e-14 3.074351649210e-01 1.477723681427e+00
7 4 2.239051570208e-21 -1.777458936389e-09 -2.336236691798e-10 -5.871462199658e-12 2.233230041148e-01 1.970298241902e+00
7 5 0.000000000000e+00 -8.541498631655e-08 0.000000000000e+00 0.000000000000e+00 -2.367476818661e-01 2.462872802378e+00
7 6 3.479084086872e-07 -1.618025957004e-06 -2.352645321427e-03 3.682229065812e-03 -4.482106009412e-01 2.955447362853e+00
7 7 1.114330393160e-03 -4.335938123672e-05 1.036362385060e-01 2.692580121705e-01 -2.585224857697e-01 3.448021923329e+00
8 1 6.764120378652e-50 -7.466249958468e-21 3.174487735840e-25 -4.841937577130e-26 -4.011390197229e-02 4.925745604755e-01
8 2 2.864139882743e-41 -5.595991627935e-16 1.048339890837e-21 1.317401930912e-20 3.180470653055e-01 9.851491209510e-01
8 3 1.270112651236e-34 -2.550818718470e-13 -2.062206413576e-17 -3.629564820411e-17 1.295400473719e-01 1.477723681427e+00
8 4 2.118394072488e-27 -3.520560366356e-11 -3.706847612811e-14 2.242707463656e-13 -2.965944891720e-01 1.970298241902e+00
8 5 0.000000000000e+00 -1.302414848059e-09 0.000000000000e+00 0.000000000000e+00 -2.528123860949e-01 2.462872802378e+00
8 6 0.000000000000e+00 -5.214188976493e-08 0.000000000000e+00 0.000000000000e+00 2.135433870395e-01 2.955447362853e+00
8 7 4.650031589896e-07 -8.429220962399e-07 5.585372420149e-04 5.867172785289e-03 4.611044498597e-01 3.448021923329e+00
8 8 8.319131500347e-04 -2.249046083474e-05 2.721125594220e-01 8.439303251906e-02 2.815942147184e-01 3.940596483804e+00
9 1 2.940012389693e-56 -1.317595111521e-23 2.030538788168e-28 -5.991026115995e-29 3.208637723405e-01 4.925745604755e-01
9 2 9.242023529832e-48 -2.100652650633e-18 3.000891509345e-24 6.881282013220e-24 7.253315363538e-02 9.851491209510e-01
9 3 2.071086754450e-40 -3.113574987514e-15 -4.815386170993e-20 -2.286518341272e-20 -3.126954906720e-01 1.477723681427e+00
9 4 6.650632673477e-34 -3.849512838134e-13 1.004121831631e-16 7.835484749636e-17 -1.583816300188e-01 1.970298241902e+00
9 5 1.527339407073e-26 -3.146630859222e-11 3.262174050035e-13 -6.896989253380e-13 2.851703898476e-01 2.462872802378e+00
9 6 0.000000000000e+00 -8.624654154917e-10 0.000000000000e+00 0.000000000000e+00 2.780232854241e-01 2.955447362853e+00
9 7 0.000000000000e+00 -3.070448693561e-08 0.000000000000e+00 0.000000000000e+00 -1.913504926504e-01 3.448021923329e+00
9 8 5.300112530237e-07 -4.380223120421e-07 5.010866640181e-03 5.157802293324e-03 -4.713819742033e-01 3.940596483804e+00
9 9 6.250176622907e-04 -1.178349590155e-05 2.343014164770e-01 -1.492722330098e-01 -3.028735168814e-01 4.433171044280e+00
10 1 2.934859180645e-63 -1.140627693838e-26 6.142475186060e-32 -2.647934225609e-32 3.186742006383e-02 4.925745604755e-01
10 2 1.015739144492e-53 -1.145750338717e-20 5.021574480648e-27 6.059954535789e-27 -3.182020235466e-01 9.851491209510e-01
10 3 8.870730816116e-47 -1.939651439141e-17 -3.480472388479e-23 2.393683565048e-24 -1.001107713355e-01 1.477723681427e+00
10 4 1.036904515850e-39 -6.475330983859e-15 1.564891837928e-19 -2.833902799701e-20 3.066144778137e-01 1.970298241902e+00
10 5 3.895144348666e-33 -4.036072120612e-13 -3.127706153876e-16 -2.250044437668e-16 1.836077604854e-01 2.462872802378e+00
10 6 0.000000000000e+00 -2.417300475824e-11 0.000000000000e+00 0.000000000000e+00 -2.733726747247e-01 2.955447362853e+00
10 7 0.000000000000e+00 -5.374591517427e-10 0.000000000000e+00 0.000000000000e+00 -2.998719373050e-01 3.448021923329e+00
10 8 0.000000000000e+00 -1.767501544142e-08 0.000000000000e+00 0.000000000000e+00 1.701435901334e-01 3.940596483804e+00
10 9 5.470519810485e-07 -2.274711935314e-07 8.166406829309e-03 9.282669359260e-04 4.796417177219e-01 4.433171044280e+00
10 10 4.722002750826e-04 -6.223054358850e-06 4.316469632212e-02 -2.648077487461e-01 3.226198214402e-01 4.925745604755e+00
11 1 8.881838302134e-70 -1.475855642504e-29 3.206308252107e-35 -1.805502026232e-35 -3.200360596089e-01 4.925745604755e-01
11 2 2.791589535861e-60 -3.037116403445e-23 3.330347787336e-30 2.435519533549e-30 -5.867247153307e-02 9.851491209510e-01
11 3 1.358692444693e-52 -1.870789635313e-19 -3.783398594780e-26 2.080307699714e-26 3.148332858198e-01 1.477723681427e+00
11 4 4.669189683644e-46 -5.457903013489e-17 6.792263950124e-23 -8.231347427377e-23 1.242864065518e-01 1.970298241902e+00
11 5 5.281259211516e-39 -8.463101882777e-15 -4.011793459017e-19 2.008368852729e-19 -2.999543373551e-01 2.462872802378e+00
11 6 2.710090399950e-32 -3.462273579573e-13 7.690541457565e-16 9.465174042817e-16 -2.060093334978e-01 2.955447362853e+00
11 7 0.000000000000e+00 -1.693341353876e-11 0.000000000000e+00 0.000000000000e+00 2.613645546080e-01 3.448021923329e+00
11 8 0.000000000000e+00 -3.220350604330e-10 0.000000000000e+00 0.000000000000e+00 3.189980220224e-01 3.940596483804e+00
11 9 0.000000000000e+00 -1.002222789187e-08 0.000000000000e+00 0.000000000000e+00 -1.498854433110e-01 4.433171044280e+00
11 10 5.286528245045e-07 -1.181685076597e-07 7.502418725686e-03 -4.930128582503e-03 -4.863128474075e-01 4.925745604755e+00
11 11 3.584550336413e-04 -3.307045904102e-06 -1.577262222717e-01 -2.030864812757e-01 -3.410360097790e-01 5.418320165231e+00
12 1 6.767785223297e-77 -8.999909443277e-33 8.332099756000e-39 -5.809487374052e-39 -2.649056976064e-02 4.925745604755e-01
12 2 2.377661812720e-66 -1.268699389407e-25 3.487386782988e-33 1.528723287818e-33 3.182571130870e-01 9.851491209510e-01
12 3 5.601578916958e-59 -8.684248348624e-22 -1.758270117519e-29 2.143377893512e-29 8.203121613208e-02 1.477723681427e+00
12 4 7.903324784861e-52 -7.510822945854e-19 1.314625388008e-26 -1.382201357069e-25 -3.108993994280e-01 1.970298241902e+00
12 5 2.230601175983e-45 -8.718192443899e-17 -5.929697658956e-23 2.854767078019e-22 -1.458867713792e-01 2.462872802378e+00
12 6 3.058217736118e-38 -8.543226965882e-15 1.159533605134e-18 -5.778225974098e-19 2.928418906926e-01 2.955447362853e+00
12 7 0.000000000000e+00 -2.626908981182e-13 0.000000000000e+00 0.000000000000e+00 2.261132162344e-01 3.448021923329e+00
12 8 0.000000000000e+00 -1.116575264640e-11 0.000000000000e+00 0.000000000000e+00 -2.492689628255e-01 3.940596483804e+00
12 9 0.000000000000e+00 -1.878666124343e-10 0.000000000000e+00 0.000000000000e+00 -3.358720752790e-01 4.433171044280e+00
12 10 0.000000000000e+00 -5.623806768254e-09 0.000000000000e+00 0.000000000000e+00 1.305315562536e-01 4.925745604755e+00
12 11 4.879386787995e-07 -6.143904469779e-08 2.705362923693e-03 -9.093273846926e-03 4.917129269776e-01 5.418320165231e+00
12 12 2.732178708950e-04 -1.766014387947e-06 -2.435737207510e-01 -2.550132929149e-02 3.582855108107e-01 5.910894725706e+00
13 1 1.496491246033e-83 -8.845216243393e-36 3.666190070495e-42 -3.061514359024e-42 3.195554981446e-01 4.925745604755e-01
13 2 5.390873664182e-73 -2.481107644289e-28 1.771054585878e-36 3.881921504110e-37 4.937708247867e-02 9.851491209510e-01
13 3 7.375526235360e-65 -6.650106202400e-24 -1.092670113274e-32 2.987570727657e-32 -3.159267406974e-01 1.477723681427e+00
13 4 3.832451862991e-58 -4.919769249881e-21 -3.994763026190e-29 -8.804672553829e-29 -1.028596481302e-01 1.970298241902e+00
13 5 3.715630516557e-51 -1.534713661310e-18 1.996115458269e-25 3.190078747667e-25 3.064999745274e-01 2.462872802378e+00
13 6 1.139728415954e-44 -1.014478405838e-16 -3.890575023829e-24 -7.908763646096e-22 1.654352694069e-01 2.955447362853e+00
13 7 0.000000000000e+00 -7.355415574281e-15 0.000000000000e+00 0.000000000000e+00 -2.853828126252e-01 3.448021923329e+00
13 8 0.000000000000e+00 -1.838511292418e-13 0.000000000000e+00 0.000000000000e+00 -2.442958039339e-01 3.940596483804e+00
13 9 0.000000000000e+00 -7.060988511463e-12 0.000000000000e+00 0.000000000000e+00 2.371772386990e-01 4.433171044280e+00
13 10 0.000000000000e+00 -1.075381783937e-10 0.000000000000e+00 0.000000000000e+00 3.508532837708e-01 4.925745604755e+00
13 11 0.000000000000e+00 -3.132205613339e-09 0.000000000000e+00 0.000000000000e+00 -1.120339422782e-01 5.418320165231e+00
13 12 4.356132560463e-07 -3.197919245239e-08 -3.944038605474e-03 -8.948355888459e-03 -4.960827181848e-01 5.910894725706e+00
13 13 2.089715560792e-04 -9.466860571648e-07 -1.790755851763e-01 1.475500741738e-01 -3.745028070246e-01 6.403469286182e+00
14 1 8.911302540283e-91 -3.992930901196e-39 8.320069890266e-46 -8.162604813925e-46 2.269115452808e-02 4.925745604755e-01
14 2 3.595131213762e-79 -8.125486127330e-31 1.479616611280e-39 5.502283663552e-41 -3.182808411837e-01 9.851491209510e-01
14 3 2.717324799700e-71 -2.367864950068e-26 -9.128585994673e-37 1.928714975547e-35 -6.967097826962e-02 1.477723681427e+00
14 4 6.132769254811e-64 -5.531560092077e-23 -9.469756296841e-32 -7.740347698142e-32 3.131533466209e-01 1.970298241902e+00
14 5 1.868714511265e-57 -1.270236442980e-20 2.511349206472e-28 9.028866296793e-29 1.217237173258e-01 2.462872802378e+00
14 6 1.751681685141e-50 -2.142897789648e-18 -7.952630497589e-25 -5.735038357856e-25 -3.017149323998e-01 2.955447362853e+00
14 7 6.588873601978e-44 -9.703733538776e-17 -6.096941844060e-23 2.217693267273e-21 -1.832890674305e-01 3.448021923329e+00
14 8 0.000000000000e+00 -5.700185880011e-15 0.000000000000e+00 0.000000000000e+00 2.776640648749e-01 3.940596483804e+00
14 9 0.000000000000e+00 -1.216682174287e-13 0.000000000000e+00 0.000000000000e+00 2.608399033084e-01 4.433171044280e+00
14 10 0.000000000000e+00 -4.332706245842e-12 0.000000000000e+00 0.000000000000e+00 -2.251567182840e-01 4.925745604755e+00
14 11 0.000000000000e+00 -6.070874206175e-11 0.000000000000e+00 0.000000000000e+00 -3.642234847004e-01 5.418320165231e+00
14 12 0.000000000000e+00 -1.734945481524e-09 0.000000000000e+00 0.000000000000e+00 9.434371975293e-02 5.910894725706e+00
14 13 3.793406948218e-07 -1.666566622524e-08 -8.908536000706e-03 -4.286105680976e-03 4.996083378232e-01 6.403469286182e+00
14 14 1.603059505601e-04 -5.090006057953e-07 -2.150646132886e-02 2.177999390081e-01 3.898003433016e-01 6.896043846657e+00
15 1 1.497187541747e-97 -3.072575824290e-42 3.154588087364e-49 -3.587897537929e-49 -3.192514422966e-01 4.925745604755e-01
15 2 6.714324837316e-86 -1.215895331355e-33 6.347148990626e-43 -8.107483694425e-44 -4.267772681908e-02 9.851491209510e-01
15 3 3.003861070589e-77 -1.461259624381e-28 4.572257741646e-39 1.977968145831e-38 3.165664905823e-01 1.477723681427e+00
15 4 2.868281614970e-70 -2.869705294798e-25 -8.057609520360e-35 -2.244431693203e-35 8.799448987556e-02 1.970298241902e+00
15 5 3.205966659073e-63 -1.869026990532e-22 3.393059761244e-31 -8.401098330172e-32 -3.100091335002e-01 2.462872802378e+00
15 6 8.494049494496e-57 -2.100232435687e-20 -6.699712848130e-28 1.315486031777e-28 -1.389982468154e-01 2.955447362853e+00
15 7 9.002416998832e-50 -2.360890058897e-18 2.310908033872e-24 1.176647265134e-24 2.966113784003e-01 3.448021923329e+00
15 8 0.000000000000e+00 -8.150276306720e-17 0.000000000000e+00 0.000000000000e+00 1.997064476558e-01 3.940596483804e+00
15 9 0.000000000000e+00 -4.105109552949e-15 0.000000000000e+00 0.000000000000e+00 -2.697566776701e-01 4.433171044280e+00
15 10 0.000000000000e+00 -7.732775847099e-14 0.000000000000e+00 0.000000000000e+00 -2.759660568198e-01 4.925745604755e+00
15 11 0.000000000000e+00 -2.599691787189e-12 0.000000000000e+00 0.000000000000e+00 2.132566805619e-01 5.418320165231e+00
15 12 0.000000000000e+00 -3.391712626341e-11 0.000000000000e+00 0.000000000000e+00 3.762085616773e-01 5.910894725706e+00
15 13 0.000000000000e+00 -9.570416890053e-10 0.000000000000e+00 0.000000000000e+00 -7.741276675188e-02 6.403469286182e+00
15 14 3.240974102925e-07 -8.696147517529e-09 -9.507766126788e-03 2.538214800314e-03 -5.024359805071e-01 6.896043846657e+00
15 15 1.232860539282e-04 -2.743173149852e-07 1.287078445498e-01 1.603826597231e-01 -4.042733173093e-01 7.388618407133e+00
16 1 7.128141415512e-105 -1.066576726615e-45 6.329303376878e-53 -8.282966451538e-53 -1.985715563105e-02 4.925745604755e-01
16 2 3.569351365618e-92 -3.192566768041e-36 4.486023232407e-46 -1.281139975808e-46 3.182924810403e-01 9.851491209510e-01
16 3 9.638487156367e-84 -4.099017677391e-31 5.300706364017e-42 1.020520838101e-41 6.063732970235e-02 1.477723681427e+00
16 4 4.117467235288e-76 -2.660796640806e-27 -9.969089444231e-38 1.024540561372e-38 -3.144962392781e-01 1.970298241902e+00
16 5 1.669408376897e-69 -1.258024114015e-24 1.809650767088e-34 -1.757169314666e-34 -1.047547569346e-01 2.462872802378e+00
16 6 1.451359396301e-62 -3.776305400571e-22 -5.441983508754e-31 7.073730356198e-31 3.065494235682e-01 2.955447362853e+00
16 7 4.024447500843e-56 -2.628266466530e-20 1.516091696223e-27 -8.412630010236e-28 1.549459542113e-01 3.448021923329e+00
16 8 0.000000000000e+00 -2.221177102180e-18 0.000000000000e+00 0.000000000000e+00 -2.912463694419e-01 3.940596483804e+00
16 9 0.000000000000e+00 -6.251383765397e-17 0.000000000000e+00 0.000000000000e+00 -2.148828073884e-01 4.433171044280e+00
16 10 0.000000000000e+00 -2.803247708568e-15 0.000000000000e+00 0.000000000000e+00 2.617184509451e-01 4.925745604755e+00
16 11 0.000000000000e+00 -4.768789750252e-14 0.000000000000e+00 0.000000000000e+00 2.898511494775e-01 5.418320165231e+00
16 12 0.000000000000e+00 -1.533401859920e-12 0.000000000000e+00 0.000000000000e+00 -2.015128375812e-01 5.910894725706e+00
16 13 0.000000000000e+00 -1.879852955718e-11 0.000000000000e+00 0.000000000000e+00 -3.869926304607e-01 6.403469286182e+00
16 14 0.000000000000e+00 -5.262661204778e-10 0.000000000000e+00 0.000000000000e+00 6.119471570261e-02 6.896043846657e+00
16 15 2.727989155269e-07 -4.543358106932e-09 -5.454847285799e-03 7.988573271171e-03 5.046820389481e-01 7.388618407133e+00
16 16 9.502280865667e-05 -1.481131441435e-07 1.910237083863e-01 2.437984405991e-02 4.180031411666e-01 7.881192967608e+00
17 1 9.388991557726e-112 -6.589920444632e-49 2.099955809449e-56 -3.146996106996e-56 3.190467631423e-01 4.925745604755e-01
17 2 5.534792310602e-99 -3.765317728396e-39 1.678357234564e-49 -7.471314125312e-50 3.760626837825e-02 9.851491209510e-01
17 3 8.926092020709e-90 -2.072188408727e-33 7.220145394819e-45 8.386830757512e-45 -3.169753802450e-01 1.477723681427e+00
17 4 1.771396170991e-82 -1.114911261003e-29 -5.932529700955e-41 2.830658640755e-41 -7.701302442083e-02 1.970298241902e+00
17 5 2.732340390627e-75 -1.555889081548e-26 1.023884852334e-37 -3.060262364868e-37 3.121253619995e-01 2.462872802378e+00
17 6 7.776715043581e-69 -3.076973416214e-24 -6.044555470603e-36 6.532699274037e-34 1.202322995658e-01 2.955447362853e+00
17 7 6.539957974601e-62 -5.523756194145e-22 4.487200565474e-31 -2.164253010491e-30 -3.028198739968e-01 3.448021923329e+00
17 8 2.085589659983e-55 -2.730133311181e-20 -3.679212294316e-27 2.609963466318e-27 -1.697597422413e-01 3.940596483804e+00
17 9 0.000000000000e+00 -1.870813140888e-18 0.000000000000e+00 0.000000000000e+00 2.856685335269e-01 4.433171044280e+00
17 10 0.000000000000e+00 -4.488821880187e-17 0.000000000000e+00 0.000000000000e+00 2.289712887668e-01 4.925745604755e+00
17 11 0.000000000000e+00 -1.839508169214e-15 0.000000000000e+00 0.000000000000e+00 -2.535963419502e-01 5.418320165231e+00
17 12 0.000000000000e+00 -2.873885154659e-14 0.000000000000e+00 0.000000000000e+00 -3.026401616781e-01 5.910894725706e+00
17 13 0.000000000000e+00 -8.924746572185e-13 0.000000000000e+00 0.000000000000e+00 1.899506863607e-01 6.403469286182e+00
17 14 0.000000000000e+00 -1.035452470530e-11 0.000000000000e+00 0.000000000000e+00 3.967278401557e-01 6.896043846657e+00
17 15 0.000000000000e+00 -2.886778533159e-10 0.000000000000e+00 0.000000000000e+00 -4.564550839601e-02 7.388618407133e+00
17 16 2.269094947877e-07 -2.376612207157e-09 1.058948263201e-03 9.350631869018e-03 -5.064402548072e-01 7.881192967608e+00
17 17 7.337766641309e-05 -8.008829399546e-08 1.447900008692e-01 -1.066037355733e-01 -4.310600250293e-01 8.373767528084e+00
18 1 3.646778706461e-119 -1.812311923443e-52 3.757797570160e-60 -6.440002922348e-60 1.765904638137e-02 4.925745604755e-01
18 2 2.388797443698e-105 -8.084782321534e-42 1.029055062379e-52 -6.306522627593e-53 -3.182987591676e-01 9.851491209510e-01
18 3 2.476936855470e-96 -4.685707637314e-36 4.659568431154e-48 3.503277359382e-48 -5.372452188687e-02 1.477723681427e+00
18 4 2.235921015105e-88 -8.627198158336e-32 -5.350892920377e-44 5.089801367184e-44 3.153658497648e-01 1.970298241902e+00
18 5 1.378665651146e-81 -8.639619734079e-29 -2.604415437923e-41 -2.277403363396e-40 9.210824961336e-02 2.462872802378e+00
18 6 1.341541346436e-74 -4.724604909544e-26 4.664013818864e-37 7.202279954343e-37 -3.094950289950e-01 2.955447362853e+00
18 7 3.427691666347e-68 -5.208303540263e-24 -8.565621757530e-34 -1.351585296203e-33 -1.346290413610e-01 3.448021923329e+00
18 8 3.128734377026e-61 -6.504712526919e-22 2.772596891080e-31 5.518089290479e-30 2.988594858983e-01 3.940596483804e+00
18 9 0.000000000000e+00 -2.488026392823e-20 0.000000000000e+00 0.000000000000e+00 1.835867656844e-01 4.433171044280e+00
18 10 0.000000000000e+00 -1.453616745490e-18 0.000000000000e+00 0.000000000000e+00 -2.799193068357e-01 4.925745604755e+00
18 11 0.000000000000e+00 -3.067671844277e-17 0.000000000000e+00 0.000000000000e+00 -2.420953143933e-01 5.418320165231e+00
18 12 0.000000000000e+00 -1.170714017105e-15 0.000000000000e+00 0.000000000000e+00 2.454284752213e-01 5.910894725706e+00
18 13 0.000000000000e+00 -1.701003436902e-14 0.000000000000e+00 0.000000000000e+00 3.144539759331e-01 6.403469286182e+00
18 14 0.000000000000e+00 -5.139650471928e-13 0.000000000000e+00 0.000000000000e+00 -1.785880082517e-01 6.896043846657e+00
18 15 0.000000000000e+00 -5.675486410817e-12 0.000000000000e+00 0.000000000000e+00 -4.055413734639e-01 7.388618407133e+00
18 16 0.000000000000e+00 -1.580444525852e-10 0.000000000000e+00 0.000000000000e+00 3.072366590563e-02 7.881192967608e+00
18 17 1.869377884043e-07 -1.244658380949e-09 6.668723335995e-03 6.155370839039e-03 5.077868882714e-01 8.373767528084e+00
18 18 5.675639076020e-05 -4.335560007767e-08 2.991939141681e-02 -1.647383853670e-01 4.435049550776e-01 8.866342088559e+00
19 1 3.862312695603e-126 -9.180742267645e-56 1.102343988523e-63 -2.161685590840e-63 -3.189023591081e-01 4.925745604755e-01
19 2 3.108471919023e-112 -7.698845934601e-45 3.404965985587e-56 -2.713210490101e-56 -3.362708359452e-02 9.851491209510e-01
19 3 1.932436117434e-102 -1.970550709526e-38 4.649422376714e-51 2.212835596819e-51 3.172536132060e-01 1.477723681427e+00
19 4 8.665253691951e-95 -2.972235229202e-34 -2.275734922057e-47 3.994639163227e-47 6.853899683256e-02 1.970298241902e+00
19 5 2.077403901575e-87 -9.060303243866e-31 -1.386485929001e-43 -2.448488658914e-43 -3.135076422184e-01 2.462872802378e+00
19 6 7.314232804802e-81 -3.233940176620e-28 5.670220470507e-40 2.826701136906e-40 -1.061392684171e-01 2.955447362853e+00
19 7 5.922587077533e-74 -9.472217762468e-26 -2.001962864251e-36 -6.452210096107e-37 3.066384941133e-01 3.448021923329e+00
19 8 1.550507121260e-67 -6.880070842376e-24 3.156426720736e-33 2.272626839284e-33 1.480958462934e-01 3.940596483804e+00
19 9 1.637039013219e-60 -6.573878314035e-22 -1.786793641563e-30 -1.410512799248e-29 -2.947020745865e-01 4.433171044280e+00
19 10 0.000000000000e+00 -2.060691322510e-20 0.000000000000e+00 0.000000000000e+00 -1.965428646949e-01 4.925745604755e+00
19 11 0.000000000000e+00 -1.063001467550e-18 0.000000000000e+00 0.000000000000e+00 2.740339814313e-01 5.418320165231e+00
19 12 0.000000000000e+00 -2.018189594757e-17 0.000000000000e+00 0.000000000000e+00 2.543565942564e-01 5.910894725706e+00
19 13 0.000000000000e+00 -7.273861882407e-16 0.000000000000e+00 0.000000000000e+00 -2.372457928948e-01 6.403469286182e+00
19 14 0.000000000000e+00 -9.924605812343e-15 0.000000000000e+00 0.000000000000e+00 -3.253947824130e-01 6.896043846657e+00
19 15 0.000000000000e+00 -2.934666386185e-13 0.000000000000e+00 0.000000000000e+00 1.674367389178e-01 7.388618407133e+00
19 16 0.000000000000e+00 -3.098622497494e-12 0.000000000000e+00 0.000000000000e+00 4.135405840514e-01 7.881192967608e+00
19 17 0.000000000000e+00 -8.639149603548e-11 0.000000000000e+00 0.000000000000e+00 -1.639037732467e-02 8.373767528084e+00
19 18 1.528039022905e-07 -6.525722486651e-10 8.683127947621e-03 2.798515036028e-04 -5.087845281487e-01 8.866342088559e+00
19 19 4.396324313191e-05 -2.349176612865e-08 -8.425667540847e-02 -1.307499178276e-01 -4.553912387407e-01 9.358916649035e+00
20 1 1.245327705971e-133 -2.048762767717e-59 1.768573784862e-67 -3.982086157309e-67 -1.590287114459e-02 4.925745604755e-01
20 2 1.107704978661e-118 -1.375060232527e-47 1.832229193710e-59 -1.843275646948e-59 3.183024004387e-01 9.851491209510e-01
20 3 4.641357541694e-109 -3.662464447513e-41 2.441153991705e-54 6.394442742250e-55 4.825328706687e-02 1.477723681427e+00
20 4 9.558410147953e-101 -1.942595719926e-36 -1.174006198035e-50 4.683630011318e-50 -3.159636109840e-01 1.970298241902e+00
20 5 9.823264303414e-94 -4.208540113343e-33 -1.500396880659e-46 -1.221748645408e-46 -8.228213870559e-02 2.462872802378e+00
20 6 1.212823798636e-86 -4.268005942105e-30 8.155400632845e-43 -2.260179217681e-44 3.114329404494e-01 2.955447362853e+00
20 7 3.305691117172e-80 -7.620736670659e-28 -1.490741874441e-39 4.970271354342e-40 1.192656409968e-01 3.448021923329e+00
20 8 2.592372383686e-73 -1.434363042056e-25 4.944303579274e-36 -9.202777740841e-37 -3.035839256717e-01 3.940596483804e+00
20 9 7.495712472399e-67 -7.627197057673e-24 -8.799414233717e-33 -3.889726472935e-33 -1.607490665343e-01 4.433171044280e+00
20 10 0.000000000000e+00 -5.940020140178e-22 0.000000000000e+00 0.000000000000e+00 2.903771420845e-01 4.925745604755e+00
20 11 0.000000000000e+00 -1.588214002531e-20 0.000000000000e+00 0.000000000000e+00 2.087216226794e-01 5.418320165231e+00
20 12 0.000000000000e+00 -7.418371721504e-19 0.000000000000e+00 0.000000000000e+00 -2.680426118618e-01 5.910894725706e+00
20 13 0.000000000000e+00 -1.288637559438e-17 0.000000000000e+00 0.000000000000e+00 -2.658404635923e-01 6.403469286182e+00
20 14 0.000000000000e+00 -4.433404701638e-16 0.000000000000e+00 0.000000000000e+00 2.290733932653e-01 6.896043846657e+00
20 15 0.000000000000e+00 -5.723856158597e-15 0.000000000000e+00 0.000000000000e+00 3.355499534874e-01 7.388618407133e+00
20 16 0.000000000000e+00 -1.663981871140e-13 0.000000000000e+00 0.000000000000e+00 -1.565043748087e-01 7.881192967608e+00
20 17 0.000000000000e+00 -1.686372354022e-12 0.000000000000e+00 0.000000000000e+00 -4.208168526855e-01 8.373767528084e+00
20 18 0.000000000000e+00 -4.716466361672e-11 0.000000000000e+00 0.000000000000e+00 2.609476069027e-03 8.866342088559e+00
20 19 1.240944274900e-07 -3.425062538287e-10 6.419031404350e-03 -5.204820359548e-03 5.094849470649e-01 9.358916649035e+00
20 20 3.409663813598e-05 -1.273784004254e-08 -1.397092241955e-01 -3.568319127036e-02 4.667657319889e-01 9.851491209510e+00
21 1 1.082739790938e-140 -8.659543580262e-63 4.612411684535e-71 -1.199116217792e-70 3.187966560415e-01 4.925745604755e-01
21 2 1.222987902511e-125 -1.078510310337e-50 5.383615196850e-63 -6.752323384161e-63 3.041823165430e-02 9.851491209510e-01
21 3 3.075870190592e-115 -1.299136542047e-43 2.047815951264e-57 1.632866123847e-58 -3.174520086842e-01 1.477723681427e+00
21 4 3.308618122003e-107 -5.589786182165e-39 2.699538956134e-55 2.840701608458e-53 -6.178617314662e-02 1.970298241902e+00
21 5 1.340172675172e-99 -3.777738762012e-35 -2.132714944247e-49 -7.478086026335e-50 3.144641657699e-01 2.462872802378e+00
21 6 6.435215563021e-93 -2.480818389237e-32 5.266431457111e-46 -2.753571644190e-46 9.512445356830e-02 2.955447362853e+00
21 7 5.715673468243e-86 -1.205166239464e-29 -1.278977239950e-42 1.622904329339e-42 -3.091672999023e-01 3.448021923329e+00
21 8 1.427104848761e-79 -1.312160668559e-27 2.258746232527e-39 -2.970172814166e-39 -1.316087021598e-01 3.940596483804e+00
21 9 1.184000871261e-72 -1.780089059359e-25 -1.055538846442e-35 5.898162186245e-36 3.003558094854e-01 4.433171044280e+00
21 10 0.000000000000e+00 -7.434745161366e-24 0.000000000000e+00 0.000000000000e+00 1.726809006434e-01 4.925745604755e+00
21 11 0.000000000000e+00 -4.932283954765e-22 0.000000000000e+00 0.000000000000e+00 -2.859104942575e-01 5.418320165231e+00
21 12 0.000000000000e+00 -1.157885410022e-20 0.000000000000e+00 0.000000000000e+00 -2.202002809475e-01 5.910894725706e+00
21 13 0.000000000000e+00 -4.989847872155e-19 0.000000000000e+00 0.000000000000e+00 2.619707969674e-01 6.403469286182e+00
21 14 0.000000000000e+00 -8.033628582760e-18 0.000000000000e+00 0.000000000000e+00 2.766195751871e-01 6.896043846657e+00
21 15 0.000000000000e+00 -2.660339964291e-16 0.000000000000e+00 0.000000000000e+00 -2.209316109133e-01 7.388618407133e+00
21 16 0.000000000000e+00 -3.269966444964e-15 0.000000000000e+00 0.000000000000e+00 -3.449949023315e-01 7.881192967608e+00
21 17 0.000000000000e+00 -9.380533586265e-14 0.000000000000e+00 0.000000000000e+00 1.457950372944e-01 8.373767528084e+00
21 18 0.000000000000e+00 -9.154012145126e-13 0.000000000000e+00 0.000000000000e+00 4.274485372630e-01 8.866342088559e+00
21 19 0.000000000000e+00 -2.572262398249e-11 0.000000000000e+00 0.000000000000e+00 1.065265133535e-02 9.358916649035e+00
21 20 1.002345129181e-07 -1.799470334938e-10 1.366618713665e-03 -7.697717340446e-03 -5.099312721894e-01 9.851491209510e+00
21 21 2.647368032020e-05 -6.910634934944e-09 -1.174016834702e-01 6.336459178151e-02 -4.776698272852e-01 1.034406576999e+01
22 1 2.941714545846e-148 -1.599123932765e-66 6.639326968949e-75 -2.010920187129e-74 1.446670654513e-02 4.925745604755e-01
22 2 3.652447444488e-132 -1.626008853885e-53 2.545354732680e-66 -3.974117392558e-66 -3.183046375216e-01 9.851491209510e-01
22 3 6.421413168698e-122 -2.017663871179e-46 9.350652958857e-61 -8.182651116466e-62 -4.380950425869e-02 1.477723681427e+00
22 4 3.190114269422e-113 -3.120624936776e-41 6.874929726944e-57 2.703445133962e-56 3.163933658887e-01 1.970298241902e+00
22 5 5.837837413915e-106 -1.486633972468e-37 -1.491490148693e-52 -1.960777397561e-54 7.440782276818e-02 2.462872802378e+00
22 6 9.992826883360e-99 -2.835190522819e-34 4.580908061314e-49 -5.818716260075e-49 -3.127812782369e-01 2.955447362853e+00
22 7 3.217620442395e-92 -8.342854257529e-32 -1.997867339830e-46 1.537414674642e-45 -1.071945639571e-01 3.448021923329e+00
22 8 2.478616052274e-85 -2.402604840816e-29 -1.247779336257e-43 -4.916054410303e-42 3.067321054991e-01 3.940596483804e+00
22 9 6.260821543539e-79 -1.807564987999e-27 -1.905592972493e-39 8.583677295535e-39 1.432631887491e-01 4.433171044280e+00
22 10 5.795805187346e-72 -1.908236523485e-25 2.313541945289e-35 -1.866321350491e-35 -2.969757205220e-01 4.925745604755e+00
22 11 0.000000000000e+00 -6.575329104542e-24 0.000000000000e+00 0.000000000000e+00 -1.839661147386e-01 5.418320165231e+00
22 12 0.000000000000e+00 -3.836244366550e-22 0.000000000000e+00 0.000000000000e+00 2.813247305094e-01 5.910894725706e+00
22 13 0.000000000000e+00 -8.079587044119e-21 0.000000000000e+00 0.000000000000e+00 2.310437384006e-01 6.403469286182e+00
22 14 0.000000000000e+00 -3.258670091137e-19 0.000000000000e+00 0.000000000000e+00 -2.558403487657e-01 6.896043846657e+00
22 15 0.000000000000e+00 -4.911945976010e-18 0.000000000000e+00 0.000000000000e+00 -2.867565362621e-01 7.388618407133e+00
22 16 0.000000000000e+00 -1.576030109376e-16 0.000000000000e+00 0.000000000000e+00 2.128368873290e-01 7.881192967608e+00
22 17 0.000000000000e+00 -1.853466221533e-15 0.000000000000e+00 0.000000000000e+00 3.537952441472e-01 8.373767528084e+00
22 18 0.000000000000e+00 -5.262689487055e-14 0.000000000000e+00 0.000000000000e+00 -1.353102825390e-01 8.866342088559e+00
22 19 0.000000000000e+00 -4.958413912005e-13 0.000000000000e+00 0.000000000000e+00 -4.335032664654e-01 9.358916649035e+00
22 20 0.000000000000e+00 -1.401663159632e-11 0.000000000000e+00 0.000000000000e+00 -2.342719469030e-02 9.851491209510e+00
22 21 8.059345786749e-08 -9.463081388283e-11 -3.773234245687e-03 -6.320253022709e-03 5.101596567210e-01 1.034406576999e+01
22 22 2.057507009913e-05 -3.750834838221e-09 -4.036835048155e-02 1.164119857325e-01 4.881402579924e-01 1.083664033046e+01
23 1 2.136171795420e-155 -5.723694231773e-70 1.538089315623e-78 -5.495448129480e-78 -3.187169473287e-01 4.925745604755e-01
23 2 3.457417404710e-139 -1.068081187466e-56 6.592759593089e-70 -1.293704314842e-69 -2.777390471926e-02 9.851491209510e-01
23 3 3.647312539619e-128 -6.111052983561e-49 6.862627975227e-64 -1.716646110022e-64 3.175987098004e-01 1.477723681427e+00
23 4 9.839715274124e-120 -7.603207548987e-44 7.086989043513e-60 1.377617255907e-59 5.627002496570e-02 1.970298241902e+00
23 5 7.159303245641e-112 -1.152757791469e-39 -1.582379358091e-55 4.739645376241e-56 -3.151556083935e-01 2.462872802378e+00
23 6 5.032505558463e-105 -1.413902069399e-36 1.411984327558e-52 -5.062160424336e-52 -8.625512505679e-02 2.955447362853e+00
23 7 5.378970168642e-98 -1.154136619387e-33 7.264174199424e-49 1.868261762317e-48 3.109353791176e-01 3.448021923329e+00
23 8 1.423306122620e-91 -1.913233840770e-31 -2.255208536364e-45 -2.966619699710e-45 1.185919409019e-01 3.940596483804e+00
23 9 1.063452269364e-84 -3.737172689701e-29 6.026578646440e-42 9.746749831400e-42 -3.041458547065e-01 4.433171044280e+00
23 10 2.888201200536e-78 -2.112315341130e-27 -1.264245469748e-39 -2.094526925280e-38 -1.543047995866e-01 4.925745604755e+00
23 11 0.000000000000e+00 -1.830750656663e-25 0.000000000000e+00 0.000000000000e+00 2.934628026602e-01 5.418320165231e+00
23 12 0.000000000000e+00 -5.392979672381e-24 0.000000000000e+00 0.000000000000e+00 1.946665455171e-01 5.910894725706e+00
23 13 0.000000000000e+00 -2.833541461566e-22 0.000000000000e+00 0.000000000000e+00 -2.766396557271e-01 6.403469286182e+00
23 14 0.000000000000e+00 -5.443004905423e-21 0.000000000000e+00 0.000000000000e+00 -2.413073413063e-01 6.896043846657e+00
23 15 0.000000000000e+00 -2.077550325686e-19 0.000000000000e+00 0.000000000000e+00 2.496698608983e-01 7.388618407133e+00
23 16 0.000000000000e+00 -2.955616421121e-18 0.000000000000e+00 0.000000000000e+00 2.963058446842e-01 7.881192967608e+00
23 17 0.000000000000e+00 -9.237473521040e-17 0.000000000000e+00 0.000000000000e+00 -2.048024735527e-01 8.373767528084e+00
23 18 0.000000000000e+00 -1.043687248665e-15 0.000000000000e+00 0.000000000000e+00 -3.620084642759e-01 8.866342088559e+00
23 19 0.000000000000e+00 -2.940474514031e-14 0.000000000000e+00 0.000000000000e+00 1.250497212762e-01 9.358916649035e+00
23 20 0.000000000000e+00 -2.681061362843e-13 0.000000000000e+00 0.000000000000e+00 4.390397482027e-01 9.851491209510e+00
23 21 0.000000000000e+00 -7.632427754252e-12 0.000000000000e+00 0.000000000000e+00 3.574306890474e-02 1.034406576999e+01
23 22 6.455061020176e-08 -4.980908583926e-11 -6.554085375971e-03 -2.161655370898e-03 -5.102005816152e-01 1.083664033046e+01
23 23 1.600456058082e-05 -2.036489418627e-09 4.483954731908e-02 1.043856017874e-01 -4.982097597077e-01 1.132921489094e+01
24 1 4.953983952300e-163 -8.890492484491e-74 1.972179640836e-82 -8.463649706218e-82 -1.326992027297e-02 4.925745604755e-01
24 2 8.767877497165e-146 -1.376606746283e-59 2.696610254887e-73 -6.796643775133e-73 3.183060778766e-01 9.851491209510e-01
24 3 6.655764935789e-135 -8.043466682787e-52 2.789126509878e-67 -1.163073446404e-67 4.012533805903e-02 1.477723681427e+00
24 4 8.319204908948e-126 -3.662937072185e-46 9.055569766488e-63 1.099622749421e-62 -3.167133394670e-01 1.970298241902e+00
24 5 2.848462248351e-118 -3.887139889850e-42 -8.726937758766e-59 5.692246856265e-59 -6.794511035936e-02 2.462872802378e+00
24 6 7.216869108621e-111 -1.409854099698e-38 -6.186312628546e-56 -6.262953604908e-55 3.137602264174e-01 2.955447362853e+00
24 7 2.957500019893e-104 -6.932073517649e-36 1.105160701270e-51 9.939158922416e-52 9.743339804688e-02 3.448021923329e+00
24 8 2.463036814327e-97 -3.091735162154e-33 -4.620224926071e-48 -1.638499277499e-48 -3.089433754331e-01 3.940596483804e+00
24 9 6.053912703779e-91 -3.337436754688e-31 8.250519178254e-45 2.585488640737e-45 -1.293952338561e-01 4.433171044280e+00
24 10 4.705126925731e-84 -4.838893031064e-29 -2.150118369236e-41 -1.596839846940e-41 3.014248692390e-01 4.925745604755e+00
24 11 1.427358646331e-77 -2.178622633359e-27 1.005209604658e-38 5.031802375629e-38 1.647952563885e-01 5.418320165231e+00
24 12 0.000000000000e+00 -1.611422275839e-25 0.000000000000e+00 0.000000000000e+00 -2.898341051403e-01 5.910894725706e+00
24 13 0.000000000000e+00 -4.167217957188e-24 0.000000000000e+00 0.000000000000e+00 -2.048342048510e-01 6.403469286182e+00
24 14 0.000000000000e+00 -2.007792424442e-22 0.000000000000e+00 0.000000000000e+00 2.718726353677e-01 6.896043846657e+00
24 15 0.000000000000e+00 -3.563230616781e-21 0.000000000000e+00 0.000000000000e+00 2.510388835744e-01 7.388618407133e+00
24 16 0.000000000000e+00 -1.298518717616e-19 0.000000000000e+00 0.000000000000e+00 -2.434751896447e-01 7.881192967608e+00
24 17 0.000000000000e+00 -1.754917101873e-18 0.000000000000e+00 0.000000000000e+00 -3.053153454180e-01 8.373767528084e+00
24 18 0.000000000000e+00 -5.365875690890e-17 0.000000000000e+00 0.000000000000e+00 1.968389986643e-01 8.866342088559e+00
24 19 0.000000000000e+00 -5.844474817668e-16 0.000000000000e+00 0.000000000000e+00 3.696852287359e-01 9.358916649035e+00
24 20 0.000000000000e+00 -1.637272679692e-14 0.000000000000e+00 0.000000000000e+00 -1.150114954711e-01 9.851491209510e+00
24 21 0.000000000000e+00 -1.447543724793e-13 0.000000000000e+00 0.000000000000e+00 -4.441092129784e-01 1.034406576999e+01
24 22 0.000000000000e+00 -4.153563064011e-12 0.000000000000e+00 0.000000000000e+00 -4.762707004887e-02 1.083664033046e+01
24 23 5.153022653919e-08 -2.623918233556e-11 -5.948965526206e-03 2.483255265117e-03 5.100798797049e-01 1.132921489094e+01
24 24 1.245888613984e-05 -1.105975301845e-09 9.516838858764e-02 4.339567363071e-02 5.079076185690e-01 1.182178945141e+01
25 1 3.048622770852e-170 -2.729057718650e-77 4.005468450058e-86 -2.118289188722e-85 3.186553493563e-01 4.925745604755e-01
25 2 7.184745227849e-153 -7.680612270396e-63 5.951288812720e-77 -2.006749339622e-76 2.555609561249e-02 9.851491209510e-01
25 3 3.268686985412e-141 -2.102749481354e-54 1.818870252906e-70 -1.084654682368e-70 -3.177103852762e-01 1.477723681427e+00
25 4 2.288424111564e-132 -7.647376163310e-49 5.814666550030e-66 4.691314402221e-66 -5.167441775184e-02 1.970298241902e+00
25 5 3.133182956426e-124 -2.626143425747e-44 -7.218917003852e-62 8.203638350363e-62 3.156728108469e-01 2.462872802378e+00
25 6 3.400779941831e-117 -6.089572784054e-41 -1.870310250560e-58 -3.894347856079e-58 7.894634683298e-02 2.955447362853e+00
25 7 4.685372037244e-110 -8.441373594011e-38 1.790510475003e-54 5.422541333245e-55 -3.122240273988e-01 3.448021923329e+00
25 8 1.419572409613e-103 -2.157585763022e-35 -3.646626104596e-51 7.432948604578e-52 -1.080253721235e-01 3.940596483804e+00
25 9 1.053920277628e-96 -6.137282171692e-33 1.068357060008e-47 -4.000382259335e-48 3.068197785604e-01 4.433171044280e+00
25 10 2.599715521363e-90 -4.754056796197e-31 -1.963541271024e-44 3.282363690968e-45 1.396678688906e-01 4.925745604755e+00
25 11 2.198325147561e-83 -5.449387877759e-29 5.866462609977e-41 2.477009283564e-41 -2.985837202493e-01 5.418320165231e+00
25 12 0.000000000000e+00 -2.039047342022e-27 0.000000000000e+00 0.000000000000e+00 -1.747857818739e-01 5.910894725706e+00
25 13 0.000000000000e+00 -1.324791612646e-25 0.000000000000e+00 0.000000000000e+00 2.861048423040e-01 6.403469286182e+00
25 14 0.000000000000e+00 -3.069214381534e-24 0.000000000000e+00 0.000000000000e+00 2.145134762719e-01 6.896043846657e+00
25 15 0.000000000000e+00 -1.375283838942e-22 0.000000000000e+00 0.000000000000e+00 -2.670389041558e-01 7.388618407133e+00
25 16 0.000000000000e+00 -2.278118846326e-21 0.000000000000e+00 0.000000000000e+00 -2.602800765782e-01 7.881192967608e+00
25 17 0.000000000000e+00 -7.982800735538e-20 0.000000000000e+00 0.000000000000e+00 2.372698599718e-01 8.373767528084e+00
25 18 0.000000000000e+00 -1.030379460531e-18 0.000000000000e+00 0.000000000000e+00 3.138273494820e-01 8.866342088559e+00
25 19 0.000000000000e+00 -3.093262695134e-17 0.000000000000e+00 0.000000000000e+00 -1.889549312494e-01 9.358916649035e+00
25 20 0.000000000000e+00 -3.257388347994e-16 0.000000000000e+00 0.000000000000e+00 -3.768704296570e-01 9.851491209510e+00
25 21 0.000000000000e+00 -9.089371375789e-15 0.000000000000e+00 0.000000000000e+00 1.051926465013e-01 1.034406576999e+01
25 22 0.000000000000e+00 -7.805877838166e-14 0.000000000000e+00 0.000000000000e+00 4.487565783018e-01 1.083664033046e+01
25 23 0.000000000000e+00 -2.259211398212e-12 0.000000000000e+00 0.000000000000e+00 5.910403111520e-02 1.132921489094e+01
25 24 4.101925036079e-08 -1.383364639187e-11 -2.671657693822e-03 5.374145732862e-03 -5.098195488540e-01 1.182178945141e+01
25 25 9.705343629792e-06 -6.007438173354e-10 9.165492713421e-02 -2.909760045610e-02 -5.172601292315e-01 1.231436401189e+01
26 1 6.102743729213e-178 -3.615062689078e-81 4.453627224839e-90 -3.017483668050e-89 1.225698768440e-02 4.925745604755e-01
26 2 1.565063370499e-159 -8.556416879378e-66 1.967996713858e-80 -9.568895527303e-80 -3.183070421079e-01 9.851491209510e-01
26 3 5.245572406529e-148 -2.374238935592e-57 6.629063839890e-74 -5.294033604308e-74 -3.701941723084e-02 1.477723681427e+00
26 4 1.704302382489e-138 -3.208706443891e-51 5.701404718986e-69 3.010811038504e-69 3.169583606293e-01 1.970298241902e+00
26 5 1.134367740243e-130 -7.665246141594e-47 -2.944129508375e-65 5.879228972848e-65 6.253898010110e-02 2.462872802378e+00
26 6 4.471587396962e-123 -5.336363999890e-43 -3.475915411162e-61 -3.529698916207e-61 -3.144951819331e-01 2.955447362853e+00
26 7 2.467421897945e-116 -4.433848058879e-40 1.348030266175e-57 -1.611694983481e-58 -8.936109576271e-02 3.448021923329e+00
26 8 2.385953736722e-109 -3.093252640870e-37 -3.662276813307e-54 3.141147697820e-54 3.105608061434e-01 3.940596483804e+00
26 9 6.179608730567e-103 -4.846324505357e-35 4.892728220689e-51 -7.236654407079e-51 1.180972652909e-01 4.433171044280e+00
26 10 4.456960166378e-96 -9.752987520978e-33 -1.596502362741e-47 2.060524112424e-47 -3.045773511366e-01 4.925745604755e+00
26 11 1.160298956523e-89 -5.803025606875e-31 4.063423975042e-44 -2.211742467913e-44 -1.494619030643e-01 5.418320165231e+00
26 12 0.000000000000e+00 -5.504822407227e-29 0.000000000000e+00 0.000000000000e+00 2.956355049083e-01 5.910894725706e+00
26 13 0.000000000000e+00 -1.766909855722e-27 0.000000000000e+00 0.000000000000e+00 1.843195477156e-01 6.403469286182e+00
26 14 0.000000000000e+00 -1.030855657479e-25 0.000000000000e+00 0.000000000000e+00 -2.822886074606e-01 6.896043846657e+00
26 15 0.000000000000e+00 -2.173654954951e-24 0.000000000000e+00 0.000000000000e+00 -2.237427056238e-01 7.388618407133e+00
26 16 0.000000000000e+00 -9.160106383129e-23 0.000000000000e+00 0.000000000000e+00 2.621518348766e-01 7.881192967608e+00
26 17 0.000000000000e+00 -1.428008669841e-21 0.000000000000e+00 0.000000000000e+00 2.690676531844e-01 8.373767528084e+00
26 18 0.000000000000e+00 -4.839521946581e-20 0.000000000000e+00 0.000000000000e+00 -2.310654080552e-01 8.866342088559e+00
26 19 0.000000000000e+00 -5.992458611417e-19 0.000000000000e+00 0.000000000000e+00 -3.218795096502e-01 9.358916649035e+00
26 20 0.000000000000e+00 -1.771575276016e-17 0.000000000000e+00 0.000000000000e+00 1.811569553433e-01 9.851491209510e+00
26 21 0.000000000000e+00 -1.808156343811e-16 0.000000000000e+00 0.000000000000e+00 3.836040303465e-01 1.034406576999e+01
26 22 0.000000000000e+00 -5.033069051266e-15 0.000000000000e+00 0.000000000000e+00 -9.558940056007e-02 1.083664033046e+01
26 23 0.000000000000e+00 -4.204963189767e-14 0.000000000000e+00 0.000000000000e+00 -4.530213970462e-01 1.132921489094e+01
26 24 0.000000000000e+00 -1.228294164539e-12 0.000000000000e+00 0.000000000000e+00 -7.019697287733e-02 1.182178945141e+01
26 25 3.257204143181e-08 -7.298740506783e-12 1.392369264014e-03 5.394079960806e-03 5.094384030232e-01 1.231436401189e+01
26 26 7.564962417139e-06 -3.263553625071e-10 4.463414495791e-02 -7.618327397281e-02 5.262909799344e-01 1.280693857236e+01
27 1 3.222408849591e-185 -9.621621298449e-85 7.541458710347e-94 -6.968247944788e-93 -3.186067584019e-01 4.925745604755e-01
27 2 1.119939088805e-166 -4.104213252862e-69 3.151426154084e-84 -2.594227639528e-83 -2.366865613708e-02 9.851491209510e-01
27 3 2.245926102828e-154 -5.408676945807e-60 3.851507497465e-77 -3.997607219127e-77 3.177974458968e-01 1.477723681427e+00
27 4 4.191413932920e-145 -5.800728715801e-54 3.053021069246e-72 9.500917904727e-73 4.778368095994e-02 1.970298241902e+00
27 5 1.119713010196e-136 -4.547647736353e-49 -1.423270164066e-68 6.375657625015e-68 -3.160704638054e-01 2.462872802378e+00
27 6 1.955882047428e-129 -2.013568445028e-45 -2.905962972804e-64 -1.513129873002e-64 -7.281118520050e-02 2.955447362853e+00
27 7 3.661097090976e-122 -4.781891185295e-42 1.444014535276e-60 -8.060131318430e-61 3.131945710606e-01 3.448021923329e+00
27 8 1.347003832307e-115 -1.904207142304e-39 -1.356699912227e-57 3.361800607202e-57 9.925896809820e-02 3.940596483804e+00
27 9 1.069540007973e-108 -7.961883874740e-37 1.788749211729e-55 -1.149080159705e-53 -3.087823114115e-01 4.433171044280e+00
27 10 2.599333857070e-102 -8.541166330728e-35 7.313736546073e-52 1.989296991502e-50 -1.277029851647e-01 4.925745604755e+00
27 11 1.927560046890e-95 -1.307777176528e-32 1.418745707924e-47 -5.791675552099e-47 3.022274958210e-01 5.418320165231e+00
27 12 5.475632618193e-89 -6.279516949612e-31 -8.357643698550e-44 7.096073734402e-44 1.588207371154e-01 5.910894725706e+00
27 13 0.000000000000e+00 -5.100748006568e-29 0.000000000000e+00 0.000000000000e+00 -2.925920426927e-01 6.403469286182e+00
27 14 0.000000000000e+00 -1.438822470850e-27 0.000000000000e+00 0.000000000000e+00 -1.934334351689e-01 6.896043846657e+00
27 15 0.000000000000e+00 -7.668529530702e-26 0.000000000000e+00 0.000000000000e+00 2.783975556409e-01 7.388618407133e+00
27 16 0.000000000000e+00 -1.490304078760e-24 0.000000000000e+00 0.000000000000e+00 2.325553776414e-01 7.881192967608e+00
27 17 0.000000000000e+00 -5.959863436013e-23 0.000000000000e+00 0.000000000000e+00 -2.572231723165e-01 8.373767528084e+00
27 18 0.000000000000e+00 -8.803383942262e-22 0.000000000000e+00 0.000000000000e+00 -2.774342134777e-01 8.866342088559e+00
27 19 0.000000000000e+00 -2.899264264881e-20 0.000000000000e+00 0.000000000000e+00 2.248716703246e-01 9.358916649035e+00
27 20 0.000000000000e+00 -3.456813243742e-19 0.000000000000e+00 0.000000000000e+00 3.295055169941e-01 9.851491209510e+00
27 21 0.000000000000e+00 -1.008927652937e-17 0.000000000000e+00 0.000000000000e+00 -1.734502778514e-01 1.034406576999e+01
27 22 0.000000000000e+00 -1.000199476923e-16 0.000000000000e+00 0.000000000000e+00 -3.899217563291e-01 1.083664033046e+01
27 23 0.000000000000e+00 -2.780768505566e-15 0.000000000000e+00 0.000000000000e+00 8.619739051056e-02 1.132921489094e+01
27 24 0.000000000000e+00 -2.263202135668e-14 0.000000000000e+00 0.000000000000e+00 4.569386364500e-01 1.182178945141e+01
27 25 0.000000000000e+00 -6.675488823270e-13 0.000000000000e+00 0.000000000000e+00 8.092724717992e-02 1.231436401189e+01
27 26 2.580915754683e-08 -3.853590699851e-12 4.243996608076e-03 2.930223401118e-03 -5.089525975606e-01 1.280693857236e+01
27 27 5.899816537564e-06 -1.773091108971e-10 -1.623175021588e-02 -7.933031547372e-02 -5.350215782051e-01 1.329951313284e+01
28 1 5.622794631188e-193 -1.099850400704e-88 6.524334156266e-98 -9.235427642894e-97 -1.138839034386e-02 4.925745604755e-01
28 2 2.116841831055e-173 -3.990264695451e-72 4.799079928078e-88 -1.135137138920e-86 3.183077092245e-01 9.851491209510e-01
28 3 3.188868996840e-161 -5.294451314253e-63 1.252654395756e-80 -1.675144285990e-80 3.436431187168e-02 1.477723681427e+00
28 4 2.763656923010e-151 -2.137353241991e-56 2.575841192057e-75 3.257271900951e-76 -3.171503618493e-01 1.970298241902e+00
28 5 3.685388317955e-143 -1.159372387196e-51 5.118834378122e-73 3.747425712298e-71 -5.794576428027e-02 2.462872802378e+00
28 6 2.350320910223e-135 -1.561218193390e-47 -3.531756663725e-67 -6.523948882574e-68 3.150620610189e-01 2.955447362853e+00
28 7 1.824599294456e-128 -2.212604340546e-44 7.447958790850e-64 -8.990286916950e-64 8.256430938492e-02 3.448021923329e+00
28 8 2.164126435826e-121 -2.434728741499e-41 3.119516367511e-61 4.584480323530e-60 -3.117825081862e-01 3.940596483804e+00
28 9 6.276279463355e-115 -5.589752296179e-39 -4.445382721796e-57 -7.598700725390e-57 -1.086963290785e-01 4.433171044280e+00
28 10 4.529314030287e-108 -1.575175154211e-36 1.669296407702e-53 2.029367257525e-53 3.068988213900e-01 4.925745604755e+00
28 11 1.098968435674e-101 -1.250427565918e-34 -2.297361978736e-50 -3.872212039913e-50 1.368870952371e-01 5.418320165231e+00
28 12 8.706272209856e-95 -1.535632208635e-32 7.402539821497e-48 1.380498066681e-46 -2.997805023683e-01 5.910894725706e+00
28 13 0.000000000000e+00 -6.174129781980e-31 0.000000000000e+00 0.000000000000e+00 -1.677810633009e-01 6.403469286182e+00
28 14 0.000000000000e+00 -4.407814455914e-29 0.000000000000e+00 0.000000000000e+00 2.894640257646e-01 6.896043846657e+00
28 15 0.000000000000e+00 -1.113529210496e-27 0.000000000000e+00 0.000000000000e+00 2.021593267225e-01 7.388618407133e+00
28 16 0.000000000000e+00 -5.495963224238e-26 0.000000000000e+00 0.000000000000e+00 -2.744425628945e-01 7.881192967608e+00
28 17 0.000000000000e+00 -9.944404957139e-25 0.000000000000e+00 0.000000000000e+00 -2.409810031456e-01 8.373767528084e+00
28 18 0.000000000000e+00 -3.801719107790e-23 0.000000000000e+00 0.000000000000e+00 2.522632366743e-01 8.866342088559e+00
28 19 0.000000000000e+00 -5.350690546934e-22 0.000000000000e+00 0.000000000000e+00 2.854088841315e-01 9.358916649035e+00
28 20 0.000000000000e+00 -1.719297731441e-20 0.000000000000e+00 0.000000000000e+00 -2.186970276712e-01 9.851491209510e+00
28 21 0.000000000000e+00 -1.980148247357e-19 0.000000000000e+00 0.000000000000e+00 -3.367356628962e-01 1.034406576999e+01
28 22 0.000000000000e+00 -5.717959224643e-18 0.000000000000e+00 0.000000000000e+00 1.658388808715e-01 1.083664033046e+01
28 23 0.000000000000e+00 -5.515976678992e-17 0.000000000000e+00 0.000000000000e+00 3.958556662048e-01 1.132921489094e+01
28 24 0.000000000000e+00 -1.533388659187e-15 0.000000000000e+00 0.000000000000e+00 -7.701182867113e-02 1.182178945141e+01
28 25 0.000000000000e+00 -1.217204495617e-14 0.000000000000e+00 0.000000000000e+00 -4.605393229321e-01 1.231436401189e+01
28 26 0.000000000000e+00 -3.626770355596e-13 0.000000000000e+00 0.000000000000e+00 -9.131467126157e-02 1.280693857236e+01
28 27 2.041221741733e-08 -2.035974944502e-12 4.734344925166e-03 -5.206938733077e-04 5.083760560044e-01 1.329951313284e+01
28 28 4.603430481456e-06 -9.633741912968e-11 -5.955602019130e-02 -4.421641955516e-02 5.434713278546e-01 1.379208769331e+01
29 1 2.574940777418e-200 -2.562450748441e-92 6.859835567396e-102 -1.980090633977e-100 3.185677512143e-01 4.925745604755e-01
29 2 1.333300193392e-180 -1.662773410059e-75 -9.520212451967e-92 -2.849795377315e-90 2.204246946795e-02 9.851491209510e-01
29 3 1.199476195383e-167 -1.059951701302e-65 6.401800042936e-84 -1.111709145662e-83 -3.178666797605e-01 1.477723681427e+00
29 4 6.096747040846e-158 -3.376741574796e-59 1.218356866418e-78 -5.208405324356e-80 -4.444531137842e-02 1.970298241902e+00
29 5 3.270979369710e-149 -6.083784298269e-54 8.270123481205e-75 3.432559874066e-74 3.163831888557e-01 2.462872802378e+00
29 6 9.501964105100e-142 -5.186432934204e-50 -2.271998958781e-70 2.298813044108e-71 6.758265950699e-02 2.955447362853e+00
29 7 2.518512843084e-134 -2.125811981396e-46 4.581199932601e-67 -1.292846530872e-66 -3.139451980872e-01 3.448021923329e+00
29 8 1.178110062788e-127 -1.330407969938e-43 1.612966899330e-63 2.982084286982e-63 -9.185750140961e-02 3.940596483804e+00
29 9 1.058826892770e-120 -8.241358643554e-41 -9.881575589447e-60 -5.753441470066e-60 3.102687505957e-01 4.433171044280e+00
29 10 2.698471302997e-114 -1.235200775498e-38 1.955034514356e-56 5.400235411106e-57 1.177194930454e-01 4.925745604755e+00
29 11 1.894704242531e-107 -2.547346145853e-36 -5.631095242937e-53 -1.800289844597e-53 -3.049194975610e-01 5.418320165231e+00
29 12 4.787727913478e-101 -1.583262186352e-34 8.099918101564e-50 6.284464038303e-50 -1.456869482047e-01 5.910894725706e+00
29 13 4.159487024540e-94 -1.622244233666e-32 -7.456805476679e-47 -3.187537418557e-46 2.972457148265e-01 6.403469286182e+00
29 14 0.000000000000e+00 -5.617698783000e-31 0.000000000000e+00 0.000000000000e+00 1.763742900454e-01 6.896043846657e+00
29 15 0.000000000000e+00 -3.597297770569e-29 0.000000000000e+00 0.000000000000e+00 -2.862611412247e-01 7.388618407133e+00
29 16 0.000000000000e+00 -8.261808907080e-28 0.000000000000e+00 0.000000000000e+00 -2.105250710707e-01 7.881192967608e+00
29 17 0.000000000000e+00 -3.817857897768e-26 0.000000000000e+00 0.000000000000e+00 2.704333664859e-01 8.373767528084e+00
29 18 0.000000000000e+00 -6.485251128007e-25 0.000000000000e+00 0.000000000000e+00 2.490457998557e-01 8.866342088559e+00
29 19 0.000000000000e+00 -2.384520730427e-23 0.000000000000e+00 0.000000000000e+00 -2.472811003056e-01 9.358916649035e+00
29 20 0.000000000000e+00 -3.212818237623e-22 0.000000000000e+00 0.000000000000e+00 -2.930178406829e-01 9.851491209510e+00
29 21 0.000000000000e+00 -1.010628913092e-20 0.000000000000e+00 0.000000000000e+00 2.125486121269e-01 1.034406576999e+01
29 22 0.000000000000e+00 -1.127388925879e-19 0.000000000000e+00 0.000000000000e+00 3.435972982825e-01 1.083664033046e+01
29 23 0.000000000000e+00 -3.226798408989e-18 0.000000000000e+00 0.000000000000e+00 -1.583257295421e-01 1.132921489094e+01
29 24 0.000000000000e+00 -3.033972704507e-17 0.000000000000e+00 0.000000000000e+00 -4.014346274886e-01 1.182178945141e+01
29 25 0.000000000000e+00 -8.441084333463e-16 0.000000000000e+00 0.000000000000e+00 6.802764151700e-02 1.231436401189e+01
29 26 0.000000000000e+00 -6.542316358977e-15 0.000000000000e+00 0.000000000000e+00 4.638510795602e-01 1.280693857236e+01
29 27 0.000000000000e+00 -1.969839440744e-13 0.000000000000e+00 0.000000000000e+00 1.013776525309e-01 1.329951313284e+01
29 28 1.611753067842e-08 -1.076347259247e-12 2.983773022397e-03 -3.218810395880e-03 -5.077208191240e-01 1.379208769331e+01
29 29 3.593470686876e-06 -5.234440448067e-11 -6.759916935018e-02 6.125277516216e-03 -5.516578657284e-01 1.428466225379e+01
30 1 3.950255504418e-208 -2.553651946014e-96 -3.882617870850e-109 -2.453999706827e-104 1.063521752844e-02 4.925745604755e-01
30 2 2.206371727916e-187 -1.422877002023e-78 -1.229640768253e-94 -1.153392454900e-93 -3.183081840016e-01 9.851491209510e-01
30 3 1.515593671457e-174 -9.078663202464e-69 1.807080405233e-87 -4.186763772429e-87 -3.206774133940e-02 1.477723681427e+00
30 4 3.577555619410e-164 -1.100765595090e-61 9.147194113687e-82 -1.895218367958e-82 3.173037442548e-01 1.970298241902e+00
30 5 9.793627761318e-156 -1.365619953189e-56 8.398806536737e-78 1.739875255937e-77 5.399226624175e-02 2.462872802378e+00
30 6 1.042548174814e-147 -3.580307950224e-52 -2.228858242373e-73 8.682490234912e-74 -3.155091347524e-01 2.955447362853e+00
30 7 1.179151059586e-140 -8.723327619762e-49 5.447129662442e-72 -9.385066646234e-70 -7.675643008707e-02 3.448021923329e+00
30 8 1.791267902852e-133 -1.524790467369e-45 3.280187348536e-66 2.591769407362e-66 3.127296910599e-01 3.940596483804e+00
30 9 6.100630131998e-127 -5.171498169651e-43 -8.672433237191e-63 -3.487162310508e-64 1.007391739694e-01 4.433171044280e+00
30 10 4.669452061105e-120 -2.055868412083e-40 2.541951886717e-59 -8.105561202848e-60 -3.086617862571e-01 4.925745604755e+00
30 11 1.125299295212e-113 -2.195089194332e-38 -4.242782568743e-56 1.660241269429e-56 -1.263670291742e-01 5.418320165231e+00
30 12 8.057113986426e-107 -3.517436942372e-36 1.316560515776e-52 -1.881910083554e-53 3.028526106017e-01 5.910894725706e+00
30 13 2.183233375211e-100 -1.785467004483e-34 -2.184469144034e-49 -9.235482035703e-50 1.541342467890e-01 6.403469286182e+00
30 14 0.000000000000e+00 -1.573078494883e-32 0.000000000000e+00 0.000000000000e+00 -2.946316523334e-01 6.896043846657e+00
30 15 0.000000000000e+00 -4.796425315178e-31 0.000000000000e+00 0.000000000000e+00 -1.846276017647e-01 7.388618407133e+00
30 16 0.000000000000e+00 -2.799725665764e-29 0.000000000000e+00 0.000000000000e+00 2.829921746400e-01 7.881192967608e+00
30 17 0.000000000000e+00 -5.916842226668e-28 0.000000000000e+00 0.000000000000e+00 2.185552161798e-01 8.373767528084e+00
30 18 0.000000000000e+00 -2.583016015625e-26 0.000000000000e+00 0.000000000000e+00 -2.663786888233e-01 8.866342088559e+00
30 19 0.000000000000e+00 -4.147492777207e-25 0.000000000000e+00 0.000000000000e+00 -2.567732232427e-01 9.358916649035e+00
30 20 0.000000000000e+00 -1.474114091277e-23 0.000000000000e+00 0.000000000000e+00 2.422847412600e-01 9.851491209510e+00
30 21 0.000000000000e+00 -1.936032380096e-22 0.000000000000e+00 0.000000000000e+00 3.002847271381e-01 1.034406576999e+01
30 22 0.000000000000e+00 -5.895321323872e-21 0.000000000000e+00 0.000000000000e+00 -2.064324821451e-01 1.083664033046e+01
30 23 0.000000000000e+00 -6.384699138883e-20 0.000000000000e+00 0.000000000000e+00 -3.501152130959e-01 1.132921489094e+01
30 24 0.000000000000e+00 -1.814171654810e-18 0.000000000000e+00 0.000000000000e+00 1.509129438465e-01 1.182178945141e+01
30 25 0.000000000000e+00 -1.664931270577e-17 0.000000000000e+00 0.000000000000e+00 4.066847164355e-01 1.231436401189e+01
30 26 0.000000000000e+00 -4.639702606873e-16 0.000000000000e+00 0.000000000000e+00 -5.923957468578e-02 1.280693857236e+01
30 27 0.000000000000e+00 -3.514537971708e-15 0.000000000000e+00 0.000000000000e+00 -4.668985768917e-01 1.329951313284e+01
30 28 0.000000000000e+00 -1.069621073981e-13 0.000000000000e+00 0.000000000000e+00 -1.111333037378e-01 1.379208769331e+01
30 29 1.270803963191e-08 -5.693647672627e-13 1.367577612120e-04 -4.034129021516e-03 5.069973320895e-01 1.428466225379e+01
30 30 2.806187930168e-06 -2.844112527452e-11 -4.241480684552e-02 4.528998092487e-02 5.595972650005e-01 1.477723681427e+01
