2 1 5.841651218049e-07 -1.065514334543e-04 -2.887510927356e-04 7.883977999128e-04 2.819228744231e-01 4.382489484252e-01
2 2 2.459822748042e-02 -5.863693465427e-03 -1.154562460995e-01 3.246639529028e-01 9.979390311305e-02 8.764978968504e-01
3 1 5.672435927214e-11 -3.922749872172e-07 3.292146839787e-06 7.590426322929e-06 -3.370875366114e-01 4.382489484252e-01
3 2 2.167837165435e-06 -7.366830143978e-05 1.048488091323e-04 -3.233150318957e-03 -3.475815958175e-01 8.764978968504e-01
3 3 2.000323182968e-02 -2.831750901950e-03 -2.823171894552e-02 -4.652474983535e-01 -1.480473165601e-01 1.314746845276e+00
4 1 7.790775130006e-16 -1.190545728689e-09 2.346382890705e-08 1.973853817013e-08 -9.500327925469e-02 4.382489484252e-01
4 2 5.447802357745e-10 -7.673404371907e-07 -4.871261654719e-05 -1.602377570768e-05 3.025221817276e-01 8.764978968504e-01
4 3 4.100401481286e-06 -3.766560817778e-05 1.642505325965e-04 6.671349253488e-03 3.871437107097e-01 1.314746845276e+00
4 4 1.377181991848e-02 -1.209916747661e-03 1.074414169725e-01 5.043463990935e-01 1.869039123571e-01 1.752995793701e+00
5 1 6.671667330862e-20 -3.778405215007e-12 2.576800958495e-10 1.187944270069e-10 3.249552860037e-01 4.382489484252e-01
5 2 1.897028484537e-14 -5.263356260651e-09 -2.663471979578e-07 1.436302455876e-07 1.559929794053e-01 8.764978968504e-01
5 3 2.107538708410e-09 -6.375439457725e-07 1.504256416900e-04 -1.618040203349e-05 -2.710775571052e-01 1.314746845276e+00
5 4 5.590786993567e-06 -1.781794853570e-05 3.908724202638e-04 -1.038244718544e-02 -4.142981263310e-01 1.752995793701e+00
5 5 9.360814706667e-03 -5.224415394377e-04 -1.235508871824e-01 -5.168578825059e-01 -2.202702257686e-01 2.191244742126e+00
6 1 8.281540576725e-25 -6.738348179689e-15 9.757031427092e-13 2.176884097432e-13 5.975108611567e-02 4.382489484252e-01
6 2 3.770209992811e-18 -4.593892069745e-11 -2.221282321245e-09 3.642099642996e-09 -3.132367741675e-01 8.764978968504e-01
6 3 1.217356170566e-13 -6.222566248418e-09 3.913484520342e-07 -1.081202878863e-06 -2.016868007753e-01 1.314746845276e+00
6 4 5.451415184005e-09 -4.069648575599e-07 -3.106886941101e-04 9.343183851745e-05 2.415792796059e-01 1.752995793701e+00
6 5 6.283055012687e-06 -8.202477757787e-06 -2.165868956081e-03 1.359642659639e-02 4.340080151383e-01 2.191244742126e+00
6 6 6.426218305926e-03 -2.309526941979e-04 9.946112232097e-02 5.189262650707e-01 2.497422569024e-01 2.629493690551e+00
7 1 4.114533664867e-29 -1.519122498511e-17 7.035360699022e-15 3.953853152475e-16 -3.217428434220e-01 4.382489484252e-01
7 2 1.255914844890e-22 -2.141194300630e-13 -3.203952547856e-12 2.441251367455e-11 -1.046165159314e-01 8.764978968504e-01
7 3 3.636619579712e-17 -8.852555672441e-11 -8.243257047669e-09 -1.808360609777e-08 3.002070780906e-01 1.314746845276e+00
7 4 4.735366272987e-13 -4.828074421383e-09 2.929005094370e-07 3.009542421821e-06 2.381123879271e-01 1.752995793701e+00
7 5 0.000000000000e+00 -2.314879555749e-07 0.000000000000e+00 0.000000000000e+00 -2.137826008977e-01 2.191244742126e+00
7 6 6.254258360587e-06 -3.736719106301e-06 5.011240325716e-03 -1.570330931663e-02 -4.487568330596e-01 2.629493690551e+00
7 7 4.465157118730e-03 -1.041714400983e-04 -5.167882461474e-02 -5.112338203257e-01 -2.762067615436e-01 3.067742638977e+00
8 1 3.680895109518e-34 -1.637162412717e-20 2.100210713936e-17 -1.762934707364e-18 -4.412510992812e-02 4.382489484252e-01
8 2 1.676432873037e-26 -1.427029368251e-15 5.620354481831e-14 2.788608660189e-13 3.157198904918e-01 8.764978968504e-01
8 3 1.930551244474e-21 -6.414140021788e-13 -1.250470695942e-10 -7.301146295367e-11 1.410012176152e-01 1.314746845276e+00
8 4 1.900449638807e-16 -9.276261786623e-11 5.397027259548e-08 2.750698818031e-08 -2.863811699727e-01 1.752995793701e+00
8 5 1.367692966807e-12 -3.098437805238e-09 -2.195981963975e-06 -6.036527273078e-06 -2.681236042186e-01 2.191244742126e+00
8 6 0.000000000000e+00 -1.239867418758e-07 0.000000000000e+00 0.000000000000e+00 1.875721352356e-01 2.629493690551e+00
8 7 5.749774528300e-06 -1.695971409946e-06 -8.472786110843e-03 1.637692777065e-02 4.599959237927e-01 3.067742638977e+00
8 8 3.135338690665e-03 -4.770959021340e-05 -8.201025568012e-03 4.920199524391e-01 3.002401917352e-01 3.505991587402e+00
9 1 1.150234544429e-38 -2.603604491088e-23 1.154244463323e-19 -2.361759624816e-20 3.204134443642e-01 4.382489484252e-01
9 2 4.395139196062e-31 -4.452868110280e-18 6.722141735910e-16 1.292162115523e-15 7.965419202675e-02 8.764978968504e-01
9 3 4.110558579827e-25 -7.313888832680e-15 -2.111643403989e-12 -7.335887844858e-14 -3.084382630611e-01 1.314746845276e+00
9 4 1.357955241787e-20 -8.664787496111e-13 4.841415774490e-10 -1.667439457829e-10 -1.717091574214e-01 1.752995793701e+00
9 5 7.158330638599e-16 -7.336945768555e-11 -1.469408741122e-07 -2.093664593599e-09 2.721202639043e-01 2.191244742126e+00
9 6 0.000000000000e+00 -1.795919660337e-09 0.000000000000e+00 0.000000000000e+00 2.933668351240e-01 2.629493690551e+00
9 7 0.000000000000e+00 -6.412541640207e-08 0.000000000000e+00 0.000000000000e+00 -1.628472925754e-01 3.067742638977e+00
9 8 5.007320173930e-06 -7.691884349772e-07 1.201033670009e-02 -1.557180198901e-02 -4.686533455325e-01 3.505991587402e+00
9 9 2.220564105199e-03 -2.209829296456e-05 7.155809872136e-02 -4.603634711587e-01 -3.222527606471e-01 3.944240535827e+00
10 1 7.468983947816e-44 -1.845554666571e-26 2.862073255938e-22 -9.065444612372e-23 3.513198091504e-02 4.382489484252e-01
10 2 4.045625964092e-35 -2.217184441632e-20 9.202386768953e-18 1.051667194264e-17 -3.167168085254e-01 8.764978968504e-01
10 3 1.812287924612e-29 -3.821866625241e-17 -1.299591426291e-14 5.285473900393e-15 -1.096619040952e-01 1.314746845276e+00
10 4 3.865303678016e-24 -1.377043896674e-14 4.771102525063e-12 -7.201986372093e-12 3.003015747469e-01 1.752995793701e+00
10 5 6.446069732488e-20 -8.070502960275e-13 -7.927503099931e-10 1.147285921011e-09 1.982448472207e-01 2.191244742126e+00
10 6 2.156548012887e-15 -4.975078497837e-11 2.938385035388e-07 -8.571337478604e-08 -2.576766271220e-01 2.629493690551e+00
10 7 0.000000000000e+00 -9.795356593853e-10 0.000000000000e+00 0.000000000000e+00 -3.149075051959e-01 3.067742638977e+00
10 8 3.016318629493e-08 -3.244650158677e-08 -1.525796233279e-03 3.914421013207e-05 1.395070107050e-01 3.505991587402e+00
10 9 4.197378302334e-06 -3.490954561669e-07 -1.513620611440e-02 1.346029122592e-02 4.753582973536e-01 3.944240535827e+00
10 10 1.583635138795e-03 -1.032082231374e-05 -1.318557062212e-01 4.167986890562e-01 3.425531575845e-01 4.382489484252e+00
11 1 1.587069818902e-48 -2.146279027479e-29 1.275011055694e-24 -5.381100203450e-25 -3.197328468118e-01 4.382489484252e-01
11 2 8.181924157683e-40 -4.859669651564e-23 5.040653713027e-20 3.753178860224e-20 -6.460396126515e-02 8.764978968504e-01
11 3 2.830641232178e-33 -3.403071821084e-19 -1.286306382826e-16 1.191526414563e-16 3.120120981992e-01 1.314746845276e+00
11 4 2.339838384575e-28 -9.799814355232e-17 1.755037740551e-15 -6.719170193144e-14 1.357444468571e-01 1.752995793701e+00
11 5 2.277960278894e-23 -1.613783305893e-14 5.304330934134e-12 2.567300259532e-11 -2.915674648734e-01 2.191244742126e+00
11 6 2.384715027321e-19 -6.123776334094e-13 4.559415144196e-10 -3.186241994935e-09 -2.215320032867e-01 2.629493690551e+00
11 7 0.000000000000e+00 -3.071964516145e-11 0.000000000000e+00 0.000000000000e+00 2.432250749022e-01 3.067742638977e+00
11 8 0.000000000000e+00 -5.137913299714e-10 0.000000000000e+00 0.000000000000e+00 3.334870993165e-01 3.505991587402e+00
11 9 0.000000000000e+00 -1.618108319853e-08 0.000000000000e+00 0.000000000000e+00 -1.174508985102e-01 3.944240535827e+00
11 10 3.422224399997e-06 -1.586499506071e-07 1.748615227483e-02 -1.035449288048e-02 -4.805553242696e-01 4.382489484252e+00
11 11 1.135764230587e-03 -4.849874011792e-06 1.842829617663e-01 -3.631556747211e-01 -3.613823708217e-01 4.820738432677e+00
12 1 7.721804718296e-54 -1.069757252949e-32 2.702650340695e-27 -1.419176459455e-27 -2.924044827766e-02 4.382489484252e-01
12 2 5.436372172640e-44 -1.843634728227e-25 4.607571979383e-22 2.238729637454e-22 3.172243046755e-01 8.764978968504e-01
12 3 1.009781027376e-37 -1.316492126572e-21 -5.057332311388e-19 9.170293099166e-19 9.015466372096e-02 1.314746845276e+00
12 4 5.056113428633e-32 -1.256967585509e-18 -4.348550891987e-16 -8.872120146669e-16 -3.065887276692e-01 1.752995793701e+00
12 5 1.723818698218e-27 -1.410178618206e-16 1.782542637368e-13 1.422370942161e-13 -1.588396621559e-01 2.191244742126e+00
12 6 1.012982041331e-22 -1.452321086962e-14 -4.819715730128e-11 -4.558262560288e-11 2.824188749543e-01 2.629493690551e+00
12 7 0.000000000000e+00 -4.099149981565e-13 0.000000000000e+00 0.000000000000e+00 2.421925749948e-01 3.067742638977e+00
12 8 0.000000000000e+00 -1.784148044230e-11 0.000000000000e+00 0.000000000000e+00 -2.288859840460e-01 3.505991587402e+00
12 9 0.000000000000e+00 -2.624585444470e-10 0.000000000000e+00 0.000000000000e+00 -3.496477253576e-01 3.944240535827e+00
12 10 0.000000000000e+00 -7.989127442491e-09 0.000000000000e+00 0.000000000000e+00 9.658204604029e-02 4.382489484252e+00
12 11 2.733170242505e-06 -7.221807680503e-08 -1.884394912183e-02 6.633113435270e-03 4.845683619305e-01 4.820738432677e+00
12 12 8.183043492745e-04 -2.289403009901e-06 -2.255858246749e-01 3.021768288439e-01 3.789334329859e-01 5.258987381103e+00
13 1 1.183202385086e-58 -9.432294519800e-36 1.012542827743e-29 -6.345082556240e-30 3.193371831653e-01 4.382489484252e-01
13 2 8.595533552911e-49 -2.971455512383e-28 1.956489133868e-24 5.667941906023e-25 5.445166244177e-02 8.764978968504e-01
13 3 1.193078691817e-41 -9.241128915754e-24 -2.484198696439e-21 1.110888571862e-20 -3.139142269602e-01 1.314746845276e+00
13 4 2.557724191583e-36 -6.903921464556e-21 -5.428743336956e-18 -4.462485464224e-18 -1.127925506922e-01 1.752995793701e+00
13 5 4.677975093112e-31 -2.332777427306e-18 3.746842551184e-15 2.723556866882e-16 3.006292036664e-01 2.191244742126e+00
13 6 9.139405250641e-27 -1.467691451965e-16 -6.287360977971e-13 4.169001792371e-14 1.795521543215e-01 2.629493690551e+00
13 7 3.699187725511e-22 -1.110650462728e-14 1.416666983639e-10 4.247751138423e-11 -2.729916035541e-01 3.067742638977e+00
13 8 0.000000000000e+00 -2.526982913774e-13 0.000000000000e+00 0.000000000000e+00 -2.606733554002e-01 3.505991587402e+00
13 9 0.000000000000e+00 -9.933320957247e-12 0.000000000000e+00 0.000000000000e+00 2.147415216006e-01 3.944240535827e+00
13 10 0.000000000000e+00 -1.315925336615e-10 0.000000000000e+00 0.000000000000e+00 3.637999695118e-01 4.382489484252e+00
13 11 0.000000000000e+00 -3.916385479354e-09 0.000000000000e+00 0.000000000000e+00 -7.680898837686e-02 4.820738432677e+00
13 12 2.148795255437e-06 -3.293099963967e-08 1.913668067040e-02 -2.681720053427e-03 -4.876392405363e-01 5.258987381103e+00
13 13 5.918123279435e-04 -1.084398005191e-06 2.539311590799e-01 -2.370966448874e-01 -3.953639316449e-01 5.697236329528e+00
14 1 4.449824807608e-64 -3.475539645218e-39 1.872241586309e-32 -1.365500286220e-32 2.506564316472e-02 4.382489484252e-01
14 2 4.291995504195e-53 -8.807713182174e-31 1.427688727189e-26 1.829529177230e-27 -3.175200798188e-01 8.764978968504e-01
14 3 3.451949671238e-46 -2.730511945775e-26 2.293632309332e-24 6.118703166660e-23 -7.671998587933e-02 1.314746845276e+00
14 4 4.323049062853e-40 -7.174438736817e-23 -8.707366031223e-20 -2.766232050396e-20 3.100132960645e-01 1.752995793701e+00
14 5 3.011700383440e-35 -1.626729948979e-20 2.699890846456e-17 -1.340374402795e-17 1.331531115652e-01 2.191244742126e+00
14 6 2.960764647681e-30 -2.934070417995e-18 -8.034593106407e-15 8.004442126827e-15 -2.942625688474e-01 2.629493690551e+00
14 7 3.883192301710e-26 -1.249758409323e-16 1.199612138687e-12 -9.258046913872e-13 -1.983002202584e-01 3.067742638977e+00
14 8 0.000000000000e+00 -7.626537169864e-15 0.000000000000e+00 0.000000000000e+00 2.633885286457e-01 3.505991587402e+00
14 9 0.000000000000e+00 -1.471459106103e-13 0.000000000000e+00 0.000000000000e+00 2.773106303066e-01 3.944240535827e+00
14 10 0.000000000000e+00 -5.365029267836e-12 0.000000000000e+00 0.000000000000e+00 -2.008469275126e-01 4.382489484252e+00
14 11 0.000000000000e+00 -6.508870217040e-11 0.000000000000e+00 0.000000000000e+00 -3.762631524013e-01 4.820738432677e+00
14 12 0.000000000000e+00 -1.909807895987e-09 0.000000000000e+00 0.000000000000e+00 5.804670906087e-02 5.258987381103e+00
14 13 1.668888321072e-06 -1.504236530320e-08 -1.841283591846e-02 -1.151173508551e-03 4.899520706428e-01 5.697236329528e+00
14 14 4.293563937720e-04 -5.149445035285e-07 -2.687457433589e-01 1.712582832355e-01 4.108044329499e-01 6.135485277953e+00
15 1 5.138985993400e-69 -2.395875680225e-42 6.048487024000e-35 -5.042929315709e-35 -3.190866489509e-01 4.382489484252e-01
15 2 5.409886631153e-58 -1.083759236858e-33 5.109592713970e-29 -7.645423205102e-31 -4.710880857533e-02 8.764978968504e-01
15 3 3.174379664592e-50 -1.537260900300e-28 1.574135733041e-25 5.656729102701e-25 3.150562498463e-01 1.314746845276e+00
15 4 1.825671757385e-44 -3.106263244708e-25 -5.933067944892e-22 2.216444655716e-23 9.672675965161e-02 1.752995793701e+00
15 5 6.530301320822e-39 -2.228386275813e-22 2.628092524442e-19 -3.576930076667e-19 -3.056564305911e-01 2.191244742126e+00
15 6 2.284822767252e-34 -2.431698941243e-20 -1.482115484911e-17 9.852100189592e-17 -1.516643442501e-01 2.629493690551e+00
15 7 1.461002939650e-29 -2.895629475932e-18 2.443938151659e-15 -2.929057475687e-14 2.875860982130e-01 3.067742638977e+00
15 8 1.398634767919e-25 -9.314300655788e-17 -1.415469421190e-12 2.966224870609e-12 2.153893735269e-01 3.505991587402e+00
15 9 0.000000000000e+00 -4.858487929568e-15 0.000000000000e+00 0.000000000000e+00 -2.536884121014e-01 3.944240535827e+00
15 10 0.000000000000e+00 -8.223291960929e-14 0.000000000000e+00 0.000000000000e+00 -2.923663796129e-01 4.382489484252e+00
15 11 0.000000000000e+00 -2.833116910507e-12 0.000000000000e+00 0.000000000000e+00 1.872383572510e-01 4.820738432677e+00
15 12 0.000000000000e+00 -3.186986415223e-11 0.000000000000e+00 0.000000000000e+00 3.872907937564e-01 5.258987381103e+00
15 13 0.000000000000e+00 -9.276340969924e-10 0.000000000000e+00 0.000000000000e+00 -4.021696288965e-02 5.697236329528e+00
15 14 1.283763498420e-06 -6.882657394563e-09 1.681205624490e-02 4.582290266527e-03 -4.916493241776e-01 6.135485277953e+00
15 15 3.123163536950e-04 -2.449980601655e-07 2.705180175795e-01 -1.077988545029e-01 -4.253644174615e-01 6.573734226378e+00
16 1 1.534370837092e-74 -6.780896207266e-46 9.905434420335e-38 -9.329759619920e-38 -2.194603324736e-02 4.382489484252e-01
16 2 2.097994596228e-62 -2.569279770014e-36 3.148330139252e-31 -4.638298733901e-32 3.177083731930e-01 8.764978968504e-01
16 3 7.531156463133e-55 -3.567539888345e-31 1.338139216810e-27 2.527620558567e-27 6.685614334229e-02 1.314746845276e+00
16 4 2.469350985676e-48 -2.646548142201e-27 -6.483519326834e-24 2.375432805817e-24 -3.121027987526e-01 1.752995793701e+00
16 5 3.584112162423e-43 -1.257591252872e-24 6.580338699694e-22 -3.221787941526e-21 -1.149254908950e-01 2.191244742126e+00
16 6 5.977915059384e-38 -4.096808853977e-22 6.598635646584e-19 1.470235216049e-18 3.009390589200e-01 2.629493690551e+00
16 7 1.304934257542e-33 -2.733485637579e-20 -1.696615615037e-16 -2.199487774528e-16 1.686304636521e-01 3.067742638977e+00
16 8 6.021809132048e-29 -2.430773401210e-18 3.233306479341e-14 6.004484064510e-14 -2.806757602082e-01 3.505991587402e+00
16 9 0.000000000000e+00 -6.324869000093e-17 0.000000000000e+00 0.000000000000e+00 -2.310522971782e-01 3.944240535827e+00
16 10 0.000000000000e+00 -2.931295363185e-15 0.000000000000e+00 0.000000000000e+00 2.439519005756e-01 4.382489484252e+00
16 11 0.000000000000e+00 -4.457202172141e-14 0.000000000000e+00 0.000000000000e+00 3.060500941729e-01 4.820738432677e+00
16 12 0.000000000000e+00 -1.470626574983e-12 0.000000000000e+00 0.000000000000e+00 -1.739383675499e-01 5.258987381103e+00
16 13 0.000000000000e+00 -1.548471442630e-11 0.000000000000e+00 0.000000000000e+00 -3.970875373942e-01 5.697236329528e+00
16 14 0.000000000000e+00 -4.492045912571e-10 0.000000000000e+00 0.000000000000e+00 2.324818072165e-02 6.135485277953e+00
16 15 9.799650554059e-07 -3.154208314140e-09 -1.453284594568e-02 -7.407963735055e-03 4.928427873715e-01 6.573734226378e+00
16 16 2.276855106352e-04 -1.167318358852e-07 -2.605708846612e-01 4.941603300162e-02 4.391366098007e-01 7.011983174804e+00
17 1 1.381815918334e-79 -3.748535564703e-49 2.809991885687e-40 -2.962967320083e-40 3.189179143544e-01 4.382489484252e-01
17 2 2.148883650122e-67 -2.487522761263e-39 9.819287825966e-34 -2.703559481253e-34 4.153739053462e-02 8.764978968504e-01
17 3 5.524678096398e-59 -1.639648633105e-33 1.551123329401e-29 1.895861536094e-29 -3.157992031561e-01 1.314746845276e+00
17 4 8.757480007259e-53 -9.222465775460e-30 -3.297623349126e-26 2.456581185020e-26 -8.479073912647e-02 1.752995793701e+00
17 5 6.349731625076e-47 -1.438544722479e-26 -8.364859918965e-24 -4.296141134459e-23 3.087628723044e-01 2.191244742126e+00
17 6 3.986505633281e-42 -2.809364892443e-24 1.063235839259e-20 7.755027065404e-21 1.316334142166e-01 2.629493690551e+00
17 7 3.971752402020e-37 -5.413866777558e-22 -4.696444969058e-18 -1.195369601461e-18 -2.959333118532e-01 3.067742638977e+00
17 8 6.096582478608e-33 -2.538803586016e-20 6.670098399861e-16 1.611019016176e-16 -1.842773949934e-01 3.505991587402e+00
17 9 0.000000000000e+00 -1.821592438691e-18 0.000000000000e+00 0.000000000000e+00 2.735920953972e-01 3.944240535827e+00
17 10 0.000000000000e+00 -4.014070338939e-17 0.000000000000e+00 0.000000000000e+00 2.454720883877e-01 4.382489484252e+00
17 11 0.000000000000e+00 -1.698040881084e-15 0.000000000000e+00 0.000000000000e+00 -2.342258230492e-01 4.820738432677e+00
17 12 0.000000000000e+00 -2.360143146683e-14 0.000000000000e+00 0.000000000000e+00 -3.185327258257e-01 5.258987381103e+00
17 13 0.000000000000e+00 -7.532453210896e-13 0.000000000000e+00 0.000000000000e+00 1.609597872842e-01 5.697236329528e+00
17 14 0.000000000000e+00 -7.478747553685e-12 0.000000000000e+00 0.000000000000e+00 4.058208478780e-01 6.135485277953e+00
17 15 0.000000000000e+00 -2.170095737549e-10 0.000000000000e+00 0.000000000000e+00 -7.075140623575e-03 6.573734226378e+00
17 16 7.434244994573e-07 -1.447702614704e-09 1.180184683574e-02 9.507015478670e-03 -4.936212216330e-01 7.011983174804e+00
17 17 1.663006963459e-04 -5.567814036888e-08 2.408212870091e-01 1.782739745235e-03 -4.522002221956e-01 7.450232123229e+00
18 1 3.349644140231e-85 -8.396606809195e-53 4.124114510960e-43 -4.838792505171e-43 1.952344157748e-02 4.382489484252e-01
18 2 6.647761882651e-72 -4.813612483406e-42 5.254638315949e-36 -2.116091324660e-36 -3.178359785560e-01 8.764978968504e-01
18 3 1.088796903890e-63 -3.060331945118e-36 8.318363735436e-32 7.004106846011e-32 -5.928507084074e-02 1.314746845276e+00
18 4 9.664477000091e-57 -6.529628461579e-32 -2.660837529814e-28 3.402984242319e-28 3.134790283226e-01 1.752995793701e+00
18 5 2.983231552961e-51 -6.672667759489e-29 -1.581044428411e-25 -2.549593081091e-25 1.012484656560e-01 2.191244742126e+00
18 6 8.645407492945e-46 -4.013205208870e-26 1.914214732309e-22 3.027271992329e-23 -3.051099616559e-01 2.629493690551e+00
18 7 3.087000084378e-41 -4.309094898839e-24 -4.005967905703e-20 1.485283149401e-20 -1.470819292101e-01 3.067742638977e+00
18 8 2.110754522630e-36 -5.729773807479e-22 1.108680040385e-17 -6.332635654660e-18 2.906960728321e-01 3.505991587402e+00
18 9 2.444410160156e-32 -2.061680343379e-20 -1.462742777376e-15 4.997387934780e-16 1.987790313602e-01 3.944240535827e+00
18 10 6.879086003116e-28 -1.256646969579e-18 2.805660929816e-13 6.555047612654e-14 -2.663839420050e-01 4.382489484252e+00
18 11 0.000000000000e+00 -2.421618212377e-17 0.000000000000e+00 0.000000000000e+00 -2.587965815650e-01 4.820738432677e+00
18 12 0.000000000000e+00 -9.533891292010e-16 0.000000000000e+00 0.000000000000e+00 2.245463547389e-01 5.258987381103e+00
18 13 0.000000000000e+00 -1.227168785935e-14 0.000000000000e+00 0.000000000000e+00 3.299560474121e-01 5.697236329528e+00
18 14 0.000000000000e+00 -3.817401572886e-13 0.000000000000e+00 0.000000000000e+00 -1.483084743020e-01 6.135485277953e+00
18 15 0.000000000000e+00 -3.595113110506e-12 0.000000000000e+00 0.000000000000e+00 -4.136293517862e-01 6.573734226378e+00
18 16 0.000000000000e+00 -1.046385753368e-10 0.000000000000e+00 0.000000000000e+00 -8.361477025171e-03 7.011983174804e+00
18 17 5.611261214320e-07 -6.653993877934e-10 -8.848093877952e-03 -1.083542062966e-02 4.940558426326e-01 7.450232123229e+00
18 18 1.216609100608e-04 -2.657849378484e-08 -2.135439357915e-01 -4.435420694409e-02 4.646234363770e-01 7.888481071654e+00
19 1 2.416553470919e-90 -3.801317042075e-56 1.041467294241e-45 -1.353348008295e-45 -3.187988290883e-01 4.382489484252e-01
19 2 5.629182547389e-77 -3.757979619514e-45 1.454303588912e-38 -7.760377310122e-39 -3.715897819364e-02 8.764978968504e-01
19 3 6.506181501377e-68 -1.167015585414e-38 7.265571427743e-34 4.227787437265e-34 3.163111800927e-01 1.314746845276e+00
19 4 2.903134934089e-61 -1.865780796224e-34 -9.545035901827e-31 2.166645258583e-30 7.554449215283e-02 1.752995793701e+00
19 5 4.391524758438e-55 -6.440401152723e-31 -2.829195371097e-27 -2.290080088516e-27 -3.108287117998e-01 2.191244742126e+00
19 6 5.007811461678e-50 -2.303193726053e-28 1.417764872971e-24 -4.068267130210e-25 -1.164719870782e-01 2.629493690551e+00
19 7 7.855483981942e-45 -7.329688327628e-26 -4.197779565167e-22 5.369280722485e-22 3.011997326626e-01 3.067742638977e+00
19 8 1.861658376145e-40 -5.128216391307e-24 4.261804183462e-20 -1.120794617069e-19 1.614459100258e-01 3.505991587402e+00
19 9 9.494811964700e-36 -5.184201328775e-22 -1.176423873980e-17 2.810158261264e-17 -2.852734213576e-01 3.944240535827e+00
19 10 8.662700784984e-32 -1.517708532405e-20 2.252411206588e-15 -2.319582308291e-15 -2.122731890387e-01 4.382489484252e+00
19 11 0.000000000000e+00 -8.145999413785e-19 0.000000000000e+00 0.000000000000e+00 2.590910051094e-01 4.820738432677e+00
19 12 0.000000000000e+00 -1.405081678975e-17 0.000000000000e+00 0.000000000000e+00 2.711476150944e-01 5.258987381103e+00
19 13 0.000000000000e+00 -5.223351667562e-16 0.000000000000e+00 0.000000000000e+00 -2.149413878327e-01 5.697236329528e+00
19 14 0.000000000000e+00 -6.289098181992e-15 0.000000000000e+00 0.000000000000e+00 -3.404391860579e-01 6.135485277953e+00
19 15 0.000000000000e+00 -1.918188328150e-13 0.000000000000e+00 0.000000000000e+00 1.359852962898e-01 6.573734226378e+00
19 16 0.000000000000e+00 -1.721754051864e-12 0.000000000000e+00 0.000000000000e+00 4.206289412890e-01 7.011983174804e+00
19 17 0.000000000000e+00 -5.037800668557e-11 0.000000000000e+00 0.000000000000e+00 2.311557911341e-02 7.450232123229e+00
19 18 4.217558486414e-07 -3.062382643404e-10 5.882482674821e-03 1.141486288025e-02 -4.942043142187e-01 7.888481071654e+00
19 19 8.912654178962e-05 -1.269508205754e-08 1.811539498187e-01 7.752696512962e-02 -4.764653353923e-01 8.326730020079e+00
20 1 4.846091455816e-96 -6.902568346686e-60 1.382584504724e-48 -1.984071374401e-48 -1.758623837492e-02 4.382489484252e-01
20 2 1.419978673469e-81 -6.040285771310e-48 6.874072570533e-41 -4.614128280561e-41 3.179266000389e-01 8.764978968504e-01
20 3 1.078800523875e-72 -1.787117896066e-41 3.198000759824e-36 1.220446913520e-36 5.328007073457e-02 1.314746845276e+00
20 4 2.658049639876e-65 -1.112108314406e-36 -4.119854787540e-33 2.227662753780e-32 -3.144369129388e-01 1.752995793701e+00
20 5 1.776738629311e-59 -2.491586735507e-33 -2.160094101144e-29 -8.332137979962e-30 -9.057164849498e-02 2.191244742126e+00
20 6 9.152263945614e-54 -2.812708150291e-30 1.546769280405e-26 -1.258396771447e-26 3.079065547478e-01 2.629493690551e+00
20 7 5.358347514538e-49 -4.959628013388e-28 -8.646324287551e-25 5.562107260853e-24 1.306425573353e-01 3.067742638977e+00
20 8 5.407882898565e-44 -1.004774687375e-25 -5.386676213293e-22 -1.971419521036e-21 -2.970762254208e-01 3.505991587402e+00
20 9 9.338525127450e-40 -5.099397211838e-24 1.105327837894e-19 2.811840345614e-19 -1.748615366867e-01 3.944240535827e+00
20 10 3.743683438219e-35 -4.181310252765e-22 -1.077013817082e-17 -6.634560366092e-17 2.797033341898e-01 4.382489484252e+00
20 11 0.000000000000e+00 -1.037623549819e-20 0.000000000000e+00 0.000000000000e+00 2.248717448255e-01 4.820738432677e+00
20 12 0.000000000000e+00 -5.033027596330e-19 0.000000000000e+00 0.000000000000e+00 -2.517457298408e-01 5.258987381103e+00
20 13 0.000000000000e+00 -7.906908849205e-18 0.000000000000e+00 0.000000000000e+00 -2.826272817463e-01 5.697236329528e+00
20 14 0.000000000000e+00 -2.806288510504e-16 0.000000000000e+00 0.000000000000e+00 2.054323308272e-01 6.135485277953e+00
20 15 0.000000000000e+00 -3.185713054175e-15 0.000000000000e+00 0.000000000000e+00 3.500833347636e-01 6.573734226378e+00
20 16 0.000000000000e+00 -9.571636226009e-14 0.000000000000e+00 0.000000000000e+00 -1.239875654081e-01 7.011983174804e+00
20 17 0.000000000000e+00 -8.220963901553e-13 0.000000000000e+00 0.000000000000e+00 -4.269173371075e-01 7.450232123229e+00
20 18 0.000000000000e+00 -2.422404169849e-11 0.000000000000e+00 0.000000000000e+00 -3.723615236541e-02 7.888481071654e+00
20 19 0.000000000000e+00 -1.411146916905e-10 0.000000000000e+00 0.000000000000e+00 4.941137082953e-01 8.326730020079e+00
20 20 6.537012387063e-05 -6.066389638066e-09 -1.460202108184e-01 -1.011561724102e-01 4.877774289908e-01 8.764978968504e+00
21 1 2.862325326120e-101 -2.604462127234e-63 3.140820592135e-51 -4.967564899771e-51 3.187116379891e-01 4.382489484252e-01
21 2 1.009194641933e-86 -3.879934952096e-51 1.706808114685e-43 -1.399370262859e-43 3.362415394592e-02 8.764978968504e-01
21 3 5.345133860413e-77 -5.736379640549e-44 2.355606760111e-38 5.063505601807e-39 -3.166796628378e-01 1.314746845276e+00
21 4 6.826070351531e-70 -2.648350258861e-39 4.040772384763e-36 1.147326462293e-34 -6.815601242276e-02 1.752995793701e+00
21 5 2.203946686328e-63 -2.050622339927e-35 -2.571046194504e-31 -1.970263258449e-32 3.122778323591e-01 2.191244742126e+00
21 6 4.627675383587e-58 -1.366578708670e-32 6.944115254637e-29 -1.236209400121e-28 1.045566522741e-01 2.629493690551e+00
21 7 1.161015350834e-52 -7.293527807433e-30 2.585066868008e-26 7.872091320592e-26 -3.047569109766e-01 3.067742638977e+00
21 8 4.212879752767e-48 -7.750559447871e-28 -1.353287322046e-23 -1.192617764835e-23 -1.438995291569e-01 3.505991587402e+00
21 9 3.040569938985e-43 -1.123424039538e-25 4.811589619524e-21 2.563100549037e-21 2.927753486589e-01 3.944240535827e+00
21 10 4.059361323895e-39 -4.443582957214e-24 -5.936597970192e-19 -3.707240941028e-19 1.874375861771e-01 4.382489484252e+00
21 11 0.000000000000e+00 -3.091975859422e-22 0.000000000000e+00 0.000000000000e+00 -2.740174690298e-01 4.820738432677e+00
21 12 0.000000000000e+00 -6.700164410327e-21 0.000000000000e+00 0.000000000000e+00 -2.366673329396e-01 5.258987381103e+00
21 13 0.000000000000e+00 -2.994312974893e-19 0.000000000000e+00 0.000000000000e+00 2.443747173537e-01 5.697236329528e+00
21 14 0.000000000000e+00 -4.342000722059e-18 0.000000000000e+00 0.000000000000e+00 2.933222980478e-01 6.135485277953e+00
21 15 0.000000000000e+00 -1.483951808977e-16 0.000000000000e+00 0.000000000000e+00 -1.960354882913e-01 6.573734226378e+00
21 16 0.000000000000e+00 -1.598400230761e-15 0.000000000000e+00 0.000000000000e+00 -3.589752438602e-01 7.011983174804e+00
21 17 0.000000000000e+00 -4.748733366012e-14 0.000000000000e+00 0.000000000000e+00 1.123100844090e-01 7.450232123229e+00
21 18 0.000000000000e+00 -3.915740530754e-13 0.000000000000e+00 0.000000000000e+00 4.325775622892e-01 7.888481071654e+00
21 19 0.000000000000e+00 -1.163593967404e-11 0.000000000000e+00 0.000000000000e+00 5.076773585487e-02 8.326730020079e+00
21 20 0.000000000000e+00 -6.510055119469e-11 0.000000000000e+00 0.000000000000e+00 -4.938227303821e-01 8.764978968504e+00
21 21 4.799522452509e-05 -2.899750895545e-09 1.103162958680e-01 1.156395778181e-01 -4.986048726350e-01 9.203227916930e+00
22 1 4.824393022724e-107 -3.909694694649e-67 3.798907887088e-54 -6.617192888933e-54 1.600102309934e-02 4.382489484252e-01
22 2 2.113977160843e-91 -5.257905608650e-54 7.200702464282e-46 -7.084672065331e-46 -3.179933457149e-01 8.764978968504e-01
22 3 7.545316478702e-82 -7.329809265167e-47 9.032162169088e-41 6.071729483510e-42 -4.839518775265e-02 1.314746845276e+00
22 4 5.260792564915e-74 -1.344868925866e-41 2.400032519350e-37 9.788576954898e-37 3.151321002352e-01 1.752995793701e+00
22 5 7.731171538540e-68 -6.704747509959e-38 -1.497515778871e-33 2.997791596373e-34 8.198650717192e-02 2.191244742126e+00
22 6 7.218600777732e-62 -1.439072825235e-34 2.829416600395e-31 -1.748128141293e-30 -3.098812125685e-01 2.629493690551e+00
22 7 6.987486532686e-57 -4.233385503283e-32 4.413690633129e-28 4.673037405589e-28 -1.176445516632e-01 3.067742638977e+00
22 8 1.049189995718e-51 -1.325646554130e-29 -2.798889622312e-25 -5.190392979549e-26 3.014149473150e-01 3.505991587402e+00
22 9 2.649031413640e-47 -9.639557248444e-28 5.020549592654e-23 -8.293135182201e-24 1.563527657442e-01 3.944240535827e+00
22 10 1.463413637929e-42 -1.080948998139e-25 -1.295746508749e-20 2.950135387203e-21 -2.883269942487e-01 4.382489484252e+00
22 11 1.570431661386e-38 -3.503860851634e-24 1.514253921917e-18 1.229553827426e-20 -1.992628392569e-01 4.820738432677e+00
22 12 0.000000000000e+00 -2.137798426412e-22 0.000000000000e+00 0.000000000000e+00 2.682424224741e-01 5.258987381103e+00
22 13 0.000000000000e+00 -4.135906345578e-21 0.000000000000e+00 0.000000000000e+00 2.477379236231e-01 5.697236329528e+00
22 14 0.000000000000e+00 -1.728242421959e-19 0.000000000000e+00 0.000000000000e+00 -2.369998211073e-01 6.135485277953e+00
22 15 0.000000000000e+00 0.000000000000e+00 0.000000000000e+00 0.000000000000e+00 -3.033071541132e-01 6.573734226378e+00
22 16 0.000000000000e+00 -7.745330248841e-17 0.000000000000e+00 0.000000000000e+00 1.867631281740e-01 7.011983174804e+00
22 17 0.000000000000e+00 -7.956881299182e-16 0.000000000000e+00 0.000000000000e+00 3.671898681804e-01 7.450232123229e+00
22 18 0.000000000000e+00 -2.344649668196e-14 0.000000000000e+00 0.000000000000e+00 -1.009459136387e-01 7.888481071654e+00
22 19 0.000000000000e+00 -1.861392548855e-13 0.000000000000e+00 0.000000000000e+00 -4.376806282139e-01 8.326730020079e+00
22 20 0.000000000000e+00 -5.584419814227e-12 0.000000000000e+00 0.000000000000e+00 -6.375086163675e-02 8.764978968504e+00
22 21 1.757677148863e-07 -3.006513644541e-11 1.502055259600e-03 -9.554279315921e-03 4.933634147121e-01 9.203227916930e+00
22 22 3.526997181108e-05 -1.386387747964e-09 -7.591254699362e-02 -1.218093472782e-01 5.089874519541e-01 9.641476865355e+00
23 1 2.375129971871e-112 -1.247856310538e-70 7.825891289598e-57 -1.501256442527e-56 -3.186458769492e-01 4.382489484252e-01
23 2 1.277722201111e-96 -2.825985152930e-57 1.613839948626e-48 -1.887630031519e-48 -3.070873140321e-02 8.764978968504e-01
23 3 3.147043859730e-86 -2.005592378067e-49 5.832075681157e-43 -4.080323466786e-44 3.169540605261e-01 1.314746845276e+00
23 4 1.165534672105e-78 -2.706943664196e-44 1.997414058985e-39 4.302871686140e-39 6.210835125235e-02 1.752995793701e+00
23 5 8.179784720651e-72 -4.752249264119e-40 -1.410698598854e-35 6.911532779114e-36 -3.133364490235e-01 2.191244742126e+00
23 6 3.203098812028e-66 -5.983422062267e-37 -1.992401266947e-33 -1.162686309088e-32 -9.492339214117e-02 2.629493690551e+00
23 7 1.305465941534e-60 -5.421023407470e-34 8.082187173450e-30 3.445605873377e-30 3.072832569718e-01 3.067742638977e+00
23 8 7.269692826499e-56 -8.874470202969e-32 -2.249663065352e-27 7.440438138009e-28 1.299486877163e-01 3.505991587402e+00
23 9 7.422049383497e-51 -1.869439104192e-29 6.117434784378e-25 -5.926705244412e-25 -2.979094183846e-01 3.944240535827e+00
23 10 1.405215504413e-46 -1.012869175123e-27 -7.602030355417e-23 1.057285226583e-22 -1.680907941762e-01 4.382489484252e+00
23 11 6.217546763763e-42 -9.280888597452e-26 1.993948884454e-20 -2.258963925374e-20 2.837564051719e-01 4.820738432677e+00
23 12 5.506008733605e-38 -2.556837970414e-24 -2.766395022162e-18 1.383855269992e-18 2.104110945504e-01 5.258987381103e+00
23 13 0.000000000000e+00 -1.401613674934e-22 0.000000000000e+00 0.000000000000e+00 -2.624006622284e-01 5.697236329528e+00
23 14 0.000000000000e+00 -2.462403480688e-21 0.000000000000e+00 0.000000000000e+00 -2.581500498231e-01 6.135485277953e+00
23 15 0.000000000000e+00 -9.731975113815e-20 0.000000000000e+00 0.000000000000e+00 2.296390098281e-01 6.573734226378e+00
23 16 0.000000000000e+00 -1.237956082456e-18 0.000000000000e+00 0.000000000000e+00 3.126464455461e-01 7.011983174804e+00
23 17 0.000000000000e+00 -3.998951856490e-17 0.000000000000e+00 0.000000000000e+00 -1.776243137970e-01 7.450232123229e+00
23 18 0.000000000000e+00 -3.934987445850e-16 0.000000000000e+00 0.000000000000e+00 -3.747924132812e-01 7.888481071654e+00
23 19 0.000000000000e+00 -1.152959725687e-14 0.000000000000e+00 0.000000000000e+00 8.988693568358e-02 8.326730020079e+00
23 20 0.000000000000e+00 -8.833816473945e-14 0.000000000000e+00 0.000000000000e+00 4.422876397225e-01 8.764978968504e+00
23 21 0.000000000000e+00 -2.678142901641e-12 0.000000000000e+00 0.000000000000e+00 7.622245848070e-02 9.203227916930e+00
23 22 0.000000000000e+00 -1.389877802027e-11 0.000000000000e+00 0.000000000000e+00 -4.927624302599e-01 9.641476865355e+00
23 23 2.593886500291e-05 -6.629330004210e-10 4.430826467587e-02 1.208120663271e-01 -5.189603851133e-01 1.007972581378e+01
24 1 3.410393920456e-118 -1.574050052853e-74 8.671909459165e-60 -1.833988476462e-59 -1.467939287837e-02 4.382489484252e-01
24 2 2.256893474432e-101 -3.270597841202e-60 6.109658438349e-51 -8.462470514592e-51 3.180439649450e-01 8.764978968504e-01
24 3 3.822667530281e-91 -2.169252946984e-52 1.996902624131e-45 -4.051233311492e-46 4.434059883694e-02 1.314746845276e+00
24 4 7.657045585747e-83 -1.183731352201e-46 2.229487251136e-41 3.132691736749e-41 -3.156534873716e-01 1.752995793701e+00
24 5 2.505304540792e-76 -1.328747911993e-42 -6.651544464979e-38 5.598179673819e-38 -7.492248242101e-02 2.191244742126e+00
24 6 4.310111849186e-70 -5.478696887100e-39 -6.326647298594e-35 -1.213340795664e-34 3.113316920004e-01 2.629493690551e+00
24 7 6.964931880777e-65 -2.722919692007e-36 6.416625414640e-32 1.072063900051e-33 1.070847149818e-01 3.067742638977e+00
24 8 1.573254894234e-59 -1.333120614423e-33 -2.454119048939e-29 2.475476308845e-29 -3.045127558869e-01 3.505991587402e+00
24 9 5.783184381799e-55 -1.406650054045e-31 1.756164984268e-27 -7.310622105732e-27 -1.415595202910e-01 3.944240535827e+00
24 10 4.363107615583e-50 -2.184818681532e-29 1.112825896963e-25 2.291909413628e-24 2.942643715398e-01 4.382489484252e+00
24 11 6.513419090882e-46 -9.362340778342e-28 -2.143250138664e-23 -3.076498402256e-22 1.791863171723e-01 4.820738432677e+00
24 12 0.000000000000e+00 -7.293327556894e-26 0.000000000000e+00 0.000000000000e+00 -2.790851151685e-01 5.258987381103e+00
24 13 0.000000000000e+00 -1.754791199580e-24 0.000000000000e+00 0.000000000000e+00 -2.209446598611e-01 5.697236329528e+00
24 14 0.000000000000e+00 -8.805237306404e-23 0.000000000000e+00 0.000000000000e+00 2.565112432228e-01 6.135485277953e+00
24 15 0.000000000000e+00 -1.423511273258e-21 0.000000000000e+00 0.000000000000e+00 2.679611431750e-01 6.573734226378e+00
24 16 0.000000000000e+00 -5.369687395251e-20 0.000000000000e+00 0.000000000000e+00 -2.223070551873e-01 7.011983174804e+00
24 17 0.000000000000e+00 -6.467941907893e-19 0.000000000000e+00 0.000000000000e+00 -3.213966399359e-01 7.450232123229e+00
24 18 0.000000000000e+00 -2.045930243564e-17 0.000000000000e+00 0.000000000000e+00 1.686255568540e-01 7.888481071654e+00
24 19 0.000000000000e+00 -1.935249630136e-16 0.000000000000e+00 0.000000000000e+00 3.818399435345e-01 8.326730020079e+00
24 20 0.000000000000e+00 -5.650016325656e-15 0.000000000000e+00 0.000000000000e+00 -7.912427209014e-02 8.764978968504e+00
24 21 0.000000000000e+00 -4.186663523957e-14 0.000000000000e+00 0.000000000000e+00 -4.464514646400e-01 9.203227916930e+00
24 22 0.000000000000e+00 -1.283554472886e-12 0.000000000000e+00 0.000000000000e+00 -8.821621762930e-02 9.641476865355e+00
24 23 9.698164294126e-08 -6.431263933034e-12 4.314544096765e-03 -6.579936946826e-03 4.920420975100e-01 1.007972581378e+01
24 24 1.908934460732e-05 -3.170224015159e-10 -1.660157127576e-02 -1.139881327149e-01 5.285549821609e-01 1.051797476221e+01
25 1 1.420653758308e-123 -4.303795613596e-78 1.629643934842e-62 -3.806332971077e-62 3.185950506041e-01 4.382489484252e-01
25 2 1.173497603204e-106 -1.491940230794e-63 1.237702840180e-53 -2.032884907809e-53 2.826197000706e-02 8.764978968504e-01
25 3 1.359704591632e-95 -5.116131396973e-55 1.151895622435e-47 -3.871593379633e-48 -3.171640880726e-01 1.314746845276e+00
25 4 1.476103813149e-87 -2.038623761647e-49 1.203347257630e-43 1.184079818569e-43 -5.706214750782e-02 1.752995793701e+00
25 5 2.285069391291e-80 -8.185160814245e-45 -4.958183231440e-40 6.659939422159e-40 3.141349024746e-01 2.191244742126e+00
25 6 1.687651216068e-74 -1.968704426709e-41 -5.990036919245e-37 -6.118563555316e-37 8.696081658536e-02 2.629493690551e+00
25 7 1.133172095108e-68 -3.057845941297e-38 7.697285744775e-34 -2.785278377048e-34 -3.091479266177e-01 3.067742638977e+00
25 8 9.742859386384e-64 -7.800671974181e-36 -9.117477840746e-32 2.587159854240e-31 -1.185641093629e-01 3.505991587402e+00
25 9 1.415806666598e-58 -2.414072047432e-33 -3.404315444287e-29 -1.126066230318e-28 3.015932955714e-01 3.944240535827e+00
25 10 3.759125870028e-54 -1.812034157741e-31 1.332741459877e-26 1.661376099122e-26 1.525506151713e-01 4.382489484252e+00
25 11 2.217365967046e-49 -2.212971863775e-29 -4.107595433740e-24 -3.937669304596e-24 -2.905002498995e-01 4.820738432677e+00
25 12 2.702052302906e-45 -7.832252067760e-28 4.315802098299e-22 5.322445242222e-22 -1.897000365092e-01 5.258987381103e+00
25 13 0.000000000000e+00 -5.342943232937e-26 0.000000000000e+00 0.000000000000e+00 2.743316279005e-01 5.697236329528e+00
25 14 0.000000000000e+00 -1.146322456240e-24 0.000000000000e+00 0.000000000000e+00 2.309168457099e-01 6.135485277953e+00
25 15 0.000000000000e+00 -5.342144572091e-23 0.000000000000e+00 0.000000000000e+00 -2.505903722162e-01 6.573734226378e+00
25 16 0.000000000000e+00 -8.031566655277e-22 0.000000000000e+00 0.000000000000e+00 -2.772212659941e-01 7.011983174804e+00
25 17 0.000000000000e+00 0.000000000000e+00 0.000000000000e+00 0.000000000000e+00 2.150160849842e-01 7.450232123229e+00
25 18 0.000000000000e+00 -3.340920836533e-19 0.000000000000e+00 0.000000000000e+00 3.296074420633e-01 7.888481071654e+00
25 19 0.000000000000e+00 -1.038664640790e-17 0.000000000000e+00 0.000000000000e+00 -1.597713330949e-01 8.326730020079e+00
25 20 0.000000000000e+00 -9.472982283364e-17 0.000000000000e+00 0.000000000000e+00 -3.883826640335e-01 8.764978968504e+00
25 21 0.000000000000e+00 -2.760569968274e-15 0.000000000000e+00 0.000000000000e+00 6.864859115142e-02 9.203227916930e+00
25 22 0.000000000000e+00 -1.981967379911e-14 0.000000000000e+00 0.000000000000e+00 4.502180717841e-01 9.641476865355e+00
25 23 0.000000000000e+00 -6.148324244486e-13 0.000000000000e+00 0.000000000000e+00 9.976292172937e-02 1.007972581378e+01
25 24 0.000000000000e+00 -2.978487865052e-12 0.000000000000e+00 0.000000000000e+00 -4.912211875255e-01 1.051797476221e+01
25 25 1.405691733622e-05 -1.516093438103e-10 -6.508512669950e-03 1.027605737556e-01 -5.377991908712e-01 1.095622371063e+01
26 1 1.758107076015e-129 -4.625002262072e-82 1.660745144801e-65 -4.296288408651e-65 1.356037744698e-02 4.382489484252e-01
26 2 1.770835252033e-111 -1.491137515377e-66 4.202665484468e-56 -8.235087862843e-56 -3.180832871856e-01 8.764978968504e-01
26 3 1.434883121427e-100 -4.742201097442e-58 3.566896058548e-50 -1.691542089264e-50 -4.091932171917e-02 1.314746845276e+00
26 4 8.357821838606e-92 -7.750621783902e-52 1.040688926375e-45 7.284990580623e-46 3.160550408716e-01 1.752995793701e+00
26 5 6.152556739624e-85 -1.977646131172e-47 -1.756923724977e-42 3.933814761405e-42 6.900180787642e-02 2.191244742126e+00
26 6 1.977161484321e-78 -1.579730772381e-43 -8.055405090035e-39 -4.583135499545e-39 -3.124308874691e-01 2.629493690551e+00
26 7 5.384080627173e-73 -1.340155674505e-40 4.346282175623e-36 -3.598141326994e-36 -9.832077476578e-02 3.067742638977e+00
26 8 1.850318452648e-67 -1.035484549817e-37 2.944574642165e-34 3.768795120238e-33 3.068091868896e-01 3.505991587402e+00
26 9 9.923072749822e-63 -1.602073816009e-35 -7.006566825563e-31 -6.921257029145e-31 1.294371931925e-01 3.944240535827e+00
26 10 1.023369715062e-57 -3.482008475245e-33 3.350061617042e-28 1.061472676835e-28 -2.985446474365e-01 4.382489484252e+00
26 11 2.086588162759e-53 -1.992574285210e-31 -5.504102925030e-26 -4.157364173762e-27 -1.629828029109e-01 4.820738432677e+00
26 12 1.000935213916e-48 -2.004819325594e-29 1.313685540692e-23 1.165880361525e-24 2.866346418761e-01 5.258987381103e+00
26 13 0.000000000000e+00 -6.053252622649e-28 0.000000000000e+00 0.000000000000e+00 1.996833681509e-01 5.697236329528e+00
26 14 0.000000000000e+00 -3.698763925422e-26 0.000000000000e+00 0.000000000000e+00 -2.695119286877e-01 6.135485277953e+00
26 15 0.000000000000e+00 -7.192367558411e-25 0.000000000000e+00 0.000000000000e+00 -2.403737874879e-01 6.573734226378e+00
26 16 0.000000000000e+00 -3.149014827000e-23 0.000000000000e+00 0.000000000000e+00 2.446518613596e-01 7.011983174804e+00
26 17 0.000000000000e+00 -4.440671106673e-22 0.000000000000e+00 0.000000000000e+00 2.859744230479e-01 7.450232123229e+00
26 18 0.000000000000e+00 0.000000000000e+00 0.000000000000e+00 0.000000000000e+00 -2.077760315997e-01 7.888481071654e+00
26 19 0.000000000000e+00 -1.709066126466e-19 0.000000000000e+00 0.000000000000e+00 -3.373228674945e-01 8.326730020079e+00
26 20 0.000000000000e+00 -5.238251114027e-18 0.000000000000e+00 0.000000000000e+00 1.510644918279e-01 8.764978968504e+00
26 21 0.000000000000e+00 -4.618365515033e-17 0.000000000000e+00 0.000000000000e+00 3.944649552063e-01 9.203227916930e+00
26 22 0.000000000000e+00 -1.345355187757e-15 0.000000000000e+00 0.000000000000e+00 -5.845033495410e-02 9.641476865355e+00
26 23 0.000000000000e+00 -9.373782180413e-15 0.000000000000e+00 0.000000000000e+00 -4.536276133686e-01 1.007972581378e+01
26 24 0.000000000000e+00 -2.943684374394e-13 0.000000000000e+00 0.000000000000e+00 -1.108907392540e-01 1.051797476221e+01
26 25 0.000000000000e+00 -1.380546290631e-12 0.000000000000e+00 0.000000000000e+00 4.903155553550e-01 1.095622371063e+01
26 26 1.035665899733e-05 -7.250392047871e-11 2.469476961361e-02 -8.853717719299e-02 5.467180516766e-01 1.139447265906e+01
27 1 6.276333042308e-135 -1.095212218609e-85 2.858088355673e-68 -8.220202830577e-68 -3.185549524572e-01 4.382489484252e-01
27 2 8.001279832681e-117 -5.843770464164e-70 7.651507909747e-59 -1.810193504504e-58 -2.617863084268e-02 8.764978968504e-01
27 3 4.401862671607e-105 -9.734902470045e-61 1.856889808223e-52 -1.154452629824e-52 3.173285301460e-01 1.314746845276e+00
27 4 1.413063242269e-96 -1.154371648834e-54 4.699815565022e-48 2.279348717636e-48 5.278479042225e-02 1.752995793701e+00
27 5 4.883433587831e-89 -1.067578356717e-49 -8.024104319429e-45 3.753530737085e-44 -3.147528945227e-01 2.191244742126e+00
27 6 6.869069972686e-83 -4.949831499370e-46 -5.289987144932e-41 -1.362950481276e-41 -8.026098830373e-02 2.629493690551e+00
27 7 7.692132118318e-77 -1.328792993064e-42 3.542002765695e-38 -5.739235464544e-38 3.105668240722e-01 3.067742638977e+00
27 8 1.028449635725e-71 -5.332740180557e-40 1.282440724224e-35 2.509650803453e-35 1.090806915110e-01 3.505991587402e+00
27 9 2.144787629096e-66 -2.446069336763e-37 -1.379007579548e-32 -4.413832638430e-33 -3.043352058973e-01 3.944240535827e+00
27 10 7.968233726530e-62 -2.567861374177e-35 3.007252494678e-30 -7.564352510394e-31 -1.397660319934e-01 4.382489484252e+00
27 11 6.237732779167e-57 -4.220527806735e-33 -8.032585013557e-28 5.153623217968e-28 2.953836773343e-01 4.820738432677e+00
27 12 1.019536869560e-52 -1.936321929259e-31 1.050827978340e-25 -8.169747982943e-26 1.729071307191e-01 5.258987381103e+00
27 13 4.090650612375e-48 -1.662019883405e-29 -2.516444216925e-23 1.417778248847e-23 -2.826828141213e-01 5.697236329528e+00
27 14 0.000000000000e+00 -4.388515298090e-28 0.000000000000e+00 0.000000000000e+00 -2.091804118856e-01 6.135485277953e+00
27 15 0.000000000000e+00 -2.444681058819e-26 0.000000000000e+00 0.000000000000e+00 2.646398828497e-01 6.573734226378e+00
27 16 0.000000000000e+00 -4.364582549012e-25 0.000000000000e+00 0.000000000000e+00 2.493558049233e-01 7.011983174804e+00
27 17 0.000000000000e+00 -1.812043099379e-23 0.000000000000e+00 0.000000000000e+00 -2.387074976844e-01 7.450232123229e+00
27 18 0.000000000000e+00 0.000000000000e+00 0.000000000000e+00 0.000000000000e+00 -2.942595740521e-01 7.888481071654e+00
27 19 0.000000000000e+00 -8.230746951256e-21 0.000000000000e+00 0.000000000000e+00 2.005949979291e-01 8.326730020079e+00
27 20 0.000000000000e+00 -8.670701366266e-20 0.000000000000e+00 0.000000000000e+00 3.445820997978e-01 8.764978968504e+00
27 21 0.000000000000e+00 -2.626766728870e-18 0.000000000000e+00 0.000000000000e+00 -1.425065827202e-01 9.203227916930e+00
27 22 0.000000000000e+00 -2.243804273249e-17 0.000000000000e+00 0.000000000000e+00 -4.001262169426e-01 9.641476865355e+00
27 23 0.000000000000e+00 -6.541991732505e-16 0.000000000000e+00 0.000000000000e+00 4.851988625549e-02 1.007972581378e+01
27 24 0.000000000000e+00 -4.429852618054e-15 0.000000000000e+00 0.000000000000e+00 4.567153080356e-01 1.051797476221e+01
27 25 0.000000000000e+00 -1.408781259645e-13 0.000000000000e+00 0.000000000000e+00 1.216254872690e-01 1.095622371063e+01
27 26 0.000000000000e+00 -6.403819388351e-13 0.000000000000e+00 0.000000000000e+00 -4.893386460991e-01 1.139447265906e+01
27 27 7.633887780247e-06 0.000000000000e+00 -3.795503695381e-02 7.263037632748e-02 -5.553340791818e-01 1.183272160748e+01
28 1 6.762146848847e-141 -1.014553786088e-89 2.683765898678e-71 -8.625567850763e-71 -1.260053002602e-02 4.382489484252e-01
28 2 1.043180650905e-121 -5.093247727414e-73 2.304959200034e-61 -6.711333311185e-61 3.181144537564e-01 8.764978968504e-01
28 3 4.070462445077e-110 -7.816025714780e-64 5.232117718838e-55 -4.102884308438e-55 3.799256321079e-02 1.314746845276e+00
28 4 6.962825192763e-101 -3.848414031375e-57 3.503556878030e-50 1.081224321289e-50 -3.163711531079e-01 1.752995793701e+00
28 5 1.163409043994e-93 -2.249669837978e-52 -1.969761814771e-48 1.873367725285e-46 -6.396370402184e-02 2.191244742126e+00
28 6 7.063999116342e-87 -3.505901088008e-48 -5.539714201486e-43 1.920950556289e-46 3.132851869730e-01 2.629493690551e+00
28 7 3.269632484685e-81 -5.120195911150e-45 1.055891498394e-40 -4.268356578277e-40 9.092104827487e-02 3.067742638977e+00
28 8 1.727622926861e-75 -6.292227313923e-42 2.735555686133e-37 2.420670448115e-37 -3.085630848477e-01 3.505991587402e+00
28 9 1.357941601383e-70 -1.439984037840e-39 -1.141677667557e-34 1.546903704922e-35 -1.193045352715e-01 3.944240535827e+00
28 10 1.923809517312e-65 -4.416519284014e-37 3.464591066895e-32 -3.348493900116e-32 3.017425524896e-01 4.382489484252e+00
28 11 5.321342191445e-61 -3.404105227607e-35 -3.369387571330e-30 8.145459521181e-30 1.496023154137e-01 4.820738432677e+00
28 12 3.315855992472e-56 -4.464778581336e-33 4.930102705316e-28 -2.349261066531e-27 -2.921249645842e-01 5.258987381103e+00
28 13 4.480446159487e-52 -1.705248915873e-31 -7.445115284405e-26 2.929718267448e-25 -1.823669993803e-01 5.697236329528e+00
28 14 0.000000000000e+00 -1.282437905454e-29 0.000000000000e+00 0.000000000000e+00 2.786581059461e-01 6.135485277953e+00
28 15 0.000000000000e+00 -3.019238746269e-28 0.000000000000e+00 0.000000000000e+00 2.182294083134e-01 6.573734226378e+00
28 16 0.000000000000e+00 -1.554974859686e-26 0.000000000000e+00 0.000000000000e+00 -2.597275537046e-01 7.011983174804e+00
28 17 0.000000000000e+00 -2.575637630806e-25 0.000000000000e+00 0.000000000000e+00 -2.578984356049e-01 7.450232123229e+00
28 18 0.000000000000e+00 -1.021682822931e-23 0.000000000000e+00 0.000000000000e+00 2.327673473150e-01 7.888481071654e+00
28 19 0.000000000000e+00 0.000000000000e+00 0.000000000000e+00 0.000000000000e+00 3.021114284814e-01 8.326730020079e+00
28 20 0.000000000000e+00 -4.303339502070e-21 0.000000000000e+00 0.000000000000e+00 -1.934795576842e-01 8.764978968504e+00
28 21 0.000000000000e+00 -4.367687639286e-20 0.000000000000e+00 0.000000000000e+00 -3.514201841946e-01 9.203227916930e+00
28 22 0.000000000000e+00 -1.310717822719e-18 0.000000000000e+00 0.000000000000e+00 1.340981177571e-01 9.641476865355e+00
28 23 0.000000000000e+00 -1.086872812063e-17 0.000000000000e+00 0.000000000000e+00 4.054015639232e-01 1.007972581378e+01
28 24 0.000000000000e+00 -3.174966241040e-16 0.000000000000e+00 0.000000000000e+00 -3.884769031432e-02 1.051797476221e+01
28 25 0.000000000000e+00 -2.092066503407e-15 0.000000000000e+00 0.000000000000e+00 -4.595121667525e-01 1.095622371063e+01
28 26 0.000000000000e+00 -6.739552552471e-14 0.000000000000e+00 0.000000000000e+00 -1.319908655600e-01 1.139447265906e+01
28 27 0.000000000000e+00 -2.972613137959e-13 0.000000000000e+00 0.000000000000e+00 4.883019021828e-01 1.183272160748e+01
28 28 0.000000000000e+00 0.000000000000e+00 0.000000000000e+00 0.000000000000e+00 5.636675839417e-01 1.227097055591e+01
29 1 2.091613748143e-146 -2.100598745044e-93 4.235993007297e-74 -1.531222933334e-73 3.185227602786e-01 4.382489484252e-01
29 2 4.132435977426e-127 -1.732961888725e-76 3.689860186853e-64 -1.363303355420e-63 2.438293816181e-02 8.764978968504e-01
29 3 1.087611573173e-114 -1.408656360627e-66 2.468744664008e-57 -2.391170188343e-57 -3.174597542480e-01 1.314746845276e+00
29 4 1.039939426741e-105 -5.003715908765e-60 1.400390088560e-52 2.164316312366e-53 -4.911118660430e-02 1.752995793701e+00
29 5 8.103441616892e-98 -1.072243610514e-54 2.812425488250e-49 1.538061776885e-48 3.152415350653e-01 2.191244742126e+00
29 6 2.189179510606e-91 -9.655961718719e-51 -2.994360020459e-45 7.378044278637e-46 7.454051552037e-02 2.629493690551e+00
29 7 4.131955404397e-85 -4.510782534011e-47 -2.629088365583e-43 -4.935958324565e-42 -3.116735707776e-01 3.067742638977e+00
29 8 8.652640214411e-80 -2.870629158502e-44 2.411430964024e-39 9.314904071986e-40 -1.010482223381e-01 3.505991587402e+00
29 9 2.611773404757e-74 -1.966151897209e-41 -1.356955538698e-36 8.435761511093e-37 3.064364440100e-01 3.944240535827e+00
29 10 1.360193191423e-69 -2.909956960314e-39 1.228988296760e-34 -3.860554707179e-34 1.290452827712e-01 4.382489484252e+00
29 11 1.415124309280e-64 -6.488564503450e-37 2.598722860415e-32 1.413791182498e-31 -2.990453881005e-01 4.820738432677e+00
29 12 3.066989434413e-60 -3.888864589538e-35 -1.015783405388e-29 -2.073115060674e-29 -1.589896596204e-01 5.258987381103e+00
29 13 1.574418751768e-55 -4.237346999259e-33 2.769863638815e-27 4.943378343347e-27 2.887812395611e-01 5.697236329528e+00
29 14 1.798718897098e-51 -1.386712905337e-31 -2.199498067466e-25 -6.140559511085e-25 1.913997385120e-01 6.135485277953e+00
29 15 0.000000000000e+00 -9.329925187997e-30 0.000000000000e+00 0.000000000000e+00 -2.745722314259e-01 6.573734226378e+00
29 16 0.000000000000e+00 -1.988879704205e-28 0.000000000000e+00 0.000000000000e+00 -2.268638360499e-01 7.011983174804e+00
29 17 0.000000000000e+00 -9.577697204045e-27 0.000000000000e+00 0.000000000000e+00 2.547854613694e-01 7.450232123229e+00
29 18 0.000000000000e+00 -1.484486502736e-25 0.000000000000e+00 0.000000000000e+00 2.660332342456e-01 7.888481071654e+00
29 19 0.000000000000e+00 -5.664083146796e-24 0.000000000000e+00 0.000000000000e+00 -2.268400080456e-01 8.326730020079e+00
29 20 0.000000000000e+00 0.000000000000e+00 0.000000000000e+00 0.000000000000e+00 -3.095610789797e-01 8.764978968504e+00
29 21 0.000000000000e+00 -2.229771022720e-21 0.000000000000e+00 0.000000000000e+00 1.864350030815e-01 9.203227916930e+00
29 22 0.000000000000e+00 -2.186569800482e-20 0.000000000000e+00 0.000000000000e+00 3.578685954975e-01 9.641476865355e+00
29 23 0.000000000000e+00 -6.512124744656e-19 0.000000000000e+00 0.000000000000e+00 -1.258387820485e-01 1.007972581378e+01
29 24 0.000000000000e+00 -5.250951421294e-18 0.000000000000e+00 0.000000000000e+00 -4.103224032705e-01 1.051797476221e+01
29 25 0.000000000000e+00 -1.538250790243e-16 0.000000000000e+00 0.000000000000e+00 2.942434287758e-02 1.095622371063e+01
29 26 0.000000000000e+00 -9.874622638569e-16 0.000000000000e+00 0.000000000000e+00 4.620455936960e-01 1.139447265906e+01
29 27 0.000000000000e+00 0.000000000000e+00 0.000000000000e+00 0.000000000000e+00 1.420086650818e-01 1.183272160748e+01
29 28 0.000000000000e+00 0.000000000000e+00 0.000000000000e+00 0.000000000000e+00 -4.872150933302e-01 1.227097055591e+01
29 29 4.152484976045e-06 0.000000000000e+00 -5.095946360482e-02 4.021735340697e-02 -5.717369453014e-01 1.270921950433e+01
30 1 1.979328774240e-152 -1.694547372927e-97 3.662249004111e-77 -1.501485304339e-76 1.176803547800e-02 4.382489484252e-01
30 2 4.700611813539e-132 -1.328443307734e-79 9.476777903399e-67 -4.668188738835e-66 -3.181395816841e-01 8.764978968504e-01
30 3 8.880885810351e-120 -9.888634364443e-70 6.333519435727e-60 -7.506035780503e-60 -3.545958644967e-02 1.314746845276e+00
30 4 4.497806766587e-110 -1.473959847604e-62 9.318228815412e-55 1.230043288669e-56 3.166246288532e-01 1.752995793701e+00
30 5 1.718543217997e-102 -1.986950190429e-57 2.566004685873e-51 6.727736412330e-51 5.962195801647e-02 2.191244742126e+00
30 6 1.990688829587e-95 -6.076880547101e-53 -2.618803883326e-47 1.337946885873e-47 -3.139631744311e-01 2.629493690551e+00
30 7 1.578237231645e-89 -1.538840087878e-49 -1.006507204742e-44 -2.884314710223e-44 -8.458387759412e-02 3.067742638977e+00
30 8 1.294307296082e-83 -3.027542904175e-46 3.160303559529e-41 9.367560204588e-43 3.099355265988e-01 3.505991587402e+00
30 9 1.499286637059e-78 -1.032453340174e-43 -6.969825009990e-39 9.898151119523e-39 1.106971588516e-01 3.944240535827e+00
30 10 2.936412029383e-73 -4.500298760608e-41 -9.526008092690e-37 -5.876057940751e-36 -3.042010101291e-01 4.382489484252e+00
30 11 1.100607690803e-68 -4.706410656257e-39 8.411625103910e-34 9.484372533955e-34 -1.383473727451e-01 4.820738432677e+00
30 12 8.888721873347e-64 -8.108612071059e-37 -3.468523735192e-31 -1.848136025951e-31 2.962559867183e-01 5.258987381103e+00
30 13 1.566434200562e-59 -3.944950073594e-35 5.321114511082e-29 1.905789921387e-29 1.679653044784e-01 5.697236329528e+00
30 14 6.794447365854e-55 -3.682762624688e-33 -1.161806835524e-26 -5.072119508789e-27 -2.853637041612e-01 6.135485277953e+00
30 15 0.000000000000e+00 -1.056247281309e-31 0.000000000000e+00 0.000000000000e+00 -2.000377873537e-01 6.573734226378e+00
30 16 0.000000000000e+00 -6.463899825046e-30 0.000000000000e+00 0.000000000000e+00 2.704355174905e-01 7.011983174804e+00
30 17 0.000000000000e+00 -1.263269086784e-28 0.000000000000e+00 0.000000000000e+00 2.351132516688e-01 7.450232123229e+00
30 18 0.000000000000e+00 -5.740937391154e-27 0.000000000000e+00 0.000000000000e+00 -2.498227965258e-01 7.888481071654e+00
30 19 0.000000000000e+00 -8.385263600828e-26 0.000000000000e+00 0.000000000000e+00 -2.737884004527e-01 8.326730020079e+00
30 20 0.000000000000e+00 0.000000000000e+00 0.000000000000e+00 0.000000000000e+00 2.209328204821e-01 8.764978968504e+00
30 21 0.000000000000e+00 0.000000000000e+00 0.000000000000e+00 0.000000000000e+00 3.166365130036e-01 9.203227916930e+00
30 22 0.000000000000e+00 -1.146342639716e-21 0.000000000000e+00 0.000000000000e+00 -1.794655500668e-01 9.641476865355e+00
30 23 0.000000000000e+00 -1.088762536485e-20 0.000000000000e+00 0.000000000000e+00 -3.639557079883e-01 1.007972581378e+01
30 24 0.000000000000e+00 -3.223231406853e-19 0.000000000000e+00 0.000000000000e+00 1.177276040545e-01 1.051797476221e+01
30 25 0.000000000000e+00 -2.531076602319e-18 0.000000000000e+00 0.000000000000e+00 4.149169180990e-01 1.095622371063e+01
30 26 0.000000000000e+00 -7.441461015092e-17 0.000000000000e+00 0.000000000000e+00 -2.024065267530e-02 1.139447265906e+01
30 27 0.000000000000e+00 0.000000000000e+00 0.000000000000e+00 0.000000000000e+00 -4.643398868276e-01 1.183272160748e+01
30 28 0.000000000000e+00 0.000000000000e+00 0.000000000000e+00 0.000000000000e+00 -1.516989535272e-01 1.227097055591e+01
30 29 0.000000000000e+00 0.000000000000e+00 0.000000000000e+00 0.000000000000e+00 4.860865855798e-01 1.270921950433e+01
30 30 3.064121332187e-06 0.000000000000e+00 5.177659700826e-02 -2.543782096585e-02 5.795588438899e-01 1.314746845276e+01
