2 1 5.558309276509e-10 -3.056139817911e-05 -1.870494942446e-05 2.202148467564e-05 2.777426992889e-01 4.889172644565e-01
2 2 5.532715392482e-03 -1.569536332054e-03 1.822284594782e-01 -5.644834093230e-03 9.387474228540e-02 9.778345289130e-01
3 1 6.062504266010e-16 -1.225290862409e-07 7.983289517548e-09 2.910008123442e-08 -3.413148247647e-01 4.889172644565e-01
3 2 5.331883274350e-09 -2.511635608944e-05 1.704735393155e-04 -5.450965318838e-05 -3.425567215118e-01 9.778345289130e-01
3 3 5.208900151955e-03 -9.402122293831e-04 -9.694594723328e-02 -2.470066065519e-01 -1.387700337014e-01 1.466751793370e+00
4 1 1.946149039934e-22 -4.348166927335e-10 1.243908392603e-11 1.172892899485e-11 -8.835055800226e-02 4.889172644565e-01
4 2 5.376624550957e-15 -2.706989079241e-07 -1.099086015382e-07 -1.422020493496e-07 3.120336874653e-01 9.778345289130e-01
4 3 3.797495086376e-08 -1.493558977484e-05 -3.881627338012e-04 -6.022061483832e-04 3.826198344615e-01 1.466751793370e+00
4 4 3.978617954226e-03 -4.737241557395e-04 -2.803585662177e-01 1.304184353250e-01 1.750716410117e-01 1.955669057826e+00
5 1 4.428461180649e-28 -1.498553002338e-12 2.328700934233e-14 1.108334246908e-14 3.263283185949e-01 4.889172644565e-01
5 2 2.431592550866e-21 -2.122772191285e-09 -1.199232435041e-10 1.505901489741e-11 1.455382778064e-01 9.778345289130e-01
5 3 4.199680862443e-14 -2.550772483639e-07 2.660603308812e-07 7.049109932690e-07 -2.852315827608e-01 1.466751793370e+00
5 4 1.586386018709e-07 -8.132648806384e-06 -1.834366826710e-03 6.688285700742e-04 -4.108998825355e-01 1.955669057826e+00
5 5 2.928481315312e-03 -2.348296922537e-04 1.103673297338e-01 3.126957545091e-01 -2.064741754578e-01 2.444586322283e+00
6 1 1.703949759589e-34 -3.195163350325e-15 1.568040978346e-17 3.169640270622e-18 5.492117873978e-02 4.889172644565e-01
6 2 8.736964933309e-27 -1.963708030522e-11 -1.640469961736e-13 1.599310277165e-13 -3.171715767588e-01 9.778345289130e-01
6 3 1.722513474553e-20 -2.820462969721e-09 4.524868815595e-10 -1.676145482042e-10 -1.890710335496e-01 1.466751793370e+00
6 4 3.510344620414e-13 -1.845077079321e-07 1.298813532866e-06 -2.597839174636e-06 2.596755193397e-01 1.955669057826e+00
6 5 3.728337269255e-07 -4.284749226084e-06 -3.005823745510e-04 3.729468325454e-03 4.320247146077e-01 2.444586322283e+00
6 6 2.150440313984e-03 -1.176598869272e-04 3.373380852816e-01 -4.976397296351e-02 2.344355242451e-01 2.933503586739e+00
7 1 2.540472479844e-40 -7.906030052064e-18 1.953215753235e-20 2.383623966851e-22 -3.224364918965e-01 4.889172644565e-01
7 2 6.928837943711e-33 -1.077821442133e-13 -6.020183016963e-17 1.949419053162e-16 -9.637180924182e-02 9.778345289130e-01
7 3 6.030681809868e-26 -4.181472195174e-11 1.875865528426e-13 -8.831775542551e-13 3.069620566633e-01 1.466751793370e+00
7 4 1.266393052977e-19 -2.472936088402e-09 -1.733546891422e-09 1.951296881105e-10 2.243529832702e-01 1.955669057826e+00
7 5 0.000000000000e+00 -1.187648720607e-07 0.000000000000e+00 0.000000000000e+00 -2.352011265808e-01 2.444586322283e+00
7 6 5.939500488956e-07 -2.226104885925e-06 4.786972889679e-03 3.033072556059e-03 -4.483025382927e-01 2.933503586739e+00
7 7 1.587987551149e-03 -5.979123595529e-05 3.757653225470e-02 -3.397874537376e-01 -2.597398440256e-01 3.422420851196e+00
8 1 7.567676838608e-47 -1.024411759241e-20 1.054564643454e-23 -1.565500464481e-24 -4.038428708629e-02 4.889172644565e-01
8 2 2.269248513693e-38 -7.758314464249e-16 3.289947910731e-20 3.677608067316e-19 3.178960613067e-01 9.778345289130e-01
8 3 5.571398547727e-32 -3.533197465399e-13 -4.585776905318e-16 -7.367595666102e-16 1.303213746171e-01 1.466751793370e+00
8 4 3.822179825244e-25 -4.890155338400e-11 -1.982446833985e-13 3.024194611473e-12 -2.959233740081e-01 1.955669057826e+00
8 5 0.000000000000e+00 -1.796767144900e-09 0.000000000000e+00 0.000000000000e+00 -2.538898295493e-01 2.444586322283e+00
8 6 0.000000000000e+00 -7.189782448348e-08 0.000000000000e+00 0.000000000000e+00 2.117858498244e-01 2.933503586739e+00
8 7 7.524094043638e-07 -1.149549024759e-06 6.479851332979e-03 -3.658536732621e-03 4.610889856287e-01 3.422420851196e+00
8 8 1.180812595349e-03 -3.076762477045e-05 -3.088379992165e-01 -1.346224153515e-01 2.828854678384e-01 3.911338115652e+00
9 1 7.398461153642e-53 -1.795514304569e-23 1.012579129995e-26 -2.930579197871e-27 3.208346499528e-01 4.889172644565e-01
9 2 1.698984110636e-44 -2.878397728845e-18 1.295232587355e-22 2.920516233405e-22 7.301454613295e-02 9.778345289130e-01
9 3 2.274956092477e-37 -4.294926773249e-15 -1.606879931412e-18 -7.022006468635e-19 -3.124186104618e-01 1.466751793370e+00
9 4 3.395756476645e-31 -5.294865676519e-13 2.379352932113e-15 1.580822132979e-15 -1.592957428384e-01 1.955669057826e+00
9 5 2.628140657731e-24 -4.336911743897e-11 2.757982289707e-12 -9.543365547580e-12 2.843094274601e-01 2.444586322283e+00
9 6 0.000000000000e+00 -1.179775858818e-09 0.000000000000e+00 0.000000000000e+00 2.791144761617e-01 2.933503586739e+00
9 7 0.000000000000e+00 -4.198953372078e-08 0.000000000000e+00 0.000000000000e+00 -1.894127748417e-01 3.422420851196e+00
9 8 8.297473155773e-07 -5.922057963856e-07 -2.210123818648e-04 -8.928020822414e-03 -4.712594824902e-01 3.911338115652e+00
9 9 8.837795258341e-04 -1.599435606749e-05 -2.220866825778e-01 2.412366217723e-01 -3.042227282998e-01 4.400255380109e+00
10 1 1.648106811512e-59 -1.534128585234e-26 4.581014411292e-30 -1.941074504568e-30 3.208737665242e-02 4.889172644565e-01
10 2 4.313059642116e-50 -1.561008018154e-20 3.260741972392e-25 3.908870880454e-25 -3.181058720750e-01 9.778345289130e-01
10 3 2.360914880596e-43 -2.646116218254e-17 -1.778656893678e-21 1.665005659035e-22 -1.007588310313e-01 1.466751793370e+00
10 4 1.414052726899e-36 -8.876582255424e-15 5.661354900709e-18 -1.389267554372e-18 3.062027875773e-01 1.955669057826e+00
10 5 2.089438516190e-30 -5.509982666115e-13 -7.774497824031e-15 -4.244067644676e-15 1.846180407529e-01 2.444586322283e+00
10 6 0.000000000000e+00 -3.305361630999e-11 0.000000000000e+00 0.000000000000e+00 -2.723330437567e-01 2.933503586739e+00
10 7 0.000000000000e+00 -7.289879887369e-10 0.000000000000e+00 0.000000000000e+00 -3.009528916367e-01 3.422420851196e+00
10 8 0.000000000000e+00 -2.397377642630e-08 0.000000000000e+00 0.000000000000e+00 1.680519405801e-01 3.911338115652e+00
10 9 8.372222571691e-07 -3.049164211324e-07 -9.042235865221e-03 -4.482362584171e-03 4.794150232891e-01 4.400255380109e+00
10 10 6.652366852083e-04 -8.381416605450e-06 1.430600954865e-01 2.818650652237e-01 3.240142411418e-01 4.889172644565e+00
11 1 1.117356759094e-65 -1.970812875555e-29 3.583790491529e-33 -1.984539686943e-33 -3.200164693108e-01 4.889172644565e-01
11 2 2.702958475587e-56 -4.087980223034e-23 3.254616640072e-28 2.376157138793e-28 -5.907289969529e-02 9.778345289130e-01
11 3 8.652726232486e-49 -2.539645912271e-19 -2.964315773469e-24 1.705598740857e-24 3.146503454506e-01 1.466751793370e+00
11 4 1.622899885937e-42 -7.402811660265e-17 3.725775247972e-21 -5.011825429912e-21 1.250670781104e-01 1.955669057826e+00
11 5 8.135407985318e-36 -1.152183041386e-14 -1.476284939352e-17 9.355707360121e-18 -2.994058095210e-01 2.444586322283e+00
11 6 1.392749438593e-29 -4.689997859135e-13 2.093009536953e-14 1.774781925283e-14 -2.070876259895e-01 2.933503586739e+00
11 7 0.000000000000e+00 -2.296940467803e-11 0.000000000000e+00 0.000000000000e+00 2.601584584616e-01 3.422420851196e+00
11 8 0.000000000000e+00 -4.331148432529e-10 0.000000000000e+00 0.000000000000e+00 3.200514864723e-01 3.911338115652e+00
11 9 0.000000000000e+00 -1.348339497165e-08 0.000000000000e+00 0.000000000000e+00 -1.476622403372e-01 4.400255380109e+00
11 10 7.955114224306e-07 -1.570601114791e-07 -8.836709940802e-03 6.433743742879e-03 -4.859861479865e-01 4.889172644565e+00
11 11 5.031703841402e-04 -4.419592232886e-06 3.010555671029e-01 -2.843712464388e-02 -3.424654090247e-01 5.378089909022e+00
12 1 1.894194975248e-72 -1.185805038391e-32 1.391204965438e-36 -9.536786946826e-37 -2.667580288664e-02 4.889172644565e-01
12 2 5.251808562319e-62 -1.697287020804e-25 5.141491616479e-31 2.261974001454e-31 3.181903309666e-01 9.778345289130e-01
12 3 8.374789107055e-55 -1.165385935722e-21 -2.094681771980e-27 2.633029557145e-27 8.258105599807e-02 1.466751793370e+00
12 4 6.851471419868e-48 -1.014384108132e-18 6.748728791343e-25 -1.281373420239e-23 -3.106193237584e-01 1.955669057826e+00
12 5 9.269273200960e-42 -1.174750479101e-16 -2.245116989193e-21 1.852039894929e-20 -1.467731763192e-01 2.444586322283e+00
12 6 4.891091304119e-35 -1.154666630897e-14 4.208383934923e-17 -2.955577309817e-17 2.921581688382e-01 2.933503586739e+00
12 7 0.000000000000e+00 -3.530236633224e-13 0.000000000000e+00 0.000000000000e+00 2.272374312027e-01 3.422420851196e+00
12 8 0.000000000000e+00 -1.502418007003e-11 0.000000000000e+00 0.000000000000e+00 -2.479086856562e-01 3.911338115652e+00
12 9 0.000000000000e+00 -2.505443494979e-10 0.000000000000e+00 0.000000000000e+00 -3.368855973432e-01 4.400255380109e+00
12 10 0.000000000000e+00 -7.504809824746e-09 0.000000000000e+00 0.000000000000e+00 1.281959132835e-01 4.889172644565e+00
12 11 7.244945482834e-07 -8.097355330475e-08 1.724616531220e-03 1.134420246260e-02 4.912911308311e-01 5.378089909022e+00
12 12 3.821563110056e-04 -2.341864920909e-06 8.380637793909e-02 -2.750066159633e-01 3.597416603450e-01 5.867007173478e+00
13 1 9.362155628219e-79 -1.156706677020e-35 9.167364222565e-40 -7.521486304672e-40 3.195414005992e-01 4.889172644565e-01
13 2 2.689976982866e-68 -3.278347554425e-28 3.924031104351e-34 8.732942086544e-35 4.971939310043e-02 9.778345289130e-01
13 3 2.578556558909e-60 -8.875987953894e-24 -1.965236645263e-30 5.567155657575e-30 -3.157964516829e-01 1.466751793370e+00
13 4 8.073295414453e-54 -6.571118672509e-21 -6.199403893565e-27 -1.247301876873e-26 -1.035339925385e-01 1.955669057826e+00
13 5 4.034483780099e-47 -2.060282610967e-18 2.295263913835e-23 3.143338406406e-23 3.061177122258e-01 2.444586322283e+00
13 6 5.234943712937e-41 -1.357385104370e-16 -6.931384001371e-21 -5.274911163588e-20 1.664057241391e-01 2.933503586739e+00
13 7 0.000000000000e+00 -9.866896445360e-15 0.000000000000e+00 0.000000000000e+00 -2.845675680167e-01 3.422420851196e+00
13 8 0.000000000000e+00 -2.450913634569e-13 0.000000000000e+00 0.000000000000e+00 -2.454483619116e-01 3.911338115652e+00
13 9 0.000000000000e+00 -9.424447516505e-12 0.000000000000e+00 0.000000000000e+00 2.356746808966e-01 4.400255380109e+00
13 10 0.000000000000e+00 -1.422143096809e-10 0.000000000000e+00 0.000000000000e+00 3.518179128792e-01 4.889172644565e+00
13 11 0.000000000000e+00 -4.146160229128e-09 0.000000000000e+00 0.000000000000e+00 -1.096022242443e-01 5.378089909022e+00
13 12 6.396759018906e-07 -4.179464658611e-08 1.114442259173e-02 3.761636985262e-03 -4.955710344741e-01 5.867007173478e+00
13 13 2.912625083189e-04 -1.245637630963e-06 -2.084195586399e-01 -1.746181311584e-01 -3.759790679794e-01 6.355924437935e+00
14 1 1.238110529512e-85 -5.150405330304e-39 3.106255349033e-43 -2.991115297562e-43 2.285107725317e-02 4.889172644565e-01
14 2 4.063265834378e-74 -1.066805742183e-30 4.936384557601e-37 2.076603583664e-38 -3.182316853509e-01 9.778345289130e-01
14 3 2.191911587834e-66 -3.123192393165e-26 -2.136195125546e-34 5.439054113124e-33 -7.014740415862e-02 1.466751793370e+00
14 4 3.111384386880e-59 -7.352603248340e-23 -2.167402535099e-29 -1.667127059637e-29 3.129497591476e-01 1.955669057826e+00
14 5 5.125412133957e-53 -1.686972623133e-20 4.211670700652e-26 1.227557105379e-26 1.225021991465e-01 2.444586322283e+00
14 6 2.212580045584e-46 -2.857883418318e-18 -9.508054831026e-23 -5.406496114489e-23 -3.012285894210e-01 2.933503586739e+00
14 7 3.113668827306e-40 -1.288858541379e-16 2.242390403759e-20 1.497068104657e-19 -1.843257816134e-01 3.422420851196e+00
14 8 0.000000000000e+00 -7.588092093067e-15 0.000000000000e+00 0.000000000000e+00 2.767220927191e-01 3.911338115652e+00
14 9 0.000000000000e+00 -1.608842743214e-13 0.000000000000e+00 0.000000000000e+00 2.620066729580e-01 4.400255380109e+00
14 10 0.000000000000e+00 -5.736309416945e-12 0.000000000000e+00 0.000000000000e+00 -2.235231709604e-01 4.889172644565e+00
14 11 0.000000000000e+00 -7.961366514075e-11 0.000000000000e+00 0.000000000000e+00 -3.651328666113e-01 5.378089909022e+00
14 12 0.000000000000e+00 -2.278124408180e-09 0.000000000000e+00 0.000000000000e+00 9.182997621854e-02 5.867007173478e+00
14 13 5.517705247887e-07 -2.159963115036e-08 8.493447997289e-03 -8.241082328668e-03 4.990120241507e-01 6.355924437935e+00
14 14 2.226494474906e-04 -6.645264618179e-07 -2.291277633167e-01 1.142093202892e-01 3.912913461714e-01 6.844841702391e+00
15 1 4.643277230611e-92 -3.932270901411e-42 1.763348535965e-46 -1.965831666405e-46 -3.192408044824e-01 4.889172644565e-01
15 2 1.704689183920e-80 -1.576345747555e-33 3.176934902665e-40 -3.852294185360e-41 -4.297648274261e-02 9.778345289130e-01
15 3 5.590330927439e-72 -1.916334223505e-28 2.001770656934e-36 8.459293498115e-36 3.164688160928e-01 1.466751793370e+00
15 4 3.443582820860e-65 -3.771078728978e-25 -2.789353097220e-32 -7.033913910134e-33 8.858604364386e-02 1.955669057826e+00
15 5 2.189266426344e-58 -2.471443961887e-22 8.672462188594e-29 -2.644181815542e-29 -3.097264534059e-01 2.444586322283e+00
15 6 2.827881884524e-52 -2.771687846667e-20 -1.185777049029e-25 3.506523509394e-26 -1.398639287466e-01 2.933503586739e+00
15 7 1.236768739181e-45 -3.126810007455e-18 2.863996941827e-22 9.484130039958e-23 2.960210221811e-01 3.422420851196e+00
15 8 0.000000000000e+00 -1.074368176717e-16 0.000000000000e+00 0.000000000000e+00 2.007946355647e-01 3.911338115652e+00
15 9 0.000000000000e+00 -5.422405326136e-15 0.000000000000e+00 0.000000000000e+00 -2.686933703443e-01 4.400255380109e+00
15 10 0.000000000000e+00 -1.014211656782e-13 0.000000000000e+00 0.000000000000e+00 -2.771355991033e-01 4.889172644565e+00
15 11 0.000000000000e+00 -3.414101245071e-12 0.000000000000e+00 0.000000000000e+00 2.115027262691e-01 5.378089909022e+00
15 12 0.000000000000e+00 -4.410833278739e-11 0.000000000000e+00 0.000000000000e+00 3.770582902620e-01 5.867007173478e+00
15 13 0.000000000000e+00 -1.246594616215e-09 0.000000000000e+00 0.000000000000e+00 -7.482909281121e-02 6.355924437935e+00
15 14 4.674777692928e-07 -1.117723114665e-08 -3.426049126376e-03 -1.121952680222e-02 -5.017601896086e-01 6.844841702391e+00
15 15 1.706342702685e-04 -3.553404340893e-07 1.047328525109e-02 2.399033077222e-01 -4.057747095251e-01 7.333758966848e+00
16 1 4.903965705917e-99 -1.345923162401e-45 5.282078724660e-50 -6.764165365249e-50 -1.999782857078e-02 4.889172644565e-01
16 2 2.043386379588e-86 -4.111717580640e-36 3.376383406530e-43 -9.360312045329e-44 3.182547571111e-01 9.778345289130e-01
16 3 4.094785386866e-78 -5.310988642327e-31 3.446768413710e-39 6.593226398553e-39 6.105725442404e-02 1.466751793370e+00
16 4 1.166140665333e-70 -3.478296053275e-27 -5.253886565946e-35 6.481681353362e-36 -3.143412637005e-01 1.955669057826e+00
16 5 2.776066675347e-64 -1.645135555959e-24 6.988577591383e-32 -7.442879176488e-32 -1.054455087638e-01 2.444586322283e+00
16 6 1.247701539786e-57 -4.964109177046e-22 -1.409460213465e-28 2.181672201950e-28 3.061844189418e-01 2.933503586739e+00
16 7 1.526019169839e-51 -3.445183314010e-20 2.690941410456e-25 -1.997380952030e-25 1.558845551923e-01 3.422420851196e+00
16 8 7.305596845050e-45 -2.920650156902e-18 -7.943426252340e-22 -2.669475068180e-22 -2.905533186740e-01 3.911338115652e+00
16 9 0.000000000000e+00 -8.177245505930e-17 0.000000000000e+00 0.000000000000e+00 -2.160100581647e-01 4.400255380109e+00
16 10 0.000000000000e+00 -3.673836595584e-15 0.000000000000e+00 0.000000000000e+00 2.605394780140e-01 4.889172644565e+00
16 11 0.000000000000e+00 -6.203639187198e-14 0.000000000000e+00 0.000000000000e+00 2.910141620684e-01 5.378089909022e+00
16 12 0.000000000000e+00 -1.997522531972e-12 0.000000000000e+00 0.000000000000e+00 -1.996483199830e-01 5.867007173478e+00
16 13 0.000000000000e+00 -2.424372347538e-11 0.000000000000e+00 0.000000000000e+00 -3.877797740827e-01 6.355924437935e+00
16 14 2.912587102685e-09 -6.799982836843e-10 8.310922976217e-04 -4.082766189938e-04 5.855155215014e-02 6.844841702391e+00
16 15 3.905194792298e-07 -5.791338097527e-09 -1.130854775151e-02 -2.021617098029e-03 5.039317285247e-01 7.333758966848e+00
16 16 1.310581158999e-04 -1.903581836482e-07 2.083297804558e-01 8.360549876756e-02 4.195113880367e-01 7.822676231304e+00
17 1 1.440552699698e-105 -8.247864318348e-49 2.624291257590e-53 -3.840473221361e-53 3.190384475308e-01 4.889172644565e-01
17 2 7.091626778062e-93 -4.787668960090e-39 1.893164819786e-46 -8.224273992740e-47 3.787122845577e-02 9.778345289130e-01
17 3 8.673942108537e-84 -2.668789101828e-33 7.067446633761e-42 8.203677969771e-42 -3.168993613211e-01 1.466751793370e+00
17 4 1.167816951072e-76 -1.440521888681e-29 -4.742820376698e-38 2.359954143827e-38 -7.753916928951e-02 1.955669057826e+00
17 5 1.099238090368e-69 -2.024940142298e-26 5.668453949475e-35 -1.950933555332e-34 3.119073526483e-01 2.444586322283e+00
17 6 1.680049623475e-63 -4.001189916328e-24 1.906283706958e-32 3.007926377347e-31 1.210087083667e-01 2.933503586739e+00
17 7 6.661109631407e-57 -7.215036826649e-22 6.146723382979e-29 -6.974556047506e-28 -3.023710134277e-01 3.422420851196e+00
17 8 8.492161802865e-51 -3.553529513629e-20 -6.334386443089e-25 6.442466177913e-25 -1.707590855927e-01 3.911338115652e+00
17 9 0.000000000000e+00 -2.441837957691e-18 0.000000000000e+00 0.000000000000e+00 2.848749153678e-01 4.400255380109e+00
17 10 0.000000000000e+00 -5.825953710001e-17 0.000000000000e+00 0.000000000000e+00 2.301271051375e-01 4.889172644565e+00
17 11 0.000000000000e+00 -2.391817408592e-15 0.000000000000e+00 0.000000000000e+00 -2.523074504716e-01 5.378089909022e+00
17 12 0.000000000000e+00 -3.708050420670e-14 0.000000000000e+00 0.000000000000e+00 -3.037890599224e-01 5.867007173478e+00
17 13 0.000000000000e+00 -1.153223912808e-12 0.000000000000e+00 0.000000000000e+00 1.879847180040e-01 6.355924437935e+00
17 14 0.000000000000e+00 -1.324302739603e-11 0.000000000000e+00 0.000000000000e+00 3.974505899097e-01 6.844841702391e+00
17 15 3.115525396829e-09 -3.700221536170e-10 7.917300571883e-05 -1.023023270615e-03 -4.295189153558e-02 7.333758966848e+00
17 16 3.225813220937e-07 -3.004443514759e-09 -6.737550213595e-03 8.867710500258e-03 -5.056201377519e-01 7.822676231304e+00
17 17 1.008522190504e-04 -1.021228813943e-07 1.518823046419e-01 -1.439011741439e-01 -4.325722522148e-01 8.311593495761e+00
18 1 1.240242760301e-112 -2.235744069176e-52 7.013625052130e-57 -1.170834064310e-56 1.778459334609e-02 4.889172644565e-01
18 2 6.880631233993e-99 -1.021017822222e-41 1.744206783880e-49 -1.044721050081e-49 -3.182688805647e-01 9.778345289130e-01
18 3 5.455865104704e-90 -5.961149626651e-36 6.855078399338e-45 5.172717298091e-45 -5.409975966862e-02 1.466751793370e+00
18 4 3.431063993295e-82 -1.108525984400e-31 -6.496683306836e-41 6.343876451134e-41 3.152437859718e-01 1.955669057826e+00
18 5 1.320099017434e-75 -1.111711026020e-28 -3.296661488658e-38 -2.201833682010e-37 9.272782342083e-02 2.444586322283e+00
18 6 7.208970996658e-69 -6.116784444850e-26 3.723376908463e-34 5.011494646537e-34 -3.092103133005e-01 2.933503586739e+00
18 7 9.076831703400e-63 -6.731041469024e-24 -5.066697321915e-31 -6.413210811083e-31 -1.354794659313e-01 3.422420851196e+00
18 8 3.569857847275e-56 -8.439401185924e-22 3.803730866413e-28 1.812952463055e-27 2.983263966810e-01 3.911338115652e+00
18 9 0.000000000000e+00 -3.214897689037e-20 0.000000000000e+00 0.000000000000e+00 1.846363751172e-01 4.400255380109e+00
18 10 0.000000000000e+00 -1.883072466898e-18 0.000000000000e+00 0.000000000000e+00 -2.790277698630e-01 4.889172644565e+00
18 11 0.000000000000e+00 -3.950147822865e-17 0.000000000000e+00 0.000000000000e+00 -2.432707651101e-01 5.378089909022e+00
18 12 0.000000000000e+00 -1.510178318989e-15 0.000000000000e+00 0.000000000000e+00 2.440353633578e-01 5.867007173478e+00
18 13 0.000000000000e+00 -2.176781165161e-14 0.000000000000e+00 0.000000000000e+00 3.155825702215e-01 6.355924437935e+00
18 14 0.000000000000e+00 -6.587713850224e-13 0.000000000000e+00 0.000000000000e+00 -1.765289990952e-01 6.844841702391e+00
18 15 0.000000000000e+00 -7.198614321246e-12 0.000000000000e+00 0.000000000000e+00 -4.061987784442e-01 7.333758966848e+00
18 16 0.000000000000e+00 -2.009593068048e-10 0.000000000000e+00 0.000000000000e+00 2.798743584677e-02 7.822676231304e+00
18 17 2.640471984148e-07 -1.560512944833e-09 4.642087482904e-03 9.646916897399e-03 5.069014087329e-01 8.311593495761e+00
18 18 7.773603959064e-05 -5.484858944772e-08 -6.174046393771e-02 -1.844356817176e-01 4.450188234550e-01 8.800510760217e+00
19 1 2.927602124370e-119 -1.122870782042e-55 3.082800859065e-60 -5.870857428604e-60 -3.188956785843e-01 4.889172644565e-01
19 2 1.998822824899e-105 -9.597470170878e-45 8.646304451825e-53 -6.732410659136e-53 -3.386508047997e-02 9.778345289130e-01
19 3 9.679060499188e-96 -2.491387713083e-38 1.031016147008e-47 4.953412024425e-48 3.171927295486e-01 1.466751793370e+00
19 4 3.061289183933e-88 -3.773947322853e-34 -4.170883352164e-44 7.494622172836e-44 6.901243968614e-02 1.955669057826e+00
19 5 4.723292650654e-81 -1.159887936164e-30 -2.184108046260e-40 -3.600673142692e-40 -3.133341482367e-01 2.444586322283e+00
19 6 9.586671520550e-75 -4.140638212904e-28 6.616308477088e-37 2.838874206387e-37 -1.068412117372e-01 2.933503586739e+00
19 7 4.019908884828e-68 -1.219222349418e-25 -1.679000031920e-33 -3.733628820413e-34 3.062848317234e-01 3.422420851196e+00
19 8 4.770195258771e-62 -8.833455167708e-24 1.895397077261e-30 9.963730541626e-31 1.490101830914e-01 3.911338115652e+00
19 9 1.985612060876e-55 -8.469803190938e-22 -1.586945095852e-27 -4.651653925276e-27 -2.940851886104e-01 4.400255380109e+00
19 10 0.000000000000e+00 -2.642947961826e-20 0.000000000000e+00 0.000000000000e+00 -1.976336611012e-01 4.889172644565e+00
19 11 0.000000000000e+00 -1.366585926705e-18 0.000000000000e+00 0.000000000000e+00 2.730475036981e-01 5.378089909022e+00
19 12 0.000000000000e+00 -2.578165702567e-17 0.000000000000e+00 0.000000000000e+00 2.555440459134e-01 5.867007173478e+00
19 13 0.000000000000e+00 -9.308531633186e-16 0.000000000000e+00 0.000000000000e+00 -2.357540298557e-01 6.355924437935e+00
19 14 0.000000000000e+00 -1.259660787788e-14 0.000000000000e+00 0.000000000000e+00 -3.264980256013e-01 6.844841702391e+00
19 15 0.000000000000e+00 -3.731168187261e-13 0.000000000000e+00 0.000000000000e+00 1.652924355866e-01 7.333758966848e+00
19 16 0.000000000000e+00 -3.897710018343e-12 0.000000000000e+00 0.000000000000e+00 4.141323499550e-01 7.822676231304e+00
19 17 0.000000000000e+00 -1.089723623435e-10 0.000000000000e+00 0.000000000000e+00 -1.361835212382e-02 8.311593495761e+00
19 18 2.145274589206e-07 -8.114538953364e-10 1.021444679163e-02 2.445241646184e-04 -5.078378540114e-01 8.800510760217e+00
19 19 6.000440678644e-05 -2.948445615093e-08 -1.791527690491e-01 -2.094152970920e-02 -4.569048445847e-01 9.289428024674e+00
20 1 2.091204495888e-126 -2.468869139539e-59 7.393552027621e-64 -1.610653075995e-63 -1.601622231969e-02 4.889172644565e-01
20 2 1.597818964482e-111 -1.702225389863e-47 6.991535354627e-56 -6.863754584218e-56 3.182781431006e-01 9.778345289130e-01
20 3 5.243465790755e-102 -4.573280732108e-41 8.132420294186e-51 2.177557817009e-51 4.859235208039e-02 1.466751793370e+00
20 4 7.787819469275e-94 -2.452384969357e-36 -3.230756396068e-47 1.329326017879e-46 -3.158649061884e-01 1.955669057826e+00
20 5 5.234565397520e-87 -5.325693769625e-33 -3.508684777911e-43 -2.709990764062e-43 -8.284329261099e-02 2.444586322283e+00
20 6 3.858688047204e-80 -5.438710111434e-30 1.439978838490e-39 -1.133046469565e-40 3.112042943826e-01 2.933503586739e+00
20 7 5.619598024329e-74 -9.702857962722e-28 -1.868768506679e-36 8.021421720606e-37 1.200403027674e-01 3.422420851196e+00
20 8 2.110903047687e-67 -1.834762549263e-25 4.289566998461e-33 -1.374918631533e-33 -3.031600953159e-01 3.911338115652e+00
20 9 2.548426628874e-61 -9.725859758876e-24 -5.415524166109e-30 -1.294367422545e-30 -1.617184765233e-01 4.400255380109e+00
20 10 0.000000000000e+00 -7.598419796276e-22 0.000000000000e+00 0.000000000000e+00 2.896774566569e-01 4.889172644565e+00
20 11 0.000000000000e+00 -2.021588547227e-20 0.000000000000e+00 0.000000000000e+00 2.098456913113e-01 5.378089909022e+00
20 12 0.000000000000e+00 -9.463751998980e-19 0.000000000000e+00 0.000000000000e+00 -2.669643694222e-01 5.867007173478e+00
20 13 0.000000000000e+00 -1.633070228938e-17 0.000000000000e+00 0.000000000000e+00 -2.670333695275e-01 6.355924437935e+00
20 14 0.000000000000e+00 -5.628374427460e-16 0.000000000000e+00 0.000000000000e+00 2.274883693594e-01 6.844841702391e+00
20 15 0.000000000000e+00 -7.205406972199e-15 0.000000000000e+00 0.000000000000e+00 3.366237404251e-01 7.333758966848e+00
20 16 0.000000000000e+00 -2.098559177620e-13 0.000000000000e+00 0.000000000000e+00 -1.542819046697e-01 7.822676231304e+00
20 17 0.000000000000e+00 -2.103754464434e-12 0.000000000000e+00 0.000000000000e+00 -4.213431872311e-01 8.311593495761e+00
20 18 0.000000000000e+00 -5.901736775282e-11 0.000000000000e+00 0.000000000000e+00 -1.924022418789e-04 8.800510760217e+00
20 19 1.732214362150e-07 -4.224033861129e-10 4.614849372415e-03 -8.521939993883e-03 5.084809727087e-01 9.289428024674e+00
20 20 4.637563630563e-05 -1.586069389651e-08 -8.855287972941e-02 1.414907435456e-01 4.682775270199e-01 9.778345289130e+00
21 1 4.050490600585e-133 -1.034141838295e-62 2.893019547786e-67 -7.243348723595e-67 3.187911706900e-01 4.889172644565e-01
21 2 3.931036947521e-118 -1.317698810837e-50 3.079328467245e-59 -3.759568552169e-59 3.063422645093e-02 9.778345289130e-01
21 3 7.868570970483e-108 -1.611876852739e-43 1.027453103137e-53 8.925376346060e-55 -3.174021296518e-01 1.466751793370e+00
21 4 6.158145247112e-100 -6.972117774090e-39 1.714669917877e-51 1.216373968799e-49 -6.221635359492e-02 1.955669057826e+00
21 5 1.673951035472e-92 -4.754861195711e-35 -7.537004205387e-46 -2.459193612872e-46 3.143226876729e-01 2.444586322283e+00
21 6 4.894226511510e-86 -3.125717394360e-32 1.406090984742e-42 -8.180443718819e-43 9.576412016954e-02 2.933503586739e+00
21 7 2.415509668152e-79 -1.527667650346e-29 -2.352693904289e-39 3.498815332151e-39 -3.088809783515e-01 3.422420851196e+00
21 8 2.994136164212e-73 -1.660568160217e-27 2.739386894542e-36 -4.612646895915e-36 -1.324475921427e-01 3.911338115652e+00
21 9 1.102374149846e-66 -2.262106246232e-25 -9.051128767039e-33 7.224136389017e-33 2.998613284897e-01 4.400255380109e+00
21 10 1.415380195771e-60 -9.413641922128e-24 1.443763924170e-29 2.033524745758e-30 1.736975994972e-01 4.889172644565e+00
21 11 0.000000000000e+00 -6.263280510819e-22 0.000000000000e+00 0.000000000000e+00 -2.851294060035e-01 5.378089909022e+00
21 12 0.000000000000e+00 -1.462562365195e-20 0.000000000000e+00 0.000000000000e+00 -2.213506889699e-01 5.867007173478e+00
21 13 0.000000000000e+00 -6.316362668615e-19 0.000000000000e+00 0.000000000000e+00 2.608040721894e-01 6.355924437935e+00
21 14 0.000000000000e+00 -1.009941783334e-17 0.000000000000e+00 0.000000000000e+00 2.778123065204e-01 6.844841702391e+00
21 15 0.000000000000e+00 -3.350466288830e-16 0.000000000000e+00 0.000000000000e+00 -2.192585075794e-01 7.333758966848e+00
21 16 0.000000000000e+00 -4.082649915470e-15 0.000000000000e+00 0.000000000000e+00 -3.460359089235e-01 7.822676231304e+00
21 17 0.000000000000e+00 -1.173513954260e-13 0.000000000000e+00 0.000000000000e+00 1.435009538629e-01 8.311593495761e+00
21 18 0.000000000000e+00 -1.132553921196e-12 0.000000000000e+00 0.000000000000e+00 4.279100306769e-01 8.800510760217e+00
21 19 0.000000000000e+00 -3.192984220363e-11 0.000000000000e+00 0.000000000000e+00 1.347919389907e-02 9.289428024674e+00
21 20 1.391477891478e-07 -2.201060695255e-10 -5.178323927468e-03 -7.535332417307e-03 -5.088736275097e-01 9.778345289130e+00
21 21 3.588196537272e-05 -8.536617424624e-09 8.263521313042e-02 1.301458120653e-01 -4.791785543588e-01 1.026726255359e+01
22 1 2.437002936354e-140 -1.880760005044e-66 6.236872879955e-71 -1.808654132194e-70 1.457001751991e-02 4.889172644565e-01
22 2 2.629444266171e-124 -1.972442334517e-53 2.190446768785e-62 -3.316465204081e-62 -3.182845475123e-01 9.778345289130e-01
22 3 3.691804343594e-114 -2.472099865652e-46 7.042399848079e-57 -5.551538277072e-58 -4.411871315558e-02 1.466751793370e+00
22 4 1.360285621017e-105 -3.869189363445e-41 4.494475193389e-53 1.751253816733e-52 3.163118591963e-01 1.955669057826e+00
22 5 1.690394104583e-98 -1.849286796829e-37 -7.966792740825e-49 4.109531502288e-51 7.492035531927e-02 2.444586322283e+00
22 6 1.813783760956e-91 -3.554248362206e-34 1.837070938449e-45 -2.536183293673e-45 -3.125934293556e-01 2.933503586739e+00
22 7 3.320876103338e-85 -1.045863652030e-31 -3.016052187652e-43 4.934463612665e-42 -1.079046186105e-01 3.422420851196e+00
22 8 1.326158061390e-78 -3.028039660540e-29 -1.455618570573e-39 -1.119626842174e-38 3.063864660174e-01 3.911338115652e+00
22 9 1.547809562592e-72 -2.272887292462e-27 -9.504866764116e-37 1.368933184625e-35 1.441587858393e-01 4.400255380109e+00
22 10 5.897198508641e-66 -2.408499236017e-25 1.883118270590e-32 -2.304574530925e-32 -2.964106491179e-01 4.889172644565e+00
22 11 0.000000000000e+00 -8.265366469290e-24 0.000000000000e+00 0.000000000000e+00 -1.850232088219e-01 5.378089909022e+00
22 12 0.000000000000e+00 -4.835341549541e-22 0.000000000000e+00 0.000000000000e+00 2.804639172980e-01 5.867007173478e+00
22 13 0.000000000000e+00 -1.012672871505e-20 0.000000000000e+00 0.000000000000e+00 2.322143893398e-01 6.355924437935e+00
22 14 0.000000000000e+00 -4.092833598712e-19 0.000000000000e+00 0.000000000000e+00 -2.545884655959e-01 6.844841702391e+00
22 15 0.000000000000e+00 -6.125440950486e-18 0.000000000000e+00 0.000000000000e+00 -2.879442447480e-01 7.333758966848e+00
22 16 0.000000000000e+00 -1.969018678734e-16 0.000000000000e+00 0.000000000000e+00 2.110806606122e-01 7.822676231304e+00
22 17 0.000000000000e+00 -2.295158832845e-15 0.000000000000e+00 0.000000000000e+00 3.548007969041e-01 8.311593495761e+00
22 18 0.000000000000e+00 -6.530673716450e-14 0.000000000000e+00 0.000000000000e+00 -1.329506101723e-01 8.800510760217e+00
22 19 0.000000000000e+00 -6.084159626628e-13 0.000000000000e+00 0.000000000000e+00 -4.339007985281e-01 9.289428024674e+00
22 20 0.000000000000e+00 -1.726012098943e-11 0.000000000000e+00 0.000000000000e+00 -2.627386213204e-02 9.778345289130e+00
22 21 1.112907547298e-07 -1.148028023409e-10 -8.513633846658e-03 1.109843511622e-03 5.090517197727e-01 1.026726255359e+01
22 22 2.778978552328e-05 -4.596534910325e-09 1.411563317558e-01 -1.662155964043e-02 4.896448991559e-01 1.075617981804e+01
23 1 3.941081395264e-147 -6.668183300636e-70 2.173734250953e-74 -7.380195733861e-74 -3.187123622838e-01 4.889172644565e-01
23 2 5.538841524927e-131 -1.278538188720e-56 8.523510844334e-66 -1.612788146381e-65 -2.797160971926e-02 9.778345289130e-01
23 3 4.733511813170e-120 -7.438565688519e-49 7.779082634615e-60 -1.862965377040e-60 3.175570878936e-01 1.466751793370e+00
23 4 9.530153320475e-112 -9.312705146654e-44 6.922427661496e-56 1.345728252923e-55 5.666410257914e-02 1.955669057826e+00
23 5 4.813844531257e-104 -1.425953774083e-39 -1.281959287035e-51 4.050908651334e-52 -3.150379603565e-01 2.444586322283e+00
23 6 2.152428323813e-97 -1.752222996257e-36 7.996730447013e-49 -3.316416106109e-48 -8.684224082925e-02 2.933503586739e+00
23 7 1.351069255397e-90 -1.440004468012e-33 4.179383647938e-45 9.053415081679e-45 3.106985665364e-01 3.422420851196e+00
23 8 1.902858153227e-84 -2.385095231462e-31 -9.166797895589e-42 -9.943823662014e-42 1.193651580498e-01 3.911338115652e+00
23 9 6.888404131247e-78 -4.681184132044e-29 1.842759856202e-38 2.232584509773e-38 -3.037399132413e-01 4.400255380109e+00
23 10 8.055101890785e-72 -2.638384937286e-27 -8.562309299594e-36 -3.371215434010e-35 -1.552504013815e-01 4.889172644565e+00
23 11 0.000000000000e+00 -2.294573563120e-25 0.000000000000e+00 0.000000000000e+00 2.928276041645e-01 5.378089909022e+00
23 12 0.000000000000e+00 -6.729248565055e-24 0.000000000000e+00 0.000000000000e+00 1.957579015058e-01 5.867007173478e+00
23 13 0.000000000000e+00 -3.544676743830e-22 0.000000000000e+00 0.000000000000e+00 -2.757009910963e-01 6.355924437935e+00
23 14 0.000000000000e+00 -6.768975521551e-21 0.000000000000e+00 0.000000000000e+00 -2.424928571106e-01 6.844841702391e+00
23 15 0.000000000000e+00 -2.588942358108e-19 0.000000000000e+00 0.000000000000e+00 2.483361388305e-01 7.333758966848e+00
23 16 0.000000000000e+00 -3.656134279645e-18 0.000000000000e+00 0.000000000000e+00 2.974843500612e-01 7.822676231304e+00
23 17 0.000000000000e+00 -1.144858135725e-16 0.000000000000e+00 0.000000000000e+00 -2.029678467037e-01 8.311593495761e+00
23 18 0.000000000000e+00 -1.281823605298e-15 0.000000000000e+00 0.000000000000e+00 -3.629764337090e-01 8.800510760217e+00
23 19 0.000000000000e+00 -3.619582598638e-14 0.000000000000e+00 0.000000000000e+00 1.226299979890e-01 9.289428024674e+00
23 20 0.000000000000e+00 -3.262714930158e-13 0.000000000000e+00 0.000000000000e+00 4.393744156099e-01 9.778345289130e+00
23 21 0.000000000000e+00 -9.323553911002e-12 0.000000000000e+00 0.000000000000e+00 3.860588352006e-02 1.026726255359e+01
23 22 8.868219759035e-08 -5.993281319420e-11 -2.699714857223e-03 7.561599832888e-03 -5.090454931562e-01 1.075617981804e+01
23 23 2.154109295410e-05 -2.475788286061e-09 4.284021261289e-02 -1.236106898465e-01 -4.997094940761e-01 1.124509708250e+01
24 1 2.023354350171e-154 -1.019575374711e-73 4.191414427532e-78 -1.692118054979e-77 -1.336482244740e-02 4.889172644565e-01
24 2 3.142256580620e-137 -1.635820634705e-59 5.266558687370e-69 -1.269022214334e-68 3.182891639293e-01 9.778345289130e-01
24 3 1.936025673079e-126 -9.667220799904e-52 4.743748504738e-63 -1.914910212788e-63 4.040949758809e-02 1.466751793370e+00
24 4 1.836816312829e-117 -4.459083436314e-46 1.332161660799e-58 1.624618704457e-58 -3.166448723311e-01 1.955669057826e+00
24 5 4.404351874423e-110 -4.751447186996e-42 -1.068588999293e-54 7.154565813228e-55 -6.841662928813e-02 2.444586322283e+00
24 6 7.276311179389e-103 -1.738011091542e-38 -8.106760821858e-52 -6.219768816047e-51 3.136030374560e-01 2.933503586739e+00
24 7 1.781801088444e-96 -8.552015084587e-36 8.927877335561e-48 7.171064777417e-48 9.808816560593e-02 3.422420851196e+00
24 8 8.183130464952e-90 -3.837158897896e-33 -2.714508284854e-44 -7.052478616140e-45 -3.086557640972e-01 3.911338115652e+00
24 9 1.003937338946e-83 -4.135725340382e-31 3.439121405900e-41 6.212915148606e-42 -1.302251485982e-01 4.400255380109e+00
24 10 3.537693154784e-77 -6.022314694271e-29 -6.511448673822e-38 -3.276404118702e-38 3.009581405513e-01 4.889172644565e+00
24 11 4.309159962516e-71 -2.702481006362e-27 3.685532327929e-35 8.045427466030e-35 1.657848595195e-01 5.378089909022e+00
24 12 0.000000000000e+00 -2.005270837066e-25 0.000000000000e+00 0.000000000000e+00 -2.891295439607e-01 5.867007173478e+00
24 13 0.000000000000e+00 -5.160943105120e-24 0.000000000000e+00 0.000000000000e+00 -2.059543445059e-01 6.355924437935e+00
24 14 0.000000000000e+00 -2.492636765595e-22 0.000000000000e+00 0.000000000000e+00 2.708581255145e-01 6.844841702391e+00
24 15 0.000000000000e+00 -4.396535723289e-21 0.000000000000e+00 0.000000000000e+00 2.522345077449e-01 7.333758966848e+00
24 16 0.000000000000e+00 -1.605434599232e-19 0.000000000000e+00 0.000000000000e+00 -2.420629109341e-01 7.822676231304e+00
24 17 0.000000000000e+00 -2.153347221402e-18 0.000000000000e+00 0.000000000000e+00 -3.064810419424e-01 8.311593495761e+00
24 18 0.000000000000e+00 -6.597039255409e-17 0.000000000000e+00 0.000000000000e+00 1.949304609435e-01 8.800510760217e+00
24 19 0.000000000000e+00 -7.119247004864e-16 0.000000000000e+00 0.000000000000e+00 3.706139416218e-01 9.289428024674e+00
24 20 0.000000000000e+00 -1.999190057770e-14 0.000000000000e+00 0.000000000000e+00 -1.125368132547e-01 9.778345289130e+00
24 21 0.000000000000e+00 -1.747118454790e-13 0.000000000000e+00 0.000000000000e+00 -4.443822723692e-01 1.026726255359e+01
24 22 2.090138998780e-09 -5.033358614450e-12 -1.056912274133e-03 -6.342972720402e-04 -5.050254119666e-02 1.075617981804e+01
24 23 7.044351640510e-08 -3.131451520552e-11 5.127904523106e-03 5.447344784031e-03 5.088805585193e-01 1.124509708250e+01
24 24 1.671018844156e-05 -1.333828821934e-09 -8.492335222432e-02 -8.511306704490e-02 5.094017880296e-01 1.173401434696e+01
25 1 2.772247333410e-161 -3.098645773905e-77 1.288889110509e-81 -6.322663028433e-81 3.186514594991e-01 4.889172644565e-01
25 2 5.723875004738e-144 -9.004941057877e-63 1.759388059463e-72 -5.593931097152e-72 2.573835936918e-02 9.778345289130e-01
25 3 2.141203743579e-132 -2.510393199041e-54 4.655284871599e-66 -2.696632632697e-66 -3.176751202105e-01 1.466751793370e+00
25 4 1.142709769709e-123 -9.195474814304e-49 1.285465362175e-61 1.045761338339e-61 -5.203793394674e-02 1.955669057826e+00
25 5 1.117089502202e-115 -3.191554773679e-44 -1.338742372715e-57 1.549920439429e-57 3.155733968914e-01 2.444586322283e+00
25 6 7.994133073907e-109 -7.419957349456e-41 -3.006532153076e-54 -5.846769890941e-54 7.948865932337e-02 2.933503586739e+00
25 7 6.764028165074e-102 -1.036227228568e-37 2.165205281448e-50 5.383810145942e-51 -3.120247440709e-01 3.422420851196e+00
25 8 1.152972664880e-95 -2.648226689216e-35 -3.199124754449e-47 9.210882002443e-48 -1.087415710130e-01 3.911338115652e+00
25 9 4.440655328278e-89 -7.573526004199e-33 6.542380820624e-44 -3.349738956144e-44 3.064801136257e-01 4.400255380109e+00
25 10 5.134121686445e-83 -5.854165787763e-31 -8.323132340245e-41 2.799383120870e-41 1.405486661985e-01 4.889172644565e+00
25 11 1.843664336368e-76 -6.737015523687e-29 1.798753446970e-37 3.391893885823e-38 -2.980561011474e-01 5.378089909022e+00
25 12 0.000000000000e+00 -2.511501375798e-27 0.000000000000e+00 0.000000000000e+00 -1.758139855362e-01 5.867007173478e+00
25 13 0.000000000000e+00 -1.636618234699e-25 0.000000000000e+00 0.000000000000e+00 2.853319081861e-01 6.355924437935e+00
25 14 0.000000000000e+00 -3.772385293167e-24 0.000000000000e+00 0.000000000000e+00 2.156574903355e-01 6.844841702391e+00
25 15 0.000000000000e+00 -1.694332579305e-22 0.000000000000e+00 0.000000000000e+00 -2.659506409513e-01 7.333758966848e+00
25 16 0.000000000000e+00 -2.788738663630e-21 0.000000000000e+00 0.000000000000e+00 -2.614815936683e-01 7.822676231304e+00
25 17 0.000000000000e+00 -9.777901443715e-20 0.000000000000e+00 0.000000000000e+00 2.357822463852e-01 8.311593495761e+00
25 18 0.000000000000e+00 -1.254101231244e-18 0.000000000000e+00 0.000000000000e+00 3.149771277055e-01 8.800510760217e+00
25 19 0.000000000000e+00 -3.772530846603e-17 0.000000000000e+00 0.000000000000e+00 -1.869767409294e-01 9.289428024674e+00
25 20 0.000000000000e+00 -3.935408591610e-16 0.000000000000e+00 0.000000000000e+00 -3.777585963907e-01 9.778345289130e+00
25 21 0.000000000000e+00 -1.100930571692e-14 0.000000000000e+00 0.000000000000e+00 1.026676888602e-01 1.026726255359e+01
25 22 0.000000000000e+00 -9.344026584131e-14 0.000000000000e+00 0.000000000000e+00 4.489694014563e-01 1.075617981804e+01
25 23 0.000000000000e+00 -2.715886942755e-12 0.000000000000e+00 0.000000000000e+00 6.198909162685e-02 1.124509708250e+01
25 24 5.580381176338e-08 -1.637472802956e-11 6.672928421278e-03 -1.936145212193e-03 -5.085787071371e-01 1.173401434696e+01
25 25 1.297147288033e-05 -7.187245322113e-10 -1.044088244669e-01 3.571030564544e-02 -5.187482104172e-01 1.222293161141e+01
26 1 1.228251760851e-168 -4.038479437151e-81 2.178189081296e-85 -1.340636793852e-84 1.234474523361e-02 4.889172644565e-01
26 2 2.786709067773e-150 -9.956806595621e-66 8.928084300926e-76 -3.993081079416e-75 -3.182926048223e-01 9.778345289130e-01
26 3 7.685479363159e-139 -2.798419098708e-57 2.546281596925e-69 -1.976162679861e-69 -3.728226605819e-02 1.466751793370e+00
26 4 1.932678836721e-129 -3.834126433316e-51 1.899727397279e-64 1.017567202723e-64 3.169000211650e-01 1.955669057826e+00
26 5 9.243561969588e-122 -9.204090022964e-47 -8.231938133089e-61 1.671273491422e-60 6.297547815115e-02 2.444586322283e+00
26 6 2.454922640900e-114 -6.466693188980e-43 -8.275271907770e-57 -8.016018196787e-57 -3.143616448773e-01 2.933503586739e+00
26 7 8.430496255695e-108 -5.380862494152e-40 2.457277267346e-53 -4.076629641990e-54 -8.996821976024e-02 3.422420851196e+00
26 8 4.725747524109e-101 -3.778824208566e-37 -4.784183354885e-50 4.747339769037e-50 3.103175272649e-01 3.911338115652e+00
26 9 6.494892327005e-95 -5.915395815786e-35 4.172255558472e-47 -7.849008089734e-47 1.188692837047e-01 4.400255380109e+00
26 10 2.289255347044e-88 -1.196262724954e-32 -9.093229313063e-44 1.615995173584e-43 -3.041848275500e-01 4.889172644565e+00
26 11 2.625614660903e-82 -7.099139474141e-31 1.677822246036e-40 -1.398765478678e-40 -1.503883281940e-01 5.378089909022e+00
26 12 0.000000000000e+00 -6.759002758679e-29 0.000000000000e+00 0.000000000000e+00 2.950471872526e-01 5.867007173478e+00
26 13 0.000000000000e+00 -2.160649177911e-27 0.000000000000e+00 0.000000000000e+00 1.853814749156e-01 6.355924437935e+00
26 14 0.000000000000e+00 -1.264121892560e-25 0.000000000000e+00 0.000000000000e+00 -2.814484583437e-01 6.844841702391e+00
26 15 0.000000000000e+00 -2.651265760495e-24 0.000000000000e+00 0.000000000000e+00 -2.249061824927e-01 7.333758966848e+00
26 16 0.000000000000e+00 -1.119826464214e-22 0.000000000000e+00 0.000000000000e+00 2.609919604902e-01 7.822676231304e+00
26 17 0.000000000000e+00 -1.734253337681e-21 0.000000000000e+00 0.000000000000e+00 2.702713212141e-01 8.311593495761e+00
26 18 0.000000000000e+00 -5.889261821006e-20 0.000000000000e+00 0.000000000000e+00 -2.295056045809e-01 8.800510760217e+00
26 19 0.000000000000e+00 -7.234592680113e-19 0.000000000000e+00 0.000000000000e+00 -3.230106904661e-01 9.289428024674e+00
26 20 0.000000000000e+00 -2.143291323646e-17 0.000000000000e+00 0.000000000000e+00 1.791131455161e-01 9.778345289130e+00
26 21 0.000000000000e+00 -2.166651879377e-16 0.000000000000e+00 0.000000000000e+00 3.844506844654e-01 1.026726255359e+01
26 22 0.000000000000e+00 -6.047179572604e-15 0.000000000000e+00 0.000000000000e+00 -9.301847718983e-02 1.075617981804e+01
26 23 0.000000000000e+00 -4.992283274349e-14 0.000000000000e+00 0.000000000000e+00 -4.531754355978e-01 1.124509708250e+01
26 24 0.000000000000e+00 -1.464786303087e-12 0.000000000000e+00 0.000000000000e+00 -7.308892468697e-02 1.173401434696e+01
26 25 4.410292670716e-08 -8.568992596600e-12 1.218667896546e-03 -6.317802587276e-03 5.081585613783e-01 1.222293161141e+01
26 26 1.007532862943e-05 -3.873272728698e-10 -1.279251820479e-02 1.003289666030e-01 5.277725612377e-01 1.271184887587e+01
27 1 1.443661584976e-175 -1.063619248924e-84 5.696441376955e-89 -4.621508206742e-88 -3.186034165932e-01 4.889172644565e-01
27 2 4.429234168423e-157 -4.711370051251e-69 2.255286028619e-79 -1.615581126801e-78 -2.383771134029e-02 9.778345289130e-01
27 3 7.396738743688e-145 -6.331689010126e-60 2.227907146670e-72 -2.243857492192e-72 3.177671805562e-01 1.466751793370e+00
27 4 1.071347813010e-135 -6.845658207141e-54 1.528390556322e-67 4.884371556472e-68 4.812100458285e-02 1.955669057826e+00
27 5 2.092509466337e-127 -5.428274630255e-49 -5.994099700404e-64 2.738198541298e-63 -3.159853231953e-01 2.444586322283e+00
27 6 2.483258894266e-120 -2.411458008824e-45 -1.038363621131e-59 -5.142849565398e-60 -7.331491263839e-02 2.933503586739e+00
27 7 2.962542014124e-113 -5.773178744701e-42 3.980887428793e-56 -2.440344689438e-56 3.130244517184e-01 3.422420851196e+00
27 8 6.416821799502e-107 -2.300199924610e-39 -2.448901979049e-53 7.462155192064e-53 9.992549358770e-02 3.911338115652e+00
27 9 2.792805452038e-100 -9.674976348155e-37 -1.513943893513e-50 -1.837038807545e-49 -3.084936451605e-01 4.400255380109e+00
27 10 3.401876056901e-94 -1.036371459146e-34 3.880495467516e-47 2.226838144046e-46 -1.285257365911e-01 4.889172644565e+00
27 11 1.162597641388e-87 -1.593934719823e-32 2.681579937236e-44 -4.588728968967e-43 3.017816608981e-01 5.378089909022e+00
27 12 1.368537806683e-81 -7.630225794481e-31 -3.199721865230e-40 4.400033403184e-40 1.597880223994e-01 5.867007173478e+00
27 13 0.000000000000e+00 -6.219059574340e-29 0.000000000000e+00 0.000000000000e+00 -2.919434475325e-01 6.355924437935e+00
27 14 0.000000000000e+00 -1.746586043636e-27 0.000000000000e+00 0.000000000000e+00 -1.945246676756e-01 6.844841702391e+00
27 15 0.000000000000e+00 -9.333774928828e-26 0.000000000000e+00 0.000000000000e+00 2.774914739757e-01 7.333758966848e+00
27 16 0.000000000000e+00 -1.803784928548e-24 0.000000000000e+00 0.000000000000e+00 2.337343436237e-01 7.822676231304e+00
27 17 0.000000000000e+00 -7.229560466205e-23 0.000000000000e+00 0.000000000000e+00 -2.559938523961e-01 8.311593495761e+00
27 18 0.000000000000e+00 -1.060643897141e-21 0.000000000000e+00 0.000000000000e+00 -2.786367066870e-01 8.800510760217e+00
27 19 0.000000000000e+00 -3.500210995365e-20 0.000000000000e+00 0.000000000000e+00 2.232427340123e-01 9.289428024674e+00
27 20 0.000000000000e+00 -4.139569639316e-19 0.000000000000e+00 0.000000000000e+00 3.306157956657e-01 9.778345289130e+00
27 21 0.000000000000e+00 -1.210837000782e-17 0.000000000000e+00 0.000000000000e+00 -1.713446640591e-01 1.026726255359e+01
27 22 0.000000000000e+00 -1.188704354159e-16 0.000000000000e+00 0.000000000000e+00 -3.907262039325e-01 1.075617981804e+01
27 23 0.000000000000e+00 -3.314205622665e-15 0.000000000000e+00 0.000000000000e+00 8.358446916231e-02 1.124509708250e+01
27 24 0.000000000000e+00 -2.664942493087e-14 0.000000000000e+00 0.000000000000e+00 4.570353940761e-01 1.173401434696e+01
27 25 0.000000000000e+00 -7.897165019306e-13 0.000000000000e+00 0.000000000000e+00 8.382371469851e-02 1.222293161141e+01
27 26 3.478422735463e-08 -4.487391362562e-12 -4.681414726856e-03 -3.660740372414e-03 -5.076360993376e-01 1.271184887587e+01
27 27 7.830023910000e-06 -2.087510517022e-10 7.721150367619e-02 5.110332360980e-02 -5.364963408607e-01 1.320076614033e+01
28 1 5.574273740971e-183 -1.195580239468e-88 7.827687730127e-93 -9.116421483677e-92 -1.147000260562e-02 4.889172644565e-01
28 2 1.869768533263e-163 -4.545564268519e-72 6.431109713781e-83 -1.057908811098e-81 3.182952408418e-01 9.778345289130e-01
28 3 2.345079649671e-151 -6.118359852174e-63 1.089109209403e-75 -1.408466826308e-75 3.460881330648e-02 1.466751793370e+00
28 4 1.599447374476e-141 -2.506272101956e-56 1.942665329861e-70 2.639552637989e-71 -3.171000485176e-01 1.955669057826e+00
28 5 1.566557291369e-133 -1.367155512538e-51 3.751240030861e-68 2.425026558399e-66 -5.835203189248e-02 2.444586322283e+00
28 6 6.919380572579e-126 -1.859196945995e-47 -1.907768337136e-62 -3.189059766163e-63 3.149471682848e-01 2.933503586739e+00
28 7 3.458764632087e-119 -2.640505695752e-44 3.074392934858e-59 -4.000348958618e-59 8.313005153966e-02 3.422420851196e+00
28 8 2.478485580349e-112 -2.926566898845e-41 1.982378269760e-56 1.530723493101e-55 -3.115739103647e-01 3.911338115652e+00
28 9 4.009726334232e-106 -6.717495240751e-39 -1.282768681208e-52 -1.797943487527e-52 -1.094173409276e-01 4.400255380109e+00
28 10 1.501898353291e-99 -1.903226738450e-36 3.454183767661e-49 3.259773673439e-49 3.065637782254e-01 4.889172644565e+00
28 11 1.726978193185e-93 -1.507844052615e-34 -3.627654156217e-46 -4.269095499829e-46 1.377559500259e-01 5.378089909022e+00
28 12 5.950435430238e-87 -1.859407645299e-32 3.072444542679e-43 1.092040008324e-42 -2.992811818706e-01 5.867007173478e+00
28 13 0.000000000000e+00 -7.450273497143e-31 0.000000000000e+00 0.000000000000e+00 -1.687848677055e-01 6.355924437935e+00
28 14 0.000000000000e+00 -5.335921133006e-29 0.000000000000e+00 0.000000000000e+00 2.887557527570e-01 6.844841702391e+00
28 15 0.000000000000e+00 -1.341698716709e-27 0.000000000000e+00 0.000000000000e+00 2.032758507542e-01 7.333758966848e+00
28 16 0.000000000000e+00 -6.639144943403e-26 0.000000000000e+00 0.000000000000e+00 -2.734719218748e-01 7.822676231304e+00
28 17 0.000000000000e+00 -1.194300482031e-24 0.000000000000e+00 0.000000000000e+00 -2.421718719304e-01 8.311593495761e+00
28 18 0.000000000000e+00 -4.575783452714e-23 0.000000000000e+00 0.000000000000e+00 2.509666399283e-01 8.800510760217e+00
28 19 0.000000000000e+00 -6.395412334906e-22 0.000000000000e+00 0.000000000000e+00 2.866072441131e-01 9.289428024674e+00
28 20 0.000000000000e+00 -2.059193041938e-20 0.000000000000e+00 0.000000000000e+00 -2.170019202860e-01 9.778345289130e+00
28 21 0.000000000000e+00 -2.352038997918e-19 0.000000000000e+00 0.000000000000e+00 -3.378230612875e-01 1.026726255359e+01
28 22 0.000000000000e+00 -6.807216178554e-18 0.000000000000e+00 0.000000000000e+00 1.636750698692e-01 1.075617981804e+01
28 23 0.000000000000e+00 -6.501969856460e-17 0.000000000000e+00 0.000000000000e+00 3.966174434754e-01 1.124509708250e+01
28 24 0.000000000000e+00 -1.812851029115e-15 0.000000000000e+00 0.000000000000e+00 -7.436056432346e-02 1.173401434696e+01
28 25 0.000000000000e+00 -1.421536572087e-14 0.000000000000e+00 0.000000000000e+00 -4.605803334514e-01 1.222293161141e+01
28 26 0.000000000000e+00 -4.256215002270e-13 0.000000000000e+00 0.000000000000e+00 -9.421356127537e-02 1.271184887587e+01
28 27 2.738580611418e-08 -2.351522613311e-12 -4.968435422818e-03 2.302091049768e-03 5.070250808308e-01 1.320076614033e+01
28 28 6.088021519070e-06 -1.125121581072e-10 7.318264005730e-02 -4.257982680880e-02 5.449390303201e-01 1.368968340478e+01
29 1 5.681397373227e-190 -2.754804837372e-92 1.461032482850e-96 -2.917487470745e-95 3.185648491417e-01 4.889172644565e-01
29 2 2.614066882373e-170 -1.868255459827e-75 -5.669765537752e-87 -3.962499294638e-85 2.220009812682e-02 9.778345289130e-01
29 3 1.979878553570e-157 -1.216431639960e-65 8.406048600023e-79 -1.403447275970e-78 -3.178404186130e-01 1.466751793370e+00
29 4 7.932025943981e-148 -3.910216882648e-59 1.379927353177e-73 -4.404757936570e-75 -4.475994389971e-02 1.955669057826e+00
29 5 3.175108303654e-139 -7.130658236728e-54 8.074800334791e-70 3.357078697646e-69 3.163094365530e-01 2.444586322283e+00
29 6 6.428281748306e-132 -6.103151824631e-50 -1.852043349891e-65 2.137319232868e-66 6.805284482840e-02 2.933503586739e+00
29 7 1.120461390218e-124 -2.523325354794e-46 2.752107238264e-62 -8.653667159247e-62 -3.137982139760e-01 3.422420851196e+00
29 8 3.204853636223e-118 -1.581033401582e-43 9.195907696139e-59 1.494984111261e-58 -9.248051068790e-02 3.911338115652e+00
29 9 1.652359948894e-111 -9.857665350667e-41 -4.049413830435e-55 -1.924654539413e-55 3.100202252011e-01 4.400255380109e+00
29 10 2.229056219803e-105 -1.476188257013e-38 5.719040074029e-52 8.783597792437e-53 1.184905071522e-01 4.889172644565e+00
29 11 7.700610834820e-99 -3.059447485788e-36 -1.169311978787e-48 -1.793646068365e-49 -3.045374087653e-01 5.378089909022e+00
29 12 8.726548416315e-93 -1.896906194948e-34 1.234313197493e-45 6.031871052635e-46 -1.465976769195e-01 5.867007173478e+00
29 13 3.113434835593e-86 -1.951074385500e-32 -1.330646584872e-42 -2.476309526048e-42 2.966929560697e-01 6.355924437935e+00
29 14 0.000000000000e+00 -6.730977413798e-31 0.000000000000e+00 0.000000000000e+00 1.774106487754e-01 6.844841702391e+00
29 15 0.000000000000e+00 -4.323253000186e-29 0.000000000000e+00 0.000000000000e+00 -2.854939292979e-01 7.333758966848e+00
29 16 0.000000000000e+00 -9.880152817118e-28 0.000000000000e+00 0.000000000000e+00 -2.116632314935e-01 7.822676231304e+00
29 17 0.000000000000e+00 -4.577043592144e-26 0.000000000000e+00 0.000000000000e+00 2.693996036995e-01 8.311593495761e+00
29 18 0.000000000000e+00 -7.728012149821e-25 0.000000000000e+00 0.000000000000e+00 2.502453294007e-01 8.800510760217e+00
29 19 0.000000000000e+00 -2.847628127591e-23 0.000000000000e+00 0.000000000000e+00 -2.459193829342e-01 9.289428024674e+00
29 20 0.000000000000e+00 -3.809625806729e-22 0.000000000000e+00 0.000000000000e+00 -2.942094343832e-01 9.778345289130e+00
29 21 0.000000000000e+00 -1.200803812231e-20 0.000000000000e+00 0.000000000000e+00 2.107901956519e-01 1.026726255359e+01
29 22 0.000000000000e+00 -1.328268819869e-19 0.000000000000e+00 0.000000000000e+00 3.446601238831e-01 1.075617981804e+01
29 23 0.000000000000e+00 -3.810677136799e-18 0.000000000000e+00 0.000000000000e+00 -1.561071287014e-01 1.124509708250e+01
29 24 0.000000000000e+00 -3.547077904738e-17 0.000000000000e+00 0.000000000000e+00 -4.021534648858e-01 1.173401434696e+01
29 25 0.000000000000e+00 -9.899286003073e-16 0.000000000000e+00 0.000000000000e+00 6.534140301488e-02 1.222293161141e+01
29 26 0.000000000000e+00 -7.578064795207e-15 0.000000000000e+00 0.000000000000e+00 4.638378897140e-01 1.271184887587e+01
29 27 0.000000000000e+00 -2.293235870894e-13 0.000000000000e+00 0.000000000000e+00 1.042771196148e-01 1.320076614033e+01
29 28 2.152680649938e-08 -1.233045611349e-12 -1.988575914426e-04 5.030766009484e-03 -5.063373955551e-01 1.368968340478e+01
29 29 4.735619590059e-06 -6.064268578806e-11 -5.145120958071e-03 -7.717001418028e-02 -5.531183307495e-01 1.417860066924e+01
30 1 1.928402461839e-197 -2.698064627896e-96 8.427908051050e-101 -5.381097817168e-99 1.071148807376e-02 4.889172644565e-01
30 2 9.655582182714e-177 -1.586219424354e-78 -2.081355948467e-89 -2.399478136557e-88 -3.182973068818e-01 9.778345289130e-01
30 3 5.578655826840e-164 -1.028399898042e-68 3.585553417170e-82 -7.909027876590e-82 -3.229628288062e-02 1.466751793370e+00
30 4 1.051355939408e-153 -1.266388122039e-61 1.560288858294e-76 -3.033230829453e-77 3.172599013726e-01 1.955669057826e+00
30 5 2.154117670368e-145 -1.581101809037e-56 1.230073613577e-72 2.564229121104e-72 5.437218610876e-02 2.444586322283e+00
30 6 1.626175690599e-137 -4.188804502351e-52 -2.750713670449e-68 1.107357393733e-68 -3.154092086408e-01 2.933503586739e+00
30 7 1.219074985677e-130 -1.023397145630e-48 -2.189723346965e-66 -9.469400258539e-65 -7.728594741263e-02 3.422420851196e+00
30 8 1.158565279910e-123 -1.802763983975e-45 2.720117012766e-61 1.933267804159e-61 3.125487642248e-01 3.911338115652e+00
30 9 2.294939611597e-117 -6.116610148821e-43 -5.280249232924e-58 1.960114197536e-59 1.014151106708e-01 4.400255380109e+00
30 10 9.581310762746e-111 -2.446001533709e-40 1.096484469432e-54 -4.865908708661e-55 -3.083722428699e-01 4.889172644565e+00
30 11 1.161049981249e-104 -2.607977191551e-38 -1.260812429979e-51 7.213692667759e-52 -1.271839393158e-01 5.378089909022e+00
30 12 3.880628336076e-98 -4.198209639163e-36 2.737400769801e-48 -9.484709379264e-49 3.024230654623e-01 5.867007173478e+00
30 13 4.465238733726e-92 -2.124971969675e-34 -3.326330899538e-45 -5.191255204425e-46 1.550829729228e-01 6.355924437935e+00
30 14 0.000000000000e+00 -1.878931528888e-32 0.000000000000e+00 0.000000000000e+00 -2.940256798392e-01 6.844841702391e+00
30 15 0.000000000000e+00 -5.705693738265e-31 0.000000000000e+00 0.000000000000e+00 -1.856928838525e-01 7.333758966848e+00
30 16 0.000000000000e+00 -3.340090129080e-29 0.000000000000e+00 0.000000000000e+00 2.821668710597e-01 7.822676231304e+00
30 17 0.000000000000e+00 -7.022368496087e-28 0.000000000000e+00 0.000000000000e+00 2.197116775346e-01 8.311593495761e+00
30 18 0.000000000000e+00 -3.073032490066e-26 0.000000000000e+00 0.000000000000e+00 -2.652832855356e-01 8.800510760217e+00
30 19 0.000000000000e+00 -4.903621384132e-25 0.000000000000e+00 0.000000000000e+00 -2.579784787049e-01 9.289428024674e+00
30 20 0.000000000000e+00 -1.746621662807e-23 0.000000000000e+00 0.000000000000e+00 2.408600351043e-01 9.778345289130e+00
30 21 0.000000000000e+00 0.000000000000e+00 0.000000000000e+00 0.000000000000e+00 3.014672105451e-01 1.026726255359e+01
30 22 0.000000000000e+00 -6.948926430780e-21 0.000000000000e+00 0.000000000000e+00 -2.046135164195e-01 1.075617981804e+01
30 23 0.000000000000e+00 -7.461331991286e-20 0.000000000000e+00 0.000000000000e+00 -3.511520237190e-01 1.124509708250e+01
30 24 0.000000000000e+00 -2.125248452037e-18 0.000000000000e+00 0.000000000000e+00 1.486427708529e-01 1.173401434696e+01
30 25 0.000000000000e+00 -1.930603570588e-17 0.000000000000e+00 0.000000000000e+00 4.073605084167e-01 1.222293161141e+01
30 26 0.000000000000e+00 -5.397491159162e-16 0.000000000000e+00 0.000000000000e+00 -5.652146902476e-02 1.271184887587e+01
30 27 0.000000000000e+00 -4.037656675414e-15 0.000000000000e+00 0.000000000000e+00 -4.668327328529e-01 1.320076614033e+01
30 28 0.000000000000e+00 -1.235268120794e-13 0.000000000000e+00 0.000000000000e+00 -1.140317203449e-01 1.368968340478e+01
30 29 1.689833246146e-08 -6.469471014086e-13 4.025189702070e-03 2.267723051713e-03 5.055833493594e-01 1.417860066924e+01
30 30 3.685066613640e-06 -3.268555478361e-11 -6.514610550334e-02 -2.715209787053e-02 5.610503688675e-01 1.466751793370e+01
