2. 1. 1.5077020516956564e-7 -0.000089120027786118 -0.00008896925758094843
2. 2. 0.018529349305763193 -0.004727134702900913 0.013802214602862281
3. 1. 5.457215898855674e-12 -3.4723446913315774e-7 -3.472290119172589e-7
3. 2. 7.033741750049015e-7 -0.00006557749374155663 -0.00006487411956655173
3. 3. 0.015974029922105604 -0.002484282694187461 0.013489747227918144
4. 1. 3.3316957639940563e-17 -1.1704749460763793e-9 -1.1704749127594217e-9
4. 2. 5.6173925269216615e-11 -6.989802500198738e-7 -6.989240760946046e-7
4. 3. 1.6861807756369602e-6 -0.000035515737086634636 -0.00003382955631099767
4. 4. 0.011449706352435002 -0.0011311471024856297 0.010318559249949373
5. 1. 1.2867680441552894e-21 -4.09927186886144e-12 -4.0992718675746715e-12
5. 2. 7.734077487816526e-16 -5.142065504623874e-9 -5.142064731216125e-9
5. 3. 2.656307320780494e-10 -6.071039600362246e-7 -6.068383293041464e-7
5. 4. 2.7739000779405314e-6 -0.000017741049063702637 -0.000014967148985762106
5. 5. 0.008025161791767996 -0.0005151383601313078 0.007510023431636689
6. 1. 7.589595979020956e-27 -8.626196311840291e-15 -8.626196311832701e-15
6. 2. 6.376951574937385e-20 -4.701045590472498e-11 -4.701045584095546e-11
6. 3. 5.507923207044193e-15 -6.294430328454183e-9 -6.2944248205309766e-9
6. 4. 8.828312493017821e-10 -4.0611039412887445e-7 -4.0522756287957265e-7
6. 5. 3.5805481423004225e-6 -8.608236444765347e-6 -5.027688302464925e-6
6. 6. 0.005655043508161574 -0.00023906972064078672 0.0054159737875207874
7. 1. 0. -2.2892800363724987e-17 -2.289280036372481e-17
7. 2. 9.523482060081368e-25 -2.415790903768539e-13 -2.4157909037590155e-13
7. 3. 6.275401609009069e-19 -9.22718187152509e-11 -9.227181808771073e-11
7. 4. 2.5993601226685123e-14 -5.09977071300608e-9 -5.099744719404854e-9
7. 5. 2.247155963402675e-9 -2.4219134770599533e-7 -2.399441917425927e-7
7. 6. 3.952422832203102e-6 -4.12857473291851e-6 -1.7615190071540772e-7
7. 7. 0.00402395925261867 -0.00011297610983751701 0.003910983142781153
8. 1. 0. -3.1246706066490413e-20 -3.1246706066490413e-20
8. 2. 5.637811869919346e-29 -1.730901579141676e-15 -1.7309015791416196e-15
8. 3. 1.400911021217624e-23 -7.241933034684034e-13 -7.241933034543943e-13
8. 4. 3.698285643758196e-18 -1.0006641269439073e-10 -1.0006640899610509e-10
8. 5. 9.555890983177263e-14 -3.4275149919459577e-9 -3.427419433036126e-9
8. 6. 4.572050108305232e-9 -1.3600677509736404e-7 -1.3143472498905882e-7
8. 7. 3.937710550035907e-6 -1.9711674004818946e-6 1.9665431495540123e-6
8. 8. 0.002890021354403779 -0.000054164895659861244 0.0028358564587439177
9. 1. 0. -6.318395134031865e-23 -6.318395134031865e-23
9. 2. 0. -6.106186728633083e-18 -6.106186728633082e-18
9. 3. 1.2547114360572053e-27 -8.667111678187947e-15 -8.667111678186693e-15
9. 4. 1.0443940618592892e-22 -1.004507200151626e-12 -1.0045072000471866e-12
9. 5. 1.6798913004707545e-17 -8.239508876535568e-11 -8.239507196644267e-11
9. 6. 2.8743302134934156e-13 -2.0831411685776736e-9 -2.0828537355563243e-9
9. 7. 7.727184428358787e-9 -7.374538754341171e-8 -6.601820311505293e-8
9. 8. 3.6605985761177593e-6 -9.399077807510396e-7 2.7206907953667193e-6
9. 9. 0.0020920775292597115 -0.00002625589582826464 0.002065821633431447
10. 1. 0. -6.16190861339738e-26 -6.16190861339738e-26
10. 2. 0. -3.357851989526633e-20 -3.357851989526633e-20
10. 3. 0. -4.98069371316856e-17 -4.9806937131685576e-17
10. 4. 1.18444083335808e-26 -1.6560632196662018e-14 -1.6560632196650172e-14
10. 5. 5.659152506163851e-22 -9.698567390706187e-13 -9.698567385047034e-13
10. 6. 6.366688516794271e-17 -5.832516588466083e-11 -5.832510221777566e-11
10. 7. 7.235006170429154e-13 -1.1920484316934621e-9 -1.1913249310764192e-9
10. 8. 1.1249881847752574e-8 -3.9115610890981654e-8 -2.786572904322908e-8
10. 9. 3.242462373841887e-6 -4.482905558832545e-7 2.7941718179586325e-6
10. 10. 0.0015243749404789907 -0.000012833237368811598 0.001511541703110179
11. 1. 0. -9.948724223038497e-29 -9.948724223038497e-29
11. 2. 0. -8.556769076548574e-23 -8.556769076548574e-23
11. 3. 0. -4.730998647047141e-19 -4.730998647047141e-19
11. 4. 0. -1.2806601256645483e-16 -1.280660125664545e-16
11. 5. 7.564341723501818e-26 -1.9971051281866567e-14 -1.9971051281790925e-14
11. 6. 2.521293186011155e-21 -7.663323003065364e-13 -7.663322977852432e-13
11. 7. 2.0729667712639894e-16 -3.7651734690287417e-11 -3.765152739361029e-11
11. 8. 1.5509557235110527e-12 -6.561733539718727e-10 -6.546223982483616e-10
11. 9. 1.4561064909117623e-8 -2.0447089966451616e-8 -5.886025057333991e-9
11. 10. 2.773934473184998e-6 -2.1403105008470752e-7 2.559903423100291e-6
11. 11. 0.0011167182930887831 -6.311873219783736e-6 0.0011104064198689994
12. 1. 0. 0. 0.
12. 2. 0. -3.694650004379738e-25 -3.694650004379738e-25
12. 3. 0. -2.044195282803368e-21 -2.044195282803368e-21
12. 4. 0. -1.7252803666591494e-18 -1.7252803666591492e-18
12. 5. 2.345401371668142e-30 -1.8838769415289788e-16 -1.8838769415289553e-16
12. 6. 3.8653599556517386e-25 -1.8617875341407755e-14 -1.861787534102122e-14
12. 7. 9.698887891267056e-21 -5.355172254180592e-13 -5.355172157191713e-13
12. 8. 5.875897309010325e-16 -2.2881658675980853e-11 -2.2881071086249952e-11
12. 9. 2.882506917601631e-12 -3.5180586385981707e-10 -3.4892335694221545e-10
12. 10. 1.718894517372211e-8 -1.0581265583821409e-8 6.6076795899007045e-9
12. 11. 2.312874302274479e-6 -1.023277734936472e-7 2.210546528780832e-6
12. 12. 0.000821730017444158 -3.11911124109031e-6 0.0008186109062030677
13. 1. 0. 0. 0.
13. 2. 0. -7.145461669551076e-28 -7.145461669551076e-28
13. 3. 0. -1.5566020853813787e-23 -1.5566020853813787e-23
13. 4. 0. -1.0407612638203055e-20 -1.0407612638203055e-20
13. 5. 0. -3.2433975718022414e-18 -3.243397571802241e-18
13. 6. 1.3700331459056252e-29 -2.0227832112466195e-16 -2.0227832112464824e-16
13. 7. 1.6958053621356726e-24 -1.4803487831842005e-14 -1.48034878301462e-14
13. 8. 3.290460329017922e-20 -3.4516024475679473e-13 -3.451602118521914e-13
13. 9. 1.4628469201148937e-15 -1.3337408490409018e-11 -1.3335945643488903e-11
13. 10. 4.73067807875926e-12 -1.851413990189915e-10 -1.8041072094023224e-10
13. 11. 1.887741284716299e-8 -5.436494445431241e-9 1.344091840173175e-8
13. 12. 1.8912890557107856e-6 -4.899764698620768e-8 1.842291408724578e-6
13. 13. 0.0006069102621379277 -1.5468917082440367e-6 0.0006053633704296837
14. 1. 0. 0. 0.
14. 2. 0. -2.492914473822527e-30 -2.492914473822527e-30
14. 3. 0. -5.224458026714074e-26 -5.224458026714074e-26
14. 4. 0. -1.149482190283328e-22 -1.149482190283328e-22
14. 5. 0. -2.4615484541205396e-20 -2.4615484541205396e-20
14. 6. 0. -4.182356127539897e-18 -4.182356127539895e-18
14. 7. 6.731097304122094e-29 -1.786027393808884e-16 -1.786027393808211e-16
14. 8. 6.596224208738548e-24 -1.0592985456854835e-14 -1.059298545025861e-14
14. 9. 9.946891771243638e-20 -2.1034189611629665e-13 -2.1034179664737894e-13
14. 10. 3.2260288424627254e-15 -7.544327153585342e-12 -7.54110112474288e-12
14. 11. 6.9788950603262635e-12 -9.611912736623903e-11 -8.914023230591276e-11
14. 12. 1.9582194631180016e-8 -2.7784741893702336e-9 1.6803720441809784e-8
14. 13. 1.5234902316909446e-6 -2.3498391467228653e-8 1.499991840223716e-6
14. 14. 0.00044964466644872733 -7.692628786975722e-7 0.00044887540357002977
15. 1. 0. 0. 0.
15. 2. 0. 0. 0.
15. 3. 0. -3.248868507689198e-28 -3.248868507689198e-28
15. 4. 0. -5.527386264581099e-25 -5.527386264581099e-25
15. 5. 0. -3.5428795899445763e-22 -3.5428795899445763e-22
15. 6. 0. -3.751202740577398e-20 -3.751202740577398e-20
15. 7. 0. -4.2600305679300045e-18 -4.260030567929995e-18
15. 8. 2.9120109576127354e-28 -1.384582379594998e-16 -1.384582379592086e-16
15. 9. 2.310254793818337e-23 -7.0427343118077836e-15 -7.0427342887052355e-15
15. 10. 2.6959700426323835e-19 -1.2310150652301975e-13 -1.2310123692601547e-13
15. 11. 6.3613209193272086e-15 -4.173364423300996e-12 -4.167003102381668e-12
15. 12. 9.406502223314612e-12 -4.9397973508170944e-11 -3.9991471284856335e-11
15. 13. 1.9409600100429568e-8 -1.414393113709087e-9 1.7995206986720482e-8
15. 14. 1.2128213928851024e-6 -1.1286828888440775e-8 1.2015345639966615e-6
15. 15. 0.00033400555010425643 -3.8335009938802155e-7 0.0003336222000048684