2. 1. 2.447708522447751e-11 -8.175910247364902e-15 2.4468909314230144e-11
2. 2. 5.6194764556899234e-8 -6.124856899882846e-12 5.618863969999935e-8
3. 1. 1.640607751080062e-13 -5.35126898664371e-19 1.6406023998110754e-13
3. 2. 1.7569838917379202e-12 -1.156680998769023e-17 1.7569723249279326e-12
3. 3. 1.7980819275794203e-9 -5.3725074149585145e-15 1.7980765550720054e-9
4. 1. 1.8602994709747708e-18 -2.9497752133169584e-25 1.8602991759972493e-18
4. 2. 3.977115778806559e-14 -3.430102299773476e-21 3.977115435796329e-14
4. 3. 8.810162315886378e-14 -1.3183561798122516e-20 8.810160997530198e-14
4. 4. 7.083807615202035e-11 -5.7568256536817e-18 7.08380703951947e-11
5. 1. 5.768105230703571e-21 -1.4219945051766887e-29 5.768105216483626e-21
5. 2. 1.2757815006690116e-18 -4.824363396564678e-27 1.2757814958446482e-18
5. 3. 3.648411828021652e-15 -8.377927855501222e-24 3.6484118196437245e-15
5. 4. 4.0150219787583455e-15 -1.4535536928541043e-23 4.015021964222809e-15
5. 5. 2.9860870223922075e-12 -6.575014973953066e-21 2.9860870158171923e-12
6. 1. 4.154293580765257e-26 0. 4.154293580348962e-26
6. 2. 1.2317197006074658e-20 0. 1.2317197005273756e-20
6. 3. 1.851144311956644e-19 -1.7332166046754342e-29 1.8511443117833223e-19
6. 4. 2.4526345286223195e-16 -1.5051860371811997e-26 2.452634528471801e-16
6. 5. 1.766170746190866e-16 -1.5988161237275293e-26 1.7661707460309845e-16
6. 6. 1.2964200793375952e-13 -7.717502864049386e-24 1.2964200792604201e-13
7. 1. 6.851831181653294e-29 0. 6.85183118164055e-29
7. 2. 2.6737666947619956e-25 0. 2.673766694755292e-25
7. 3. 3.2785806498730363e-21 0. 3.2785806498673834e-21
7. 4. 1.5879779463661863e-20 0. 1.587977946362422e-20
7. 5. 1.4315689635961135e-17 -2.3529639275808784e-29 1.4315689635937605e-17
7. 6. 7.652739684421877e-18 -1.7665022403628403e-29 7.652739684404211e-18
7. 7. 5.712198409145871e-15 -9.180861610651596e-27 5.71219840913669e-15
8. 1. 0. 0. 0.
8. 2. 1.4273207402177656e-27 0. 1.4273207402176959e-27
8. 3. 1.218236435363553e-25 0. 1.218236435363475e-25
8. 4. 4.2099623306993414e-22 0. 4.209962330699148e-22
8. 5. 1.0661912468579819e-21 0. 1.066191246857917e-21
8. 6. 7.73716856397396e-19 0. 7.737168563973619e-19
8. 7. 3.2933683815792723e-19 0. 3.293368381579076e-19
8. 8. 2.537037807422625e-16 -1.0999233090056267e-29 2.537037807422515e-16
9. 1. 0. 0. 0.
9. 2. 0. 0. 0.
9. 3. 1.2271354462528027e-27 0. 1.2271354462528011e-27
9. 4. 2.1481830028505896e-26 0. 2.148183002850586e-26
9. 5. 3.807752372384133e-23 0. 3.807752372384129e-23
9. 6. 6.258645647879422e-23 0. 6.258645647879412e-23
9. 7. 3.989953453522946e-20 0. 3.989953453522941e-20
9. 8. 1.4130550236047428e-20 0. 1.4130550236047406e-20
9. 9. 1.1318764678405519e-17 0. 1.1318764678405505e-17
10. 1. 0. 0. 0.
10. 2. 0. 0. 0.
10. 3. 0. 0. 0.
10. 4. 3.308992974543391e-28 0. 3.308992974543391e-28
10. 5. 2.3831963934003424e-27 0. 2.3831963934003424e-27
10. 6. 2.825563007915041e-24 0. 2.825563007915041e-24
10. 7. 3.386407931300417e-24 0. 3.386407931300417e-24
10. 8. 1.9947932547278796e-21 0. 1.994793254727879e-21
10. 9. 6.056112431827761e-22 0. 6.05611243182776e-22
10. 10. 5.062650235439418e-19 0. 5.062650235439417e-19
11. 1. 0. 0. 0.
11. 2. 0. 0. 0.
11. 3. 0. 0. 0.
11. 4. 0. 0. 0.
11. 5. 5.0282610854404844e-29 0. 5.0282610854404844e-29
11. 6. 2.0301826352581717e-28 0. 2.0301826352581717e-28
11. 7. 1.8529841053356614e-25 0. 1.8529841053356614e-25
11. 8. 1.7377550471085805e-25 0. 1.7377550471085805e-25
11. 9. 9.759230417238836e-23 0. 9.759230417238836e-23
11. 10. 2.5951948923847714e-23 0. 2.5951948923847714e-23
11. 11. 2.2676274806813033e-20 0. 2.2676274806813033e-20
12. 1. 0. 0. 0.
12. 2. 0. 0. 0.
12. 3. 0. 0. 0.
12. 4. 0. 0. 0.
12. 5. 0. 0. 0.
12. 6. 5.4873524847319706e-30 0. 5.4873524847319706e-30
12. 7. 1.4653441558317076e-29 0. 1.4653441558317076e-29
12. 8. 1.1187013749158402e-26 0. 1.1187013749158402e-26
12. 9. 8.599817428066044e-27 0. 8.599817428066044e-27
12. 10. 4.699478911127603e-24 0. 4.699478911127603e-24
12. 11. 1.1125296904788344e-24 0. 1.1125296904788344e-24
12. 12. 1.0164403146293587e-21 0. 1.0164403146293587e-21
13. 1. 0. 0. 0.
13. 2. 0. 0. 0.
13. 3. 0. 0. 0.
13. 4. 0. 0. 0.
13. 5. 0. 0. 0.
13. 6. 0. 0. 0.
13. 7. 0. 0. 0.
13. 8. 0. 0. 0.
13. 9. 6.371527914745118e-28 0. 6.371527914745118e-28
13. 10. 4.147416591024845e-28 0. 4.147416591024845e-28
13. 11. 2.235987425795076e-25 0. 2.235987425795076e-25
13. 12. 4.772392408344938e-26 0. 4.772392408344938e-26
13. 13. 4.5574559041770715e-23 0. 4.5574559041770715e-23
14. 1. 0. 0. 0.
14. 2. 0. 0. 0.
14. 3. 0. 0. 0.
14. 4. 0. 0. 0.
14. 5. 0. 0. 0.
14. 6. 0. 0. 0.
14. 7. 0. 0. 0.
14. 8. 0. 0. 0.
14. 9. 0. 0. 0.
14. 10. 3.4770899810134464e-29 0. 3.4770899810134464e-29
14. 11. 1.9625906733623543e-29 0. 1.9625906733623543e-29
14. 12. 1.0539612494949479e-26 0. 1.0539612494949479e-26
14. 13. 2.048810130863848e-27 0. 2.048810130863848e-27
14. 14. 2.043504992337476e-24 0. 2.043504992337476e-24
15. 1. 0. 0. 0.
15. 2. 0. 0. 0.
15. 3. 0. 0. 0.
15. 4. 0. 0. 0.
15. 5. 0. 0. 0.
15. 6. 0. 0. 0.
15. 7. 0. 0. 0.
15. 8. 0. 0. 0.
15. 9. 0. 0. 0.
15. 10. 0. 0. 0.
15. 11. 1.837162419360804e-30 0. 1.837162419360804e-30
15. 12. 0. 0. 0.
15. 13. 4.931017693997764e-28 0. 4.931017693997764e-28
15. 14. 8.803045395825484e-29 0. 8.803045395825484e-29
15. 15. 9.161496051462921e-26 0. 9.161496051462921e-26