2. 1. 5.851055740876336e-7 -0.00010700446097254869 -0.00010641935539846105
2. 2. 0.0246003815454113 -0.005861414775628254 0.018738966769783046
3. 1. 5.668193233564616e-11 -3.983168331515274e-7 -3.9826015121919173e-7
3. 2. 2.1705659173373185e-6 -0.00007381245822161016 -0.00007164189230427284
3. 3. 0.02000775916384755 -0.002830264827424087 0.017177494336423463
4. 1. 7.791463015523585e-16 -1.2335785171102299e-9 -1.2335777379639283e-9
4. 2. 5.443580817689689e-10 -7.721338872509409e-7 -7.715895291691719e-7
4. 3. 4.10528249022881e-6 -0.00003771367783151819 -0.00003360839534128938
4. 4. 0.01377627645512664 -0.0012091289872256472 0.012567147467900993
5. 1. 6.662508911290861e-20 -4.039383400860202e-12 -4.039383334235113e-12
5. 2. 1.8968321027386372e-14 -5.336497055466202e-9 -5.336478087145174e-9
5. 3. 2.106007530419458e-9 -6.399816301398144e-7 -6.378756226093949e-7
5. 4. 5.597573867541498e-6 -0.000017834207034111625 -0.000012236633166570128
5. 5. 0.009364627632863413 -0.0005220374955186703 0.008842590137344742
6. 1. 8.275259749862765e-25 -7.540228463617939e-15 -7.540228462790413e-15
6. 2. 3.7646032613717515e-18 -4.7075495570028414e-11 -4.707549180542515e-11
6. 3. 1.2171393758956423e-13 -6.275372535882965e-9 -6.275250821945375e-9
6. 4. 5.447984625569164e-9 -4.0805230672184815e-7 -4.02604322096279e-7
6. 5. 6.2910499513345315e-6 -8.20791104554271e-6 -1.9168610942081786e-6
6. 6. 0.006429343698834121 -0.00023074646666444219 0.0061985972321696794
7. 1. 4.106425144857679e-29 -1.8072468312099484e-17 -1.8072468312058417e-17
7. 2. 1.2547276151270488e-22 -2.2282534746464378e-13 -2.2282534733917102e-13
7. 3. 3.6310244846579525e-17 -8.980908922883433e-11 -8.980905291858948e-11
7. 4. 4.734523046143485e-13 -4.857529907228657e-9 -4.857056454924043e-9
7. 5. 1.0782547965532192e-8 -2.3194323626882508e-7 -2.211606883032929e-7
7. 6. 6.262679126087924e-6 -3.738459584841693e-6 2.524219541246231e-6
7. 7. 0.004467675601643173 -0.00010406620331130001 0.004363609398331873
8. 1. 0. -2.1102926285943875e-20 -2.1102926285943505e-20
8. 2. 1.6728652129524254e-26 -1.5144719654426235e-15 -1.514471965425895e-15
8. 3. 1.9285104447318468e-21 -6.56433409831467e-13 -6.564334079029565e-13
8. 4. 1.8975209254637397e-16 -9.370281020842636e-11 -9.370262045633381e-11
8. 5. 1.3675238899807224e-12 -3.1131280121172267e-9 -3.111760488227246e-9
8. 6. 1.7483328038035982e-8 -1.2416881999276066e-7 -1.0668549195472469e-7
8. 7. 5.757981079844401e-6 -1.6964777300125986e-6 4.061503349831803e-6
8. 8. 0.003137350896166591 -0.000047655894205229696 0.0030896950019613616
9. 1. 0. -3.708612911639006e-23 -3.708612911639005e-23
9. 2. 0. -4.848937635539324e-18 -4.848937635538886e-18
9. 3. 4.1013848148193476e-25 -7.564392530259729e-15 -7.56439252984959e-15
9. 4. 1.3564439506672777e-20 -8.806018188182497e-13 -8.806018052538102e-13
9. 5. 7.147563559945434e-16 -7.393584458707052e-11 -7.393512983071453e-11
9. 6. 3.1743239583759683e-12 -1.8028240729885904e-9 -1.7996497490302145e-9
9. 7. 2.4344861364761685e-8 -6.419489868189446e-8 -3.985003731713278e-8
9. 8. 5.01488866728922e-6 -7.693031743767866e-7 4.245585492912433e-6
9. 9. 0.002222163376107393 -0.000022070915453489785 0.0022000924606539038
10. 1. 0. -2.9726204715004826e-26 -2.9726204715004826e-26
10. 2. 0. -2.490631510924991e-20 -2.4906315109249866e-20
10. 3. 1.8090241770574115e-29 -4.0084209507419686e-17 -4.00842095074016e-17
10. 4. 3.8564444362147875e-24 -1.4092027322091482e-14 -1.4092027318235038e-14
10. 5. 6.43882274158369e-20 -8.1711054829466e-13 -8.171104839064325e-13
10. 6. 2.1534573346365747e-15 -5.005769429156271e-11 -5.005554083422807e-11
10. 7. 6.184934442766511e-12 -9.826650068691679e-10 -9.764800724264014e-10
10. 8. 3.015832830412242e-8 -3.2471404460386855e-8 -2.3130761562644353e-9
10. 9. 4.204086137687762e-6 -3.4909945086296557e-7 3.854986686824796e-6
10. 10. 0.001584901348938147 -0.000010306882102075885 0.001574594466836071
11. 1. 0. -4.0014081319692554e-29 -4.0014081319692554e-29
11. 2. 0. -5.673159101904903e-23 -5.673159101904903e-23
11. 3. 0. -3.6276790923313657e-19 -3.6276790923313373e-19
11. 4. 2.335406330790335e-28 -1.0123170627664634e-16 -1.012317062764128e-16
11. 5. 2.2726851283247106e-23 -1.642162534348263e-14 -1.642162532075578e-14
11. 6. 2.3820940640598193e-19 -6.185419803428175e-13 -6.185417421334111e-13
11. 7. 5.4491434378685185e-15 -3.0875511684764785e-11 -3.087006254132692e-11
11. 8. 1.0429869047678986e-11 -5.1517435891812e-10 -5.04744489870441e-10
11. 9. 3.413585682763261e-8 -1.618912207883175e-8 1.7946734748800865e-8
11. 10. 3.427991938115155e-6 -1.5863118464525654e-7 3.2693607534698985e-6
11. 11. 0.0011367635644579485 -4.842788142253062e-6 0.0011319207763156956
12. 1. 0. 0. 0.
12. 2. 0. -2.2512008962188607e-25 -2.2512008962188607e-25
12. 3. 0. -1.4321861436417073e-21 -1.4321861436417073e-21
12. 4. 0. -1.3121178497580962e-18 -1.3121178497580458e-18
12. 5. 1.720458828690714e-27 -1.4451039874834877e-16 -1.4451039874662832e-16
12. 6. 1.010643941192969e-22 -1.4726965233507594e-14 -1.47269651324432e-14
12. 7. 7.333088481322768e-19 -4.133635364754544e-13 -4.133628031666063e-13
12. 8. 1.1916939504394553e-14 -1.791725651324037e-11 -1.7905339573735976e-11
12. 9. 1.5597236965733165e-11 -2.63057813506473e-10 -2.474605765407398e-10
12. 10. 3.6018594254674295e-8 -7.991185908593781e-9 2.8027408346080514e-8
12. 11. 2.7380225130263416e-6 -7.220057845996085e-8 2.6658219345663806e-6
12. 12. 0.0008190908818707476 -2.285808322252196e-6 0.0008168050735484954
13. 1. 0. 0. 0.
13. 2. 0. -3.827902867469332e-28 -3.827902867469332e-28
13. 3. 0. -1.0288132094622764e-23 -1.0288132094622764e-23
13. 4. 0. -7.303318711870422e-21 -7.303318711870419e-21
13. 5. 0. -2.408644481993005e-18 -2.408644481992539e-18
13. 6. 9.121389203564902e-27 -1.4967042642407436e-16 -1.4967042641495296e-16
13. 7. 3.690778414232495e-22 -1.1235470770333591e-14 -1.1235470401255751e-14
13. 8. 1.945174745328756e-18 -2.545161640817002e-13 -2.545142189069549e-13
13. 9. 2.2985121885347842e-14 -9.968999226949024e-12 -9.946014105063676e-12
13. 10. 2.1105305074617604e-11 -1.3184769814359831e-10 -1.1074239306898071e-10
13. 11. 3.5965731768680444e-8 -3.916547833562888e-9 3.204918393511756e-8
13. 12. 2.1528052840943875e-6 -3.291907539913224e-8 2.119886208695255e-6
13. 13. 0.0005924298160870493 -1.0825782156603446e-6 0.000591347237871389
14. 1. 0. 0. 0.
14. 2. 0. -1.2061180434741337e-30 -1.2061180434741337e-30
14. 3. 0. -3.1253825261152897e-26 -3.1253825261152897e-26
14. 4. 0. -7.701671486141932e-23 -7.701671486141932e-23
14. 5. 0. -1.6961187444451784e-20 -1.6961187444451754e-20
14. 6. 2.9516406991833265e-30 -3.009479304730758e-18 -3.0094793047278063e-18
14. 7. 3.87556184531015e-26 -1.2702726069402438e-16 -1.2702726065526876e-16
14. 8. 1.1566394580507216e-21 -7.701670631702114e-15 -7.701669475062657e-15
14. 9. 4.5433288585913425e-18 -1.480654686645549e-13 -1.4806092533569632e-13
14. 10. 3.974183440347599e-14 -5.381404860865448e-12 -5.341663026461972e-12
14. 11. 2.627815602059621e-11 -6.519548547095486e-11 -3.891732945035865e-11
14. 12. 3.4372924515221854e-8 -1.909507165726549e-9 3.2463417349495305e-8
14. 13. 1.6721528356670532e-6 -1.5035164396228567e-8 1.6571176712708246e-6
14. 14. 0.000429840007706444 -5.140252051217463e-7 0.0004293259825013223
15. 1. 0. 0. 0.
15. 2. 0. 0. 0.
15. 3. 0. -1.8150146450601848e-28 -1.8150146450601848e-28
15. 4. 0. -3.3945637759273707e-25 -3.3945637759273707e-25
15. 5. 0. -2.3478328176772277e-22 -2.3478328176772277e-22
15. 6. 0. -2.5134678094725506e-20 -2.5134678094725277e-20
15. 7. 1.456487220126663e-29 -2.956926365550731e-18 -2.9569263655361664e-18
15. 8. 1.3959297897591511e-25 -9.44474375903212e-17 -9.444743745072822e-17
15. 9. 3.1910969939092058e-21 -4.8998040781778636e-15 -4.8998008870808694e-15
15. 10. 9.489087743562555e-18 -8.268428182141259e-14 -8.267479273366903e-14
15. 11. 6.246399140785499e-14 -2.8404686900714702e-12 -2.7780046986636154e-12
15. 12. 3.052715673587476e-11 -3.1913713413342973e-11 -1.386556677468221e-12
15. 13. 3.171326340350892e-8 -9.273159219714746e-10 3.078594748153745e-8
15. 14. 1.2863924637690154e-6 -6.878576979013154e-9 1.2795138867900022e-6
15. 15. 0.00031269431112089665 -2.4453464133632744e-7 0.00031244977647956035