2. 1. 8.077249530145437e-7 -0.00011047567283350148 -0.00010966794788048694
2. 2. 0.026228117160914433 -0.00610938285928987 0.020118734301624565
3. 1. 1.0031602304358654e-10 -4.0599182003803144e-7 -4.058915040149878e-7
3. 2. 2.822925425250391e-6 -0.00007459305268677825 -0.00007177012726152785
3. 3. 0.020928233306028898 -0.002869456152104549 0.01805877715392435
4. 1. 1.6910560539102922e-15 -1.2271714191856363e-9 -1.2271697281295824e-9
4. 2. 9.379867620522252e-10 -7.760184209675177e-7 -7.750804342054655e-7
4. 3. 5.044114460172311e-6 -0.000037389678196559964 -0.00003234556373638765
4. 4. 0.014225287309475212 -0.0012008561461317514 0.013024431163343462
5. 1. 1.768678579839842e-19 -3.952705182149493e-12 -3.9527050052816354e-12
5. 2. 4.1184893909786596e-14 -5.260194213886661e-9 -5.260153028992751e-9
5. 3. 3.4365538212331986e-9 -6.331100482324786e-7 -6.296734944112454e-7
5. 4. 6.576170665423878e-6 -0.000017364961689262362 -0.000010788791023838483
5. 5. 0.0095753414967674 -0.0005095611590194568 0.009065780337747941
6. 1. 2.6475721610762713e-24 -7.151190200451782e-15 -7.151190197804209e-15
6. 2. 1.0205555401000748e-17 -4.5942521861084096e-11 -4.5942511655528693e-11
6. 3. 2.552314658015842e-13 -6.098145258742795e-9 -6.097890027276994e-9
6. 4. 8.353211439168691e-9 -3.9727033779883276e-7 -3.8891712635966403e-7
6. 5. 7.142667311366057e-6 -7.853959336891689e-6 -7.112920255256331e-7
6. 6. 0.006519000952880642 -0.00022167166927154828 0.006297329283609094
7. 1. 1.5951843228244822e-28 -1.675315305415527e-17 -1.6753153053995755e-17
7. 2. 4.15871692622629e-22 -2.1223897143069811e-13 -2.122389710148264e-13
7. 3. 9.692384759083979e-17 -8.666082056245798e-11 -8.666072363861039e-11
7. 4. 9.412319010387643e-13 -4.647818890194258e-9 -4.64687765829322e-9
7. 5. 1.5570209548646937e-8 -2.2224555966420997e-7 -2.0667535011556302e-7
7. 6. 6.923712585123478e-6 -3.5168349163324477e-6 3.40687766879103e-6
7. 7. 0.0044951758775859186 -0.00009844971417701664 0.004396726163408902
8. 1. 0. -1.8839300860091152e-20 -1.8839300860089437e-20
8. 2. 6.810580754259004e-26 -1.422676972005588e-15 -1.4226769719374822e-15
8. 3. 6.389376513604267e-21 -6.196492789484929e-13 -6.196492725591164e-13
8. 4. 4.875951538661912e-16 -8.919831446985108e-11 -8.919782687469721e-11
8. 5. 2.5559232879612818e-12 -2.9316704039801117e-9 -2.92911448069215e-9
8. 6. 2.393501081735795e-8 -1.171063121341051e-7 -9.317130131674715e-8
8. 7. 6.230062506004638e-6 -1.569363419237143e-6 4.660699086767495e-6
8. 8. 0.0031335393308024634 -0.00004440625830275892 0.0030891330724997046
9. 1. 0. -3.214123573240476e-23 -3.214123573240469e-23
9. 2. 2.162019417138127e-30 -4.432583166735243e-18 -4.432583166733081e-18
9. 3. 1.6907939056961355e-24 -7.0648015402647374e-15 -7.0648015385739435e-15
9. 4. 4.3859774872289606e-20 -8.210190086303121e-13 -8.210189647705371e-13
9. 5. 1.7437234684523502e-15 -6.936709476167564e-11 -6.936535103820719e-11
9. 6. 5.568132329794263e-12 -1.6706317407898387e-9 -1.6650636084600445e-9
9. 7. 3.183814400613333e-8 -5.959584165693981e-8 -2.7757697650806475e-8
9. 8. 5.328612590488884e-6 -6.999536889398021e-7 4.628658901549082e-6
9. 9. 0.002203641381981082 -0.000020257848753224983 0.002183383533227857
10. 1. 0. -2.463413090347109e-26 -2.463413090347109e-26
10. 2. 0. -2.2387137192224255e-20 -2.2387137192224012e-20
10. 3. 9.11871477636122e-29 -3.6541261588679427e-17 -3.654126158858824e-17
10. 4. 1.5713936695867473e-23 -1.3024649570265281e-14 -1.3024649554551344e-14
10. 5. 1.9987824864369537e-19 -7.513441387525385e-13 -7.513439388742899e-13
10. 6. 4.9494941810492125e-15 -4.626594354727418e-11 -4.626099405309313e-11
10. 7. 1.0206313845602428e-11 -8.96011550652085e-10 -8.858052368064825e-10
10. 8. 3.794024546184102e-8 -2.96748594418203e-8 8.26538602002072e-9
10. 9. 4.3972884432564595e-6 -3.1244737410467916e-7 4.084841069151781e-6
10. 10. 0.0015606612651450625 -9.318291113454238e-6 0.001551342974031608
11. 1. 0. -3.1949175951505166e-29 -3.1949175951505166e-29
11. 2. 0. -4.948622019481974e-23 -4.9486220194819735e-23
11. 3. 0. -3.2642188580503534e-19 -3.264218858050178e-19
11. 4. 1.1758121870371677e-27 -9.146628240340218e-17 -9.146628240222637e-17
11. 5. 8.993753071917951e-23 -1.4990390336774187e-14 -1.4990390246836657e-14
11. 6. 7.021513674193385e-19 -5.605055455171011e-13 -5.605048433657337e-13
11. 7. 1.1761766096628266e-14 -2.8105146261604263e-11 -2.8093384495507633e-11
11. 8. 1.6265362336155626e-11 -4.6220575501970014e-10 -4.459403926835445e-10
11. 9. 4.1551167909461125e-8 -1.4564686119925195e-8 2.698648178953593e-8
11. 10. 3.5354744395609234e-6 -1.3967463808188153e-7 3.3957998014790418e-6
11. 11. 0.001111592449406142 -4.312381655209762e-6 0.0011072800677509325
12. 1. 0. 0. 0.
12. 2. 0. -1.925206818450572e-25 -1.925206818450572e-25
12. 3. 0. -1.2555739808148826e-21 -1.2555739808148818e-21
12. 4. 0. -1.1726695120977636e-18 -1.1726695120974481e-18
12. 5. 8.49710545603263e-27 -1.2907847089446438e-16 -1.2907847088596727e-16
12. 6. 3.8348013285890745e-22 -1.326336723128504e-14 -1.3263366847804908e-14
12. 7. 2.038389372096258e-18 -3.6897990615068386e-13 -3.6897786776131176e-13
12. 8. 2.4156551991456646e-14 -1.6060510428582203e-11 -1.6036353876590746e-11
12. 9. 2.311151377227685e-11 -2.322240102021543e-10 -2.0911249642987748e-10
12. 10. 4.261939078214628e-8 -7.0776998470126166e-9 3.554169093513366e-8
12. 11. 2.787903452426e-6 -6.254696406464101e-8 2.725356488361359e-6
12. 12. 0.0007954109502112487 -2.004684936225376e-6 0.0007934062652750234
13. 1. 0. 0. 0.
13. 2. 0. -3.1676768918034094e-28 -3.1676768918034094e-28
13. 3. 0. -8.884857170131476e-24 -8.884857170131476e-24
13. 4. 0. -6.371505317759555e-21 -6.3715053177595356e-21
13. 5. 2.8900848114758753e-30 -2.1312086271881662e-18 -2.131208627185276e-18
13. 6. 4.3587441463638266e-26 -1.3197726902231286e-16 -1.3197726897872544e-16
13. 7. 1.3306057865004285e-21 -9.976988895545903e-15 -9.976987564940117e-15
13. 8. 5.0804275325765804e-18 -2.2373097120085437e-13 -2.2372589077332178e-13
13. 9. 4.385074080526633e-14 -8.798643378162395e-12 -8.754792637357129e-12
13. 10. 2.9876410509984306e-11 -1.1452740999691696e-10 -8.465099948693265e-11
13. 11. 4.152214926984802e-8 -3.415042904036833e-9 3.810710636581118e-8
13. 12. 2.1661233821782545e-6 -2.8059356040082967e-8 2.1380640261381715e-6
13. 13. 0.0005713308310847202 -9.350212284872145e-7 0.000570395809856233
14. 1. 0. 0. 0.
14. 2. 0. 0. 0.
14. 3. 0. -2.625130689075602e-26 -2.625130689075602e-26
14. 4. 0. -6.634693167135938e-23 -6.634693167135938e-23
14. 5. 0. -1.4666576250137337e-20 -1.466657625013711e-20
14. 6. 1.7856692799136025e-29 -2.6317807920034427e-18 -2.631780791985586e-18
14. 7. 1.773261570747224e-25 -1.104851597540074e-16 -1.1048515957668124e-16
14. 8. 3.937732548156653e-21 -6.740357818925887e-15 -6.740353881193338e-15
14. 9. 1.1136359734052896e-17 -1.28152501413589e-13 -1.2814136505385494e-13
14. 10. 7.160263389965326e-14 -4.676390859035968e-12 -4.604788225136314e-12
14. 11. 3.5717141944283516e-11 -5.572413789581431e-11 -2.000699595153079e-11
14. 12. 3.88311302223913e-8 -1.6391981595281623e-9 3.719193206286314e-8
14. 13. 1.6638100563989404e-6 -1.2610293431550364e-8 1.65119976296739e-6
14. 14. 0.0004116718744172458 -4.3719505211864684e-7 0.0004112346793651272
15. 1. 0. 0. 0.
15. 2. 0. 0. 0.
15. 3. 0. -1.4988979153833716e-28 -1.4988979153833716e-28
15. 4. 0. -2.850800099444618e-25 -2.850800099444618e-25
15. 5. 0. -2.0078941159494015e-22 -2.0078941159494008e-22
15. 6. 0. -2.1497459458857836e-20 -2.1497459458856124e-20
15. 7. 8.50600112778122e-29 -2.5530009657451443e-18 -2.5530009656600845e-18
15. 8. 6.068347696473463e-25 -8.098470615921094e-17 -8.098470555237616e-17
15. 9. 1.0220637313927007e-20 -4.225187121658677e-15 -4.225176901021363e-15
15. 10. 2.184253188646198e-17 -7.045418545352008e-14 -7.043234292163362e-14
15. 11. 1.0671628700972059e-13 -2.4301858067009536e-12 -2.323469519691233e-12
15. 12. 4.0017785339401384e-11 -2.6841119448228793e-11 1.317666589117259e-11
15. 13. 3.513786238623749e-8 -7.837157216107311e-10 3.435414666462676e-8
15. 14. 1.2664708967572383e-6 -5.677024357093817e-9 1.2607938724001444e-6
15. 15. 0.00029741106642745395 -2.0480237976661552e-7 0.00029720626404768736