2. 1. 1.1515014118582793e-9 -0.00003852308131038126 -0.00003852192980896941
2. 2. 0.006432081794438774 -0.0017962519500192068 0.004635829844419567
3. 1. 1.7994476273883503e-15 -1.9397811951542092e-7 -1.9397811771597328e-7
3. 2. 1.017318683869383e-8 -0.000029967102998206538 -0.000029956929811367846
3. 3. 0.006042157257381847 -0.001065119325117726 0.004977037932264121
4. 1. 8.310297641232756e-22 -1.0088548048581578e-9 -1.008854804857327e-9
4. 2. 1.6637703656466773e-14 -3.5495621113024197e-7 -3.549561944925383e-7
4. 3. 6.2308862055964e-8 -0.000017470137052290117 -0.000017407828190234153
4. 4. 0.0046065800243850225 -0.000532262306886498 0.004074317717498524
5. 1. 2.556655332891139e-27 -6.006259257316991e-12 -6.006259257316989e-12
5. 2. 1.140921677291176e-20 -3.256514236248802e-9 -3.2565142362373926e-9
5. 3. 1.2474832962706777e-13 -3.161822448612583e-7 -3.161821201129287e-7
5. 4. 2.271045612530561e-7 -9.394015783490871e-6 -9.166911222237815e-6
5. 5. 0.003386186090080752 -0.00026196385786278383 0.0031242222322179682
6. 1. 0. -2.6478208079706975e-14 -2.6478208079706975e-14
6. 2. 5.747061891542348e-26 -3.750564385588685e-11 -3.750564385588679e-11
6. 3. 8.271826506076314e-20 -3.8514553423925006e-9 -3.8514553423097825e-9
6. 4. 9.386042905737332e-13 -2.2212408445569065e-7 -2.2212314585140007e-7
6. 5. 4.936231078732938e-7 -4.900771209336462e-6 -4.407148101463168e-6
6. 6. 0.0024840651050123713 -0.00013038990026329738 0.002353675204749074
7. 1. 0. -1.5985950824355612e-16 -1.5985950824355612e-16
7. 2. 0. -2.7819901199861177e-13 -2.7819901199861177e-13
7. 3. 4.237102293740266e-25 -6.491826655373855e-11 -6.491826655373812e-11
7. 4. 5.881678372315488e-19 -3.1950131945344888e-9 -3.195013193946321e-9
7. 5. 6.409097443565572e-12 -1.4022174125063375e-7 -1.4021533215319017e-7
7. 6. 7.558021259600151e-7 -2.5244840111176455e-6 -1.7686818851576302e-6
7. 7. 0.0018329083770701976 -0.00006584250423145619 0.0017670658728387416
8. 1. 0. -6.030499824156181e-19 -6.030499824156181e-19
8. 2. 0. -2.9079481897946372e-15 -2.9079481897946372e-15
8. 3. 0. -6.56136298249241e-13 -6.56136298249241e-13
8. 4. 2.7254754343339763e-24 -6.90295754309216e-11 -6.902957543091887e-11
8. 5. 4.3537897031709994e-18 -2.24434203266637e-9 -2.2443420283125804e-9
8. 6. 3.4661897134846825e-11 -8.36340242095728e-8 -8.359936231243796e-8
8. 7. 9.368044109491361e-7 -1.2934890719209038e-6 -3.566846609717677e-7
8. 8. 0.0013620468725286375 -0.00003367322090874997 0.0013283736516198875
9. 1. 0. -3.582934765711121e-21 -3.582934765711121e-21
9. 2. 0. -1.7195317140944538e-17 -1.7195317140944538e-17
9. 3. 0. -9.90344007051261e-15 -9.90344007051261e-15
9. 4. 3.677529592488654e-30 -8.477534821343408e-13 -8.477534821343408e-13
9. 5. 1.8207540704510775e-23 -5.790774449806414e-11 -5.790774449804593e-11
9. 6. 3.214512886561319e-17 -1.439012835329636e-9 -1.439012803184507e-9
9. 7. 1.3580821475837036e-10 -4.8244608538451996e-8 -4.810880032369363e-8
9. 8. 1.0194259502511034e-6 -6.614783545438465e-7 3.579475957072569e-7
9. 9. 0.0010188575176461484 -0.000017398735644921903 0.0010014587820012266
10. 1. 0. -1.2229981017608196e-23 -1.2229981017608196e-23
10. 2. 0. -1.6035412266491935e-19 -1.6035412266491935e-19
10. 3. 0. -8.040703519261616e-17 -8.040703519261616e-17
10. 4. 0. -1.6466517984333548e-14 -1.6466517984333548e-14
10. 5. 2.2805555504659748e-29 -8.108249476511197e-13 -8.108249476511196e-13
10. 6. 1.2877300774937842e-22 -4.250906772008612e-11 -4.250906771995735e-11
10. 7. 2.20442087454402e-16 -8.729624485764799e-10 -8.729622281343924e-10
10. 8. 3.8295296012596705e-10 -2.724954624824415e-8 -2.6866593288118182e-8
10. 9. 1.0195119706926008e-6 -3.381930288570285e-7 6.813189418355724e-7
10. 10. 0.0007665385721445617 -9.062551688562574e-6 0.0007574760204559992
11. 1. 0. -7.188549909794594e-26 -7.188549909794594e-26
11. 2. 0. -7.963951046761289e-22 -7.963951046761289e-22
11. 3. 0. -1.059976003471757e-18 -1.059976003471757e-18
11. 4. 0. -1.6623909602835196e-16 -1.6623909602835196e-16
11. 5. 0. -1.8918701135069563e-14 -1.8918701135069563e-14
11. 6. 1.479026983923811e-28 -6.530842814906752e-13 -6.53084281490675e-13
11. 7. 9.399038210762019e-22 -2.873005476670935e-11 -2.8730054765769447e-11
11. 8. 1.3026985361737232e-15 -5.108532657607752e-10 -5.108519630622391e-10
11. 9. 8.176912144715385e-10 -1.5176880015274183e-8 -1.4359188800802643e-8
11. 10. 9.62604475147146e-7 -1.7301513157801654e-7 7.895893435691295e-7
11. 11. 0.0005795405406064238 -4.750179778586254e-6 0.0005747903608278375
12. 1. 0. -2.300079408093644e-28 -2.300079408093644e-28
12. 2. 0. -6.766875656924157e-24 -6.766875656924157e-24
12. 3. 0. -7.131877302886694e-21 -7.131877302886694e-21
12. 4. 0. -2.82480868304564e-18 -2.82480868304564e-18
12. 5. 0. -2.229882294628114e-16 -2.229882294628114e-16
12. 6. 0. -1.7528342567012315e-14 -1.7528342567012315e-14
12. 7. 1.0123806762012472e-27 -4.724577354307661e-13 -4.724577354307651e-13
12. 8. 6.789628346153186e-21 -1.8383031204927693e-11 -1.8383031198138062e-11
12. 9. 6.24807138690857e-15 -2.916810647713251e-10 -2.916748166999382e-10
12. 10. 1.4100222826438424e-9 -8.371321511845006e-9 -6.961299229201164e-9
12. 11. 8.725170651580889e-7 -8.860616947047696e-8 7.83910895687612e-7
12. 12. 0.00043998550006930963 -2.5020255607997633e-6 0.00043748347450850986
13. 1. 0. -1.3453472867266783e-30 -1.3453472867266783e-30
13. 2. 0. -2.952820542360929e-26 -2.952820542360929e-26
13. 3. 0. 0. 0.
13. 4. 0. -2.382313639823293e-20 -2.382313639823293e-20
13. 5. 0. -4.585890650793347e-18 -4.585890650793347e-18
13. 6. 0. -2.3156095465722336e-16 -2.3156095465722336e-16
13. 7. 0. -1.4171577065868879e-14 -1.4171577065868879e-14
13. 8. 7.202730717404241e-27 -3.1815740563980036e-13 -3.1815740563979314e-13
13. 9. 4.626647358252191e-20 -1.1322463290257103e-11 -1.132246324399063e-11
13. 10. 2.3594426635030636e-14 -1.6365276515495358e-10 -1.6362917072831855e-10
13. 11. 2.0742195805695524e-9 -4.585615603130821e-9 -2.5113960225612683e-9
13. 12. 7.675193840094374e-7 -4.543550015208488e-8 7.220838838573525e-7
13. 13. 0.0003352158591105117 -1.3229023418495507e-6 0.00033389295676866215
14. 1. 0. 0. 0.
14. 2. 0. -2.3375236458870327e-28 -2.3375236458870327e-28
14. 3. 0. -2.723416673217327e-25 -2.723416673217327e-25
14. 4. 0. -3.562991318883166e-22 -3.562991318883166e-22
14. 5. 0. -4.579268933346483e-20 -4.579268933346483e-20
14. 6. 0. -5.523185602977824e-18 -5.523185602977824e-18
14. 7. 0. -2.0413338959177193e-16 -2.0413338959177193e-16
14. 8. 0. -1.0453093495773621e-14 -1.0453093495773621e-14
14. 9. 5.189961090258422e-26 -2.0376681764959513e-13 -2.0376681764954323e-13
14. 10. 2.83573361919171e-19 -6.783904135090462e-12 -6.7839038515171e-12
14. 11. 7.02633218002954e-14 -9.065099681594769e-11 -9.05807334941474e-11
14. 12. 2.711400333843361e-9 -2.4991741041465652e-9 2.1222622969679571e-10
14. 13. 6.600730234644711e-7 -2.3329982619788856e-8 6.367430408446822e-7
14. 14. 0.00025616254023140474 -7.015468981285683e-7 0.0002554609933332762
15. 1. 0. 0. 0.
15. 2. 0. 0. 0.
15. 3. 0. 0. 0.
15. 4. 0. 0. 0.
15. 5. 0. -8.310877306038812e-22 -8.310877306038812e-22
15. 6. 0. -6.274710992673307e-20 -6.274710992673307e-20
15. 7. 0. -5.482285099202527e-18 -5.482285099202527e-18
15. 8. 0. -1.6103237371806587e-16 -1.6103237371806587e-16
15. 9. 0. -7.226818204539118e-15 -7.226818204539118e-15
15. 10. 3.6717209962519048e-25 -1.2582899315512454e-13 -1.2582899315475737e-13
15. 11. 1.5008834296316395e-18 -3.981730943958654e-12 -3.981729443075224e-12
15. 12. 1.6897358812125077e-13 -4.973284403989087e-11 -4.9563870451769615e-11
15. 13. 3.242698649319046e-9 -1.3568867318704224e-9 1.8858119174486234e-9
15. 14. 5.578583437348439e-7 -1.1995733348993768e-8 5.458626103858502e-7
15. 15. 0.0001962563017058844 -3.7290521641342956e-7 0.00019588339648947097