2. 1. 6.792382321882458e-6 -5.2905148214764635e-6 1.5018675004059944e-6
2. 2. 0.008232710946487316 -0.0004324348588618242 0.007800276087625492
3. 1. 3.606262184805339e-8 -8.902640526309192e-9 2.7159981321744195e-8
3. 2. 6.2883394483857875e-6 -1.0072323453374446e-6 5.281107103048343e-6
3. 3. 0.0025497847160872605 -0.000047965609017623 0.002501819107069637
4. 1. 9.105137436955068e-12 -5.678401598959757e-12 3.426735837995311e-12
4. 2. 1.0437712414478597e-7 -6.283505852120261e-9 9.809361829266571e-8
4. 3. 3.629406680219903e-6 -1.5296931417892168e-7 3.4764373660409812e-6
4. 4. 0.0009330155689513572 -6.48240333859143e-6 0.0009265331656127658
5. 1. 2.2327575884989636e-14 -7.658250298488017e-15 1.466932558650162e-14
5. 2. 8.14821447706101e-11 -1.0041170737040132e-11 7.144097403356997e-11
5. 3. 1.076264408516727e-7 -1.7954481180677658e-9 1.0583099273360493e-7
5. 4. 1.8035466211822705e-6 -2.2273868280775106e-8 1.7812727529014953e-6
5. 5. 0.0003677417172656776 -9.488429583692938e-7 0.0003667928743073083
6. 1. 3.821152365118713e-18 -2.5948884820643623e-18 1.2262638830543508e-18
6. 2. 5.958992771639297e-13 -4.271488723250292e-14 5.531843899314268e-13
6. 3. 1.4566238779605055e-10 -4.231510217170028e-12 1.4143087757888054e-10
6. 4. 7.811039741781228e-8 -3.8932915866238874e-10 7.772106825914988e-8
6. 5. 8.393568178469708e-7 -3.2201475585470008e-9 8.361366702884238e-7
6. 6. 0.00015063249563338862 -1.440383403147807e-7 0.00015048845729307385
7. 1. 4.8891701159454686e-21 -2.3399009731566804e-21 2.5492691427887882e-21
7. 2. 3.1951016010389353e-16 -4.065905471532855e-17 2.78851105388565e-16
7. 3. 1.9032937297583934e-12 -3.2588960325040216e-14 1.870704769433353e-12
7. 4. 1.4704519298844843e-10 -1.1205637089751743e-12 1.4592462927947326e-10
7. 5. 4.795849991316695e-8 -7.488449739270543e-11 4.788361541577425e-8
7. 6. 3.7771131445395986e-7 -4.665016992856751e-10 3.7724481275467416e-7
7. 7. 0.00006310176809870656 -2.227132084357711e-8 0.00006307949677786298
8. 1. 5.568255178482891e-25 -4.679164308852584e-25 8.89090869630307e-26
8. 2. 1.2900694367154944e-18 -1.182768198449697e-19 1.1717926168705247e-18
8. 3. 1.8327865447991037e-15 -5.0572526187504716e-17 1.782214018611599e-15
8. 4. 2.82829537978469e-12 -1.2647552673605172e-14 2.815647827111085e-12
8. 5. 1.1226391507448499e-10 -2.407052882518949e-13 1.120232097862331e-10
8. 6. 2.680193548003636e-8 -1.352907538579615e-11 2.6788406404650563e-8
8. 7. 1.667802883589478e-7 -6.789378419937958e-11 1.6671239457474843e-7
8. 8. 0.000026809974329368434 -3.4779004002775314e-9 0.000026806496428968158
9. 1. 4.317041462676645e-28 -2.909009893641957e-28 1.408031569034688e-28
9. 2. 4.791135382994292e-22 -7.202894939928949e-23 4.0708458890013967e-22
9. 3. 1.369218317607437e-17 -2.7240510317932374e-19 1.3419778072895045e-17
9. 4. 3.937561609744339e-15 -2.60421016413333e-17 3.911519508103006e-15
9. 5. 2.8760779168861167e-12 -3.576576919619699e-15 2.872501339966497e-12
9. 6. 7.303425727388556e-11 -4.625050419245634e-14 7.298800676969311e-11
9. 7. 1.4125841287722338e-8 -2.3559475120784562e-12 1.4123485340210258e-8
9. 8. 7.281222243286057e-8 -9.931218813620987e-12 7.280229121404695e-8
9. 9. 0.000011497808858955961 -5.461442481113818e-10 0.000011497262714707851
10. 1. 0. 0. 0.
10. 2. 1.2226734395066253e-24 -1.4889303471540494e-25 1.0737804047912202e-24
10. 3. 9.467122369176702e-21 -2.895144808686058e-22 9.177607888308096e-21
10. 4. 4.432393258031309e-17 -2.0923654815311152e-19 4.4114696032159977e-17
10. 5. 5.170637741224215e-15 -8.812746249553975e-18 5.161824994974661e-15
10. 6. 2.3459912015708678e-12 -8.493614262905576e-16 2.3451418401445773e-12
10. 7. 4.294845429115675e-11 -8.319944336390995e-15 4.2940134346820354e-11
10. 8. 7.159060253293442e-9 -4.007407663508697e-13 7.158659512527091e-9
10. 9. 3.156422049212211e-8 -1.459716933399749e-12 3.1562760775188704e-8
10. 10. 4.962828436679958e-6 -8.603730411095769e-11 4.962742399375847e-6
11. 1. 0. 0. 0.
11. 2. 3.285403370096815e-28 -6.227824602490494e-29 2.6626209098477652e-28
11. 3. 4.6012050320039696e-23 -1.1371943014824115e-24 4.4874856018557286e-23
11. 4. 4.5728404202477846e-20 -3.1225207258660873e-22 4.541615212989124e-20
11. 5. 7.883639012630246e-17 -9.443998127967e-20 7.874195014502279e-17
11. 6. 5.088316200016323e-15 -2.3595288018332057e-18 5.085956671214489e-15
11. 7. 1.661562688142045e-12 -1.812849411499061e-16 1.661381403200895e-12
11. 8. 2.3594034934343378e-11 -1.4352886291528296e-15 2.3592599645714225e-11
11. 9. 3.5296668647721108e-9 -6.708601679947423e-14 3.5295997787553117e-9
11. 10. 1.3621464785086475e-8 -2.1549434780314623e-13 1.3621249290738671e-8
11. 11. 2.1518907307223994e-6 -1.3578849539615928e-11 2.15187715187286e-6
12. 1. 0. 0. 0.
12. 2. 0. 0. 0.
12. 3. 2.3665883167588003e-26 -8.691524907193638e-28 2.2796730676868637e-26
12. 4. 3.418497623341343e-22 -1.8678008852217178e-24 3.399819614489126e-22
12. 5. 1.0800947683372057e-19 -1.7686328792742934e-22 1.0783261354579314e-19
12. 6. 9.852829725594038e-17 -3.154753400434315e-20 9.849674972193604e-17
12. 7. 4.15747935620752e-15 -5.468808070427942e-19 4.156932475400477e-15
12. 8. 1.0683929443296058e-12 -3.6074380055490424e-17 1.0683568699495503e-12
12. 9. 1.2352415460409751e-11 -2.407585303427571e-16 1.2352174701879409e-11
12. 10. 1.7055061006045466e-9 -1.1103440725994113e-14 1.7054949971638206e-9
12. 11. 5.861118468177566e-9 -3.1937237330757973e-14 5.861086530940236e-9
12. 12. 9.36134401904983e-7 -2.145265342669373e-12 9.361322566396404e-7
13. 1. 0. 0. 0.
13. 2. 0. 0. 0.
13. 3. 8.097692056282027e-29 -2.5846927712319766e-30 7.839222779158828e-29
13. 4. 2.6875519525318273e-25 -2.0854371290327517e-27 2.6666975812415e-25
13. 5. 1.1105214574044029e-21 -1.434345346978331e-24 1.1090871120574245e-21
13. 6. 1.6700034084714424e-19 -6.935937525193498e-23 1.669309814718923e-19
13. 7. 9.795780491193845e-17 -8.734085061835075e-21 9.794907082687662e-17
13. 8. 2.9889759795432604e-15 -1.1525237173466105e-19 2.988860727171526e-15
13. 9. 6.40917463751833e-13 -6.838667140898271e-18 6.40910625084692e-13
13. 10. 6.242671300487687e-12 -3.960370898202262e-17 6.242631696778705e-12
13. 11. 8.116231652700764e-10 -1.8222849993743126e-15 8.116213429850771e-10
13. 12. 2.5171576760552344e-9 -4.749619155647586e-15 2.517152926436079e-9
13. 13. 4.0822761323912213e-7 -3.390951139249701e-13 4.082272741440082e-7
14. 1. 0. 0. 0.
14. 2. 0. 0. 0.
14. 3. 0. 0. 0.
14. 4. 1.4383764851075309e-27 -9.615385454701064e-30 1.42876109965283e-27
14. 5. 1.1842117611483202e-24 -2.07955546534441e-27 1.1821322056829759e-24
14. 6. 2.206540460501387e-21 -7.1092385158029255e-25 2.205829536649807e-21
14. 7. 1.9597013322625065e-19 -2.159300646693461e-23 1.959485402197837e-19
14. 8. 8.313375710121242e-17 -2.1331957417957608e-21 8.313162390547062e-17
14. 9. 1.9595295262523544e-15 -2.2738349221387677e-20 1.959506787903133e-15
14. 10. 3.65104828059582e-13 -1.2518507455344287e-18 3.6510357620883644e-13
14. 11. 3.071962855367392e-12 -6.423644431024542e-18 3.071956431722961e-12
14. 12. 3.8169987512727673e-10 -2.971432269624826e-16 3.816995779840497e-10
14. 13. 1.0797142569528235e-9 -7.085117536075646e-16 1.0797135484410699e-9
14. 14. 1.783372602923322e-7 -5.36099876290941e-14 1.7833720668234457e-7
15. 1. 0. 0. 0.
15. 2. 0. 0. 0.
15. 3. 0. 0. 0.
15. 4. 0. 0. 0.
15. 5. 8.83052893366352e-27 -1.319411529891503e-29 8.817334818364605e-27
15. 6. 2.9663730697462576e-24 -1.2465079554103373e-27 2.9651265617908475e-24
15. 7. 3.1804837521281383e-21 -2.6708475288346057e-25 3.180216667375255e-21
15. 8. 1.8989699854294978e-19 -5.7581335522449225e-24 1.8989124040939753e-19
15. 9. 6.29009482051615e-17 -4.771438480686324e-22 6.290047106131343e-17
15. 10. 1.1990638113797176e-15 -4.277739535861278e-21 1.1990595336401818e-15
15. 11. 1.9989936918441757e-13 -2.2326033134454376e-19 1.998991459240862e-13
15. 12. 1.4808720175866085e-12 -1.0311375388318982e-18 1.4808709864490698e-12
15. 13. 1.778360726986928e-10 -4.820640035522061e-17 1.7783602449229244e-10
15. 14. 4.6278121442455585e-10 -1.0597689644473717e-16 4.627811084476594e-10
15. 15. 7.801191616541775e-8 -8.47548066713186e-15 7.801190768993709e-8