2. 1. 1.068417559864424e-6 -0.00011294192077665604 -0.00011187350321679162
2. 2. 0.027676442563711802 -0.006303007822124154 0.02137343474158765
3. 1. 1.655985376267698e-10 -4.09992883692827e-7 -4.0982728515520027e-7
3. 2. 3.538117002601209e-6 -0.00007465631188358302 -0.00007111819488098181
3. 3. 0.021670125286919296 -0.002880451588848235 0.01878967369807106
4. 1. 3.347247164866372e-15 -1.2106116263415278e-9 -1.210608279094363e-9
4. 2. 1.5068905147519232e-9 -7.725179803860027e-7 -7.710110898712508e-7
4. 3. 6.013853668453764e-6 -0.00003671757410047762 -0.00003070372043202385
4. 4. 0.01454417296290212 -0.0011812289268090341 0.013362944036093087
5. 1. 4.191333578486854e-19 -3.840723524778189e-12 -3.840723105644831e-12
5. 2. 8.119610836854388e-14 -5.137236124423349e-9 -5.137154928314981e-9
5. 3. 5.2523580194422e-9 -6.203792710860314e-7 -6.151269130665893e-7
5. 4. 7.537199930040879e-6 -0.000016750202497078673 -9.213002567037792e-6
5. 5. 0.009696065548898125 -0.0004927351171880695 0.009203330431710056
6. 1. 7.40604795690271e-24 -6.7482245561517525e-15 -6.748224548745705e-15
6. 2. 2.452784487380752e-17 -4.444165675216824e-11 -4.4441632224323365e-11
6. 3. 4.863382404200317e-13 -5.870531177112024e-9 -5.870044838871604e-9
6. 4. 1.2080000339653485e-8 -3.8313373699173494e-7 -3.7105373665208146e-7
6. 5. 7.941025290592106e-6 -7.4459353368992724e-6 4.950899536928332e-7
6. 6. 0.006546770070646569 -0.00021099564971207693 0.006335774420934492
7. 1. 5.307203809966281e-28 -1.5492078157117546e-17 -1.5492078156586828e-17
7. 2. 1.1948310098042298e-21 -2.0051717363333147e-13 -2.0051717243850046e-13
7. 3. 2.2888388302762885e-16 -8.285476048934141e-11 -8.285453160545838e-11
7. 4. 1.707472302408636e-12 -4.405562814141118e-9 -4.403855341838709e-9
7. 5. 2.136439863890188e-8 -2.1096461488871654e-7 -1.8960021624981465e-7
7. 6. 7.514337972201575e-6 -3.2781512569060644e-6 4.236186715295511e-6
7. 7. 0.00448003256913736 -0.00009228950609742232 0.004387743063039937
8. 1. 0. -1.6834481702241503e-20 -1.6834481702234804e-20
8. 2. 2.3514028601278648e-25 -1.3267054903871633e-15 -1.326705490152023e-15
8. 3. 1.8272399601178285e-20 -5.797857471867608e-13 -5.797857289143612e-13
8. 4. 1.1100064368838392e-15 -8.412094043291426e-11 -8.411983042647736e-11
8. 5. 4.386884295504259e-12 -2.7350636989312403e-9 -2.730676814635736e-9
8. 6. 3.134791690853379e-8 -1.0942194977635747e-7 -7.807403286782367e-8
8. 7. 6.62894411422395e-6 -1.438653306653813e-6 5.190290807570137e-6
8. 8. 0.0031003024465897995 -0.00004100504302176053 0.003059297403568039
9. 1. 0. -2.7995626279112344e-23 -2.7995626279112045e-23
9. 2. 8.843567779715176e-30 -4.027196821588394e-18 -4.027196821579551e-18
9. 3. 5.876708630145774e-24 -6.542882692013046e-15 -6.542882686136337e-15
9. 4. 1.2231014157318168e-19 -7.585542025761993e-13 -7.585540802660578e-13
9. 5. 3.783910691422238e-15 -6.447405134070595e-11 -6.447026743001454e-11
9. 6. 9.035871347270832e-12 -1.5337880776095542e-9 -1.5247522062622833e-9
9. 7. 4.006142884941266e-8 -5.481735959905107e-8 -1.4755930749638406e-8
9. 8. 5.574919363520085e-6 -6.31153991456085e-7 4.9437653720639994e-6
9. 9. 0.0021648282740984468 -0.00001842709202050598 0.002146401182077941
10. 1. 0. -2.0619575589952863e-26 -2.061957558995286e-26
10. 2. 0. -2.0026159515614675e-20 -2.002615951561349e-20
10. 3. 3.7887149343623253e-28 -3.3053864791367944e-17 -3.305386479098907e-17
10. 4. 5.38414289224225e-23 -1.1932173774875426e-14 -1.1932173721033997e-14
10. 5. 5.36108837752274e-19 -6.845656350130844e-13 -6.845650989042467e-13
10. 6. 1.0178373117319757e-14 -4.2363427262563053e-11 -4.235324888944574e-11
10. 7. 1.5699471697231737e-11 -8.094786802442573e-10 -7.937792085470255e-10
10. 8. 4.613465416243341e-8 -2.6871514899069157e-8 1.9263139263364255e-8
10. 9. 4.53285116664273e-6 -2.771621208640601e-7 4.2556890457786695e-6
10. 10. 0.0015224706120471846 -8.349421058949657e-6 0.001514121190988235
11. 1. 0. -2.591385863810372e-29 -2.591385863810372e-29
11. 2. 0. -4.303312786197756e-23 -4.3033127861977524e-23
11. 3. 0. -2.9164243541593536e-19 -2.9164243541584773e-19
11. 4. 4.859608718508497e-27 -8.195180259890073e-17 -8.195180259404111e-17
11. 5. 2.992701097939028e-22 -1.3560880749764552e-14 -1.3560880450494441e-14
11. 6. 1.795326894627559e-18 -5.032638502572582e-13 -5.032620549303636e-13
11. 7. 2.2874505554885346e-14 -2.534608837104921e-11 -2.5323213865494326e-11
11. 8. 2.381427330941779e-11 -4.108924069502146e-10 -3.870781336407968e-10
11. 9. 4.906544456049551e-8 -1.2984429880213436e-8 3.608101468028207e-8
11. 10. 3.596135404843631e-6 -1.219015798552552e-7 3.474233824988376e-6
11. 11. 0.00107688173260549 -3.8059950158635614e-6 0.0010730757375896265
12. 1. 0. 0. 0.
12. 2. 0. -1.644473541034024e-25 -1.644473541034024e-25
12. 3. 0. -1.0939969332135481e-21 -1.0939969332135436e-21
12. 4. 1.5830983625990082e-30 -1.0397023493775216e-18 -1.0397023493759384e-18
12. 5. 3.43951202177179e-26 -1.1429561101337321e-16 -1.142956109789781e-16
12. 6. 1.2261217416459229e-21 -1.183678213157808e-14 -1.1836780905456338e-14
12. 7. 4.942309641805907e-18 -3.2634737315465595e-13 -3.2634243084501415e-13
12. 8. 4.4454086688955526e-14 -1.4263278469603397e-11 -1.4218824382914443e-11
12. 9. 3.235929914408238e-11 -2.0314368370900757e-10 -1.707843845649252e-10
12. 10. 4.9064284354768804e-8 -6.212179535470625e-9 4.285210481929818e-8
12. 11. 2.801177662477173e-6 -5.371144737106005e-8 2.7474662151061132e-6
12. 12. 0.0007652598142030933 -1.7426039203024669e-6 0.0007635172102827909
13. 1. 0. 0. 0.
13. 2. 0. -2.6243811524040706e-28 -2.6243811524040706e-28
13. 3. 0. -7.633428653435723e-24 -7.633428653435722e-24
13. 4. 0. -5.517818073526474e-21 -5.517818073526357e-21
13. 5. 1.4320356233124818e-29 -1.8698951456566373e-18 -1.869895145642317e-18
13. 6. 1.70803862484147e-25 -1.1534920215772357e-16 -1.1534920198691973e-16
13. 7. 4.0580388338544705e-21 -8.77871629822042e-15 -8.778712240181586e-15
13. 8. 1.165106854828886e-17 -1.9487399331017712e-13 -1.948623422416288e-13
13. 9. 7.652578608986342e-14 -7.694375124984176e-12 -7.617849338894313e-12
13. 10. 4.01888019158816e-11 -9.85860499979463e-11 -5.83972480820647e-11
13. 11. 4.6746799826584725e-8 -2.9511140238700516e-9 4.3795685802714674e-8
13. 12. 2.1516852928175444e-6 -2.3710138204169946e-8 2.1279751546133743e-6
13. 13. 0.0005458904932384951 -8.004723476915645e-7 0.0005450900208908035
14. 1. 0. 0. 0.
14. 2. 0. 0. 0.
14. 3. 0. -2.1963671353361158e-26 -2.1963671353361158e-26
14. 4. 0. -5.677042649714767e-23 -5.677042649714765e-23
14. 5. 0. -1.2581749310346595e-20 -1.2581749310345226e-20
14. 6. 8.630692177568092e-29 -2.2816044933834804e-18 -2.2816044932971733e-18
14. 7. 6.669102852618108e-25 -9.524176821353356e-17 -9.524176754662328e-17
14. 8. 1.1400437786924984e-20 -5.845226952423144e-15 -5.845215551985358e-15
14. 9. 2.414396110800601e-17 -1.0990887065858643e-13 -1.0988472669747843e-13
14. 10. 1.1887224792135582e-13 -4.026634380393414e-12 -3.907762132472059e-12
14. 11. 4.635563741988595e-11 -4.720273595312071e-11 -8.470985332347625e-13
14. 12. 4.2858121841030205e-8 -1.3946464136411184e-9 4.146347542738908e-8
14. 13. 1.6349672856774915e-6 -1.0485735913360114e-8 1.6244815497641312e-6
14. 14. 0.0003906345975143301 -3.6859133835751797e-7 0.0003902660061759726
15. 1. 0. 0. 0.
15. 2. 0. 0. 0.
15. 3. 0. -1.2346479225659104e-28 -1.2346479225659104e-28
15. 4. 0. -2.380003479918706e-25 -2.380003479918706e-25
15. 5. 0. -1.7042447266646407e-22 -1.7042447266646363e-22
15. 6. 0. -1.823443363951598e-20 -1.8234433639505945e-20
15. 7. 3.97257251655825e-28 -2.184907430953256e-18 -2.1849074305559987e-18
15. 8. 2.1767542886679915e-24 -6.882013539174316e-17 -6.882013321498888e-17
15. 9. 2.801467130389992e-20 -3.610262723480143e-15 -3.6102347088088384e-15
15. 10. 4.4810473357523453e-17 -5.948967474231252e-14 -5.9444864268955e-14
15. 11. 1.6914364038087873e-13 -2.0602923000711796e-12 -1.891148659690301e-12
15. 12. 5.029840885045872e-11 -2.2374358532859244e-11 2.7924050317599477e-11
15. 13. 3.809414085139968e-8 -6.565029090050223e-10 3.743763794239466e-8
15. 14. 1.2317680013250752e-6 -4.6454661585256274e-9 1.2271225351665495e-6
15. 15. 0.0002802699464877449 -1.70029897079257e-7 0.00028009991659066563