2. 1. 4.37994527000682e-8 -7.61107750525719e-10 4.303834494954248e-8
2. 2. 0.000043767298284751557 -1.5476298737826435e-7 0.00004361253529737329
3. 1. 3.583558192248367e-10 -2.7237349713595385e-13 3.580834457277008e-10
3. 2. 1.2112326282373874e-8 -1.6482737400954732e-11 1.209584354497292e-8
3. 3. 4.928381462524134e-6 -2.0983485433891132e-9 4.9262831139807445e-6
4. 1. 3.5935152341298044e-14 -7.584978650939274e-18 3.59275673626471e-14
4. 2. 3.2021931017250307e-10 -2.5795182138863117e-14 3.2019351499036423e-10
4. 3. 2.2666720400945802e-9 -2.884656211394379e-13 2.266383574473441e-9
4. 4. 6.870336038306291e-7 -3.4804627615323335e-11 6.869987992030138e-7
5. 1. 1.3092542350111722e-16 -2.0443610108916918e-21 1.309233791401063e-16
5. 2. 9.336495764235323e-14 -1.8447339770048493e-18 9.336311290837622e-14
5. 3. 1.0716418043353197e-10 -9.433913160947655e-16 1.0716323704221587e-10
5. 4. 3.8037011291503894e-10 -4.8862549421918405e-15 3.8036522666009677e-10
5. 5. 1.0296923663500143e-7 -6.146632769085131e-13 1.0296862197172452e-7
6. 1. 8.486911957618121e-21 -2.974785445398727e-26 8.486882209763668e-21
6. 2. 1.0425931922436441e-15 -1.6898205987931337e-21 1.0425915024230454e-15
6. 3. 5.0649140858539374e-14 -9.984473539205287e-20 5.064904101380398e-14
6. 4. 2.6137822373452426e-11 -2.558249256361357e-17 2.6137796790959864e-11
6. 5. 6.119127146707942e-11 -8.260595098072874e-17 6.119118886112844e-11
6. 6. 1.5948494228098095e-8 -1.114499161376138e-14 1.5948483083106482e-8
7. 1. 1.621123284475239e-23 -5.168109529307338e-30 1.6211227676642862e-23
7. 2. 2.0658932367669623e-19 -7.047150719172189e-26 2.0658925320518904e-19
7. 3. 1.0250484278393067e-15 -1.770799303588944e-22 1.0250482507593763e-15
7. 4. 1.610261800856174e-14 -3.2895816456092385e-21 1.6102614718980093e-14
7. 5. 5.5192210666699384e-12 -6.067206406235822e-19 5.519220459949298e-12
7. 6. 9.65846796146837e-12 -1.4033558131007756e-18 9.658466558112557e-12
7. 7. 2.5130186884616912e-9 -2.046768540036406e-16 2.513018483784837e-9
8. 1. 6.892281192333801e-28 0. 6.892280749192375e-28
8. 2. 1.2668721148834523e-21 -4.1330425653730076e-29 1.2668720735530265e-21
8. 3. 3.5277350463156006e-19 -1.2182442191513649e-26 3.527734924491179e-19
8. 4. 4.830927901295642e-16 -9.05374840864981e-24 4.830927810758158e-16
8. 5. 3.983069183726223e-15 -8.640962558940969e-23 3.983069097316597e-15
8. 6. 1.0774305779758973e-12 -1.3386868468826339e-20 1.0774305645890288e-12
8. 7. 1.5104604727192022e-12 -2.3987527349248476e-20 1.510460448731675e-12
8. 8. 3.99854945645192e-10 -3.784005299856325e-18 3.9985494186118673e-10
9. 1. 0. 0. 0.
9. 2. 1.7330862619126097e-25 0. 1.733086250959601e-25
9. 3. 4.052163255893334e-21 -1.3865066589140352e-29 4.052163242028268e-21
9. 4. 2.3153245079632546e-19 -8.312494778465828e-28 2.3153244996507595e-19
9. 5. 1.596781466169387e-16 -3.2866598502174696e-25 1.5967814628827272e-16
9. 6. 8.577677820853176e-16 -2.0092794149089794e-24 8.577677800760381e-16
9. 7. 2.0051018786534186e-13 -2.827441636896815e-22 2.0051018758259768e-13
9. 8. 2.3513130588067e-13 -4.124330600545245e-22 2.351313054682369e-13
9. 9. 6.399247470537795e-11 -7.020850423124375e-20 6.399247463516945e-11
10. 1. 0. 0. 0.
10. 2. 6.709962051772581e-28 0. 6.709962047346337e-28
10. 3. 1.0116772701827138e-24 0. 1.0116772695343459e-24
10. 4. 4.0401943928688195e-21 -1.474980681681534e-30 4.040194391393839e-21
10. 5. 9.51016961696692e-20 -3.6176312168444085e-29 9.510169613349289e-20
10. 6. 4.317257594387902e-17 -9.846084023168837e-27 4.3172575934032937e-17
10. 7. 1.697498484352013e-16 -4.3445912481138365e-26 1.6974984839175539e-16
10. 8. 3.6159098105465445e-14 -5.803064960940551e-24 3.615909809966238e-14
10. 9. 3.6521490192244514e-14 -7.128498672122899e-24 3.6521490185116014e-14
10. 10. 1.0277771240213148e-11 -1.3051287659060015e-21 1.027777123890802e-11
11. 1. 0. 0. 0.
11. 2. 0. 0. 0.
11. 3. 7.534734856527035e-27 0. 7.53473485601187e-27
11. 4. 1.4693134726430743e-24 0. 1.4693134725454833e-24
11. 5. 2.259659100030896e-21 0. 2.2596590999417457e-21
11. 6. 2.987340300169453e-20 -1.2210183161660888e-30 2.987340300047351e-20
11. 7. 1.0293815955867156e-17 -2.6182478230489066e-28 1.0293815955605332e-17
11. 8. 3.178696100428907e-17 -8.966990130984014e-28 3.178696100339237e-17
11. 9. 6.379302999616817e-15 -1.1674800180036658e-25 6.3793029995000685e-15
11. 10. 5.6674173699649475e-15 -1.2377402927576578e-25 5.667417369841174e-15
11. 11. 1.6543401707690272e-12 -2.4284230539061325e-23 1.654340170744743e-12
12. 1. 0. 0. 0.
12. 2. 0. 0. 0.
12. 3. 1.406201992360747e-30 0. 1.4062019923434993e-30
12. 4. 1.696181723471689e-26 0. 1.696181723459469e-26
12. 5. 1.0629947744338061e-24 0. 1.062994774426368e-24
12. 6. 9.044716231958266e-22 0. 9.044716231919324e-22
12. 7. 7.925473508200612e-21 0. 7.925473508165434e-21
12. 8. 2.2560423746678326e-18 -6.431371095990695e-30 2.256042374661401e-18
12. 9. 5.730368409022311e-18 -1.7935374607357099e-29 5.730368409004376e-18
12. 10. 1.1076154442417168e-15 -2.3148283741516123e-27 1.107615444239402e-15
12. 11. 8.792960634297791e-16 -2.1576704496336565e-27 8.792960634276214e-16
12. 12. 2.6664779368812303e-13 -4.520164506607758e-25 2.66647793687671e-13
13. 1. 0. 0. 0.
13. 2. 0. 0. 0.
13. 3. 0. 0. 0.
13. 4. 4.759264082261547e-30 0. 4.759264082255526e-30
13. 5. 1.697383573356502e-26 0. 1.697383573355197e-26
13. 6. 5.122583723568267e-25 0. 5.122583723564442e-25
13. 7. 2.925889320685054e-22 0. 2.9258893206836686e-22
13. 8. 1.8768302457591725e-21 0. 1.8768302457582603e-21
13. 9. 4.659127296896746e-19 0. 4.659127296895251e-19
13. 10. 1.0053392800909849e-18 0. 1.005339280090634e-18
13. 11. 1.9000615060857075e-16 -4.539501818512791e-29 1.9000615060852534e-16
13. 12. 1.3645117384858623e-16 -3.774318915914006e-29 1.3645117384854849e-16
13. 13. 4.301305690604604e-14 -8.413801957566349e-27 4.3013056906037626e-14
14. 1. 0. 0. 0.
14. 2. 0. 0. 0.
14. 3. 0. 0. 0.
14. 4. 0. 0. 0.
14. 5. 6.339257120099671e-30 0. 6.33925712009883e-30
14. 6. 1.0555284830203885e-26 0. 1.055528483020301e-26
14. 7. 1.903229964246601e-25 0. 1.9032299642464477e-25
14. 8. 8.189331011191245e-23 0. 8.189331011190816e-23
14. 9. 4.101974192349476e-22 0. 4.1019741923492565e-22
14. 10. 9.211410940930457e-20 0. 9.211410940930123e-20
14. 11. 1.7287683060071205e-19 0. 1.728768306007053e-19
14. 12. 3.2290843625713614e-17 0. 3.229084362571273e-17
14. 13. 2.1184257141886806e-17 0. 2.1184257141886143e-17
14. 14. 6.941515179323632e-15 -1.5658355355520838e-28 6.941515179323475e-15
15. 1. 0. 0. 0.
15. 2. 0. 0. 0.
15. 3. 0. 0. 0.
15. 4. 0. 0. 0.
15. 5. 0. 0. 0.
15. 6. 4.870113641677827e-30 0. 4.870113641677759e-30
15. 7. 4.831453690003047e-27 0. 4.831453690003003e-27
15. 8. 5.92114028888294e-26 0. 5.921140288882888e-26
15. 9. 2.0672139200507122e-23 0. 2.0672139200507002e-23
15. 10. 8.453567597848434e-23 0. 8.453567597848383e-23
15. 11. 1.7620407915035938e-20 0. 1.7620407915035866e-20
15. 12. 2.9280313443779626e-20 0. 2.92803134437795e-20
15. 13. 5.446996207254197e-18 0. 5.446996207254179e-18
15. 14. 3.2907818651347956e-18 0. 3.290781865134784e-18
15. 15. 1.120454049148124e-15 -2.9131275767090095e-30 1.1204540491481213e-15