2. 1. 1.629739457350214e-6 -3.1343002866220926e-7 1.3163094286880047e-6
2. 2. 0.0015230544819177267 -0.000032962932439695254 0.0014900915494780315
3. 1. 1.2067924194579423e-8 -3.131352838955928e-10 1.175478891068383e-8
3. 2. 9.725308167579774e-7 -2.895629703856158e-8 9.435745197194158e-7
3. 3. 0.0003299634730306691 -1.8335464741796795e-6 0.00032812992655648944
4. 1. 2.739419096384042e-12 -7.129484945591973e-14 2.6681242469281224e-12
4. 2. 2.2633373139253862e-8 -1.1665250039886548e-10 2.2516720638854995e-8
4. 3. 3.76857007514217e-7 -2.1533316897476995e-9 3.7470367582446934e-7
4. 4. 0.00008785177052945422 -1.2637069179307923e-7 0.00008772539983766113
5. 1. 9.043509447798061e-15 -5.526077322996151e-17 8.988248674568099e-15
5. 2. 1.545707886280382e-11 -6.782448166614202e-14 1.5389254381137675e-11
5. 3. 1.5533533146823188e-8 -1.7193714481691278e-11 1.5516339432341495e-8
5. 4. 1.2841005568081725e-7 -1.5442113945164913e-10 1.282556345413656e-7
5. 5. 0.00002525016698108426 -9.351024656161127e-9 0.000025240815956428098
6. 1. 1.3558548670538572e-18 -6.575527318590368e-21 1.349279339735267e-18
6. 2. 1.5415214079510777e-13 -1.7261430178604195e-16 1.5397952649332172e-13
6. 3. 1.779653034097425e-11 -1.4817436750717178e-14 1.778171290422353e-11
6. 4. 7.65526406264602e-9 -1.9032783503635057e-12 7.653360784295657e-9
6. 5. 4.14924884399268e-8 -1.103141023668e-11 4.148145702969012e-8
6. 6. 7.530519467189265e-6 -7.130045682942048e-10 7.52980646262097e-6
7. 1. 2.3313688803616926e-21 -3.346015790942457e-24 2.3280228645707503e-21
7. 2. 7.177327077625906e-17 -5.8537194323181e-20 7.171473358193587e-17
7. 3. 3.186548560573218e-13 -7.067753779404208e-17 3.185841785195277e-13
7. 4. 1.1802636677148413e-11 -2.0008466169831312e-15 1.180063583053143e-11
7. 5. 3.235896812559998e-9 -1.8573502994421541e-13 3.2357110775300536e-9
7. 6. 1.3067901129357685e-8 -7.911949337469106e-13 1.3067109934423938e-8
7. 7. 2.2922617932945543e-6 -5.515647525712242e-11 2.2922066368192975e-6
8. 1. 2.308587343660818e-25 -2.341650796209226e-28 2.306245692864609e-25
8. 2. 3.92976024697996e-19 -9.851160370547689e-23 3.928775130942905e-19
8. 3. 2.6259933439780507e-16 -3.943960282460993e-20 2.6255989479498046e-16
8. 4. 3.1125523191367845e-13 -1.4396303946160255e-17 3.112408356097323e-13
8. 5. 6.013993012107568e-12 -2.172636130817551e-16 6.013775748494486e-12
8. 6. 1.2569649479522463e-9 -1.6954370665940563e-14 1.2569479935815804e-9
8. 7. 4.06033456064452e-9 -5.707199353022423e-14 4.06027748865099e-9
8. 8. 7.063740432202805e-7 -4.29898269119739e-12 7.063697442375894e-7
9. 1. 2.4057586290010356e-28 0. 2.4049435981859e-28
9. 2. 1.2639033601127792e-22 -2.1215550805366524e-26 1.2636912046047255e-22
9. 3. 2.6754822048592073e-18 -1.2596865284217794e-22 2.675356236206365e-18
9. 4. 3.6433751241317193e-16 -1.0716315663284583e-20 3.6432679609750863e-16
9. 5. 2.1091614027777785e-13 -2.1083663284150714e-18 2.1091403191144946e-13
9. 6. 2.6433771114091373e-12 -2.0995548573828017e-17 2.6433561158605633e-12
9. 7. 4.6360488138828633e-10 -1.4872339464887819e-15 4.6360339415433987e-10
9. 8. 1.2521256664166906e-9 -4.140460108678236e-15 1.252121525956582e-9
9. 9. 2.1937298738337343e-7 -3.364378152244721e-13 2.1937265094555822e-7
10. 1. 0. 0. 0.
10. 2. 4.3641456616559825e-25 -2.4978867240551725e-29 4.363895872983577e-25
10. 3. 1.5895399936585682e-21 -4.7736537288493136e-26 1.5894922571212797e-21
10. 4. 5.609722613685091e-18 -5.2228354790967314e-23 5.6096703853303e-18
10. 5. 3.1283343601457424e-16 -1.8830623485193422e-21 3.128315529522257e-16
10. 6. 1.1594856236141797e-13 -2.570444084190231e-19 1.1594830531700954e-13
10. 7. 1.0602895552416188e-12 -1.893367743495992e-18 1.0602876618738754e-12
10. 8. 1.652388485925704e-10 -1.2713949779509075e-16 1.652387214530726e-10
10. 9. 3.8447761370658356e-10 -3.0195452750091585e-16 3.84477311752056e-10
10. 10. 6.847813304380708e-8 -2.638815080308692e-14 6.847810665565627e-8
11. 1. 0. 0. 0.
11. 2. 1.0139299995386275e-28 0. 1.013893182797286e-28
11. 3. 1.0506878683723428e-23 -1.0876120861897037e-28 1.0506769922514809e-23
11. 4. 4.920722022563518e-21 -2.7960628402638795e-26 4.920694061935115e-21
11. 5. 6.530974581030711e-18 -1.2493864187819124e-23 6.530962087166523e-18
11. 6. 2.035539621451384e-16 -2.5905671533956155e-22 2.0355370308842306e-16
11. 7. 5.585754572322854e-14 -2.799400165049407e-20 5.585751772922689e-14
11. 8. 4.0029070132145577e-13 -1.6338435113111112e-19 4.0029053793710463e-13
11. 9. 5.750539225601369e-11 -1.0677538058216767e-17 5.7505381578475636e-11
11. 10. 1.1777000259727154e-10 -2.2122757146014467e-17 1.177699804745144e-10
11. 11. 2.144950085824201e-8 -2.0721404151122523e-15 2.1449498786101595e-8
12. 1. 0. 0. 0.
12. 2. 0. 0. 0.
12. 3. 4.6509354933758476e-27 0. 4.650905997816264e-27
12. 4. 5.020453156069227e-23 -9.875923002078094e-29 5.0204432801462244e-23
12. 5. 7.515086657476093e-21 -8.429518820969825e-27 7.515078227957272e-21
12. 6. 5.396011878872107e-18 -2.1841737028175875e-24 5.396009694698404e-18
12. 7. 1.1103551748602614e-16 -3.0628507799378023e-23 1.1103548685751832e-16
12. 8. 2.461330333953144e-14 -2.8297628739620935e-21 2.4613300509768566e-14
12. 9. 1.448813632243808e-13 -1.3688017424163936e-20 1.4488134953636335e-13
12. 10. 1.966789256674299e-11 -8.853048086878411e-19 1.9667891681438183e-11
12. 11. 3.60261061398144e-11 -1.627390175323622e-18 3.602610451242423e-11
12. 12. 6.7345326147969024e-9 -1.628031325310937e-16 6.73453245199377e-9
13. 1. 0. 0. 0.
13. 2. 0. 0. 0.
13. 3. 2.1603899634114128e-29 0. 2.1603849405828768e-29
13. 4. 3.373953170125303e-26 0. 3.3739492351390883e-26
13. 5. 1.0567603808133806e-22 -4.105334924949867e-29 1.0567599702798881e-22
13. 6. 7.581063516765968e-21 -1.734930779787776e-27 7.581061781835188e-21
13. 7. 3.578275370257938e-18 -3.1358157937658104e-25 3.578275056676359e-18
13. 8. 5.373518951716575e-17 -3.2755305086445968e-24 5.3735186241635236e-17
13. 9. 1.0180448790569077e-14 -2.7157937143280646e-22 1.0180448518989705e-14
13. 10. 5.086391416891427e-14 -1.1232891338821174e-21 5.086391304562514e-14
13. 11. 6.639318750688094e-12 -7.270043962019314e-20 6.6393186779876545e-12
13. 12. 1.1013180280880717e-11 -1.201372636373817e-19 1.1013180160743452e-11
13. 13. 2.117900460065205e-9 -1.2793019728156163e-17 2.117900447272185e-9
14. 1. 0. 0. 0.
14. 2. 0. 0. 0.
14. 3. 0. 0. 0.
14. 4. 2.4598559222714425e-28 0. 2.459854868370483e-28
14. 5. 9.552967284097602e-26 0. 9.552965150423842e-26
14. 6. 1.371363013357363e-22 -1.0848049747983192e-29 1.3713629048768656e-22
14. 7. 5.853744342855622e-21 -2.8058041167461643e-28 5.853744062275211e-21
14. 8. 2.0413684091167874e-18 -3.944588628797897e-26 2.0413683696709014e-18
14. 9. 2.3880285960786576e-17 -3.2666938688505558e-25 2.3880285634117192e-17
14. 10. 4.018738745262717e-15 -2.5101455395422528e-23 4.018738720161262e-15
14. 11. 1.7455917818822662e-14 -9.081604016436689e-23 1.745591772800662e-14
14. 12. 2.218648555837304e-12 -5.9258346949739614e-21 2.2186485499114695e-12
14. 13. 3.3659299454469923e-12 -8.89625675030838e-21 3.3659299365507355e-12
14. 14. 6.667953522443766e-10 -1.0051865786836944e-18 6.667953512391901e-10
15. 1. 0. 0. 0.
15. 2. 0. 0. 0.
15. 3. 0. 0. 0.
15. 4. 0. 0. 0.
15. 5. 9.728084609427334e-28 0. 9.728083811986858e-28
15. 6. 1.548288466459187e-25 0. 1.5482883980369885e-25
15. 7. 1.300997774186774e-22 -2.148135277451404e-30 1.3009977527054214e-22
15. 8. 3.7614977896623955e-21 -3.8570928206278264e-29 3.761497751091467e-21
15. 9. 1.0453330974179058e-18 -4.52028445719609e-27 1.0453330928976213e-18
15. 10. 9.965056918251345e-18 -3.097421406221009e-26 9.965056887277131e-18
15. 11. 1.5310860995960994e-15 -2.255563928548195e-24 1.5310860973405354e-15
15. 12. 5.887672437459926e-15 -7.261637313996914e-24 5.887672430198289e-15
15. 13. 7.354721753989791e-13 -4.801727047000313e-22 7.354721749188064e-13
15. 14. 1.0287528891274234e-12 -6.605698138912134e-22 1.0287528884668537e-12
15. 15. 2.1009432972311197e-10 -7.896217384502001e-20 2.100943296441498e-10