2 1 3.400551021095e-10 -4.233442874653e-13 2.634880394910e-08 3.659130395921e-07 3.148354346485e-01 7.920760646993e-03
2 2 5.563440523211e-07 -1.999958051593e-10 -2.948679270891e-05 3.359443168372e-06 1.565858086990e-01 1.584152129399e-02
3 1 2.457819505601e-12 -4.981875211384e-17 2.464009014430e-09 3.109150364912e-08 -2.958642157179e-01 7.920760646993e-03
3 2 3.871603299862e-11 -1.514443099826e-15 -2.452327815580e-07 3.395332872649e-08 -3.730067681612e-01 1.584152129399e-02
3 3 2.765764918073e-08 -4.498552522700e-13 -1.820159007812e-06 -9.757245032861e-06 -2.271622267459e-01 2.376228194098e-02
4 1 6.200695124275e-17 -1.125330611248e-22 1.328959525222e-11 1.560910809689e-10 -1.486662660005e-01 7.920760646993e-03
4 2 9.333137179097e-13 -7.874683450638e-19 -3.802318240784e-08 5.637451724484e-09 2.133127488226e-01 1.584152129399e-02
4 3 3.055955074165e-12 -4.394976025901e-18 -2.094280440157e-08 -1.022092950001e-07 3.960886255261e-01 2.376228194098e-02
4 4 1.695466540558e-09 -1.234576270057e-15 3.174840759457e-06 -8.104705401965e-07 2.784576505934e-01 3.168304258797e-02
5 1 2.046462126864e-19 -1.043666151104e-26 7.958079918593e-13 8.964448070163e-12 3.097581510537e-01 7.920760646993e-03
5 2 6.704772707486e-17 -4.375554855350e-24 -3.218826692159e-10 5.035704911738e-11 2.326947380059e-01 1.584152129399e-02
5 3 1.338829267570e-13 -4.853867741649e-21 -4.615901260980e-09 -2.134445394178e-08 -1.455497509723e-01 2.376228194098e-02
5 4 2.185513953815e-13 -1.235832470741e-20 3.589339881905e-08 -9.779171041001e-09 -4.057771139215e-01 3.168304258797e-02
5 5 1.113278519820e-10 -3.608596680967e-18 3.241992641458e-07 9.982109120970e-07 -3.188646560424e-01 3.960380323496e-02
6 1 3.294428515570e-24 -1.341945036684e-32 3.303464560871e-15 3.595764453442e-14 9.979287635754e-02 7.920760646993e-03
6 2 6.861124424072e-19 -1.311683766930e-27 -3.253121059164e-11 5.283509145181e-12 -2.710736326950e-01 1.584152129399e-02
6 3 1.529809960698e-17 -3.937068786822e-26 -5.145260034227e-11 -2.276941066971e-10 -2.849142048723e-01 2.376228194098e-02
6 4 1.406284989337e-14 -2.212963845947e-23 9.075302770259e-09 -2.586761121489e-09 8.970102890179e-02 3.168304258797e-02
6 5 1.506384300981e-14 -3.469339700125e-23 3.950329165486e-09 1.155178147561e-08 4.092279050176e-01 3.960380323496e-02
6 6 7.534222911103e-12 -1.083547097873e-20 -3.045670980937e-07 1.207757320014e-07 3.522007990319e-01 4.752456388196e-02
7 1 5.757827948694e-27 -8.643757451673e-37 1.417614848445e-16 1.502907221615e-15 -3.137955728247e-01 7.920760646993e-03
7 2 3.340317620382e-23 -4.414583594280e-33 -2.267953928601e-13 3.801223983312e-14 -1.696051657548e-01 1.584152129399e-02
7 3 2.862467170793e-19 -2.280687088744e-29 -7.266283278256e-12 -3.109364334018e-11 2.307827664935e-01 2.376228194098e-02
7 4 2.060148608755e-18 -2.164054509263e-28 1.095201289704e-10 -3.242148667092e-11 3.193280351708e-01 3.168304258797e-02
7 5 1.282089045423e-15 -8.799970505825e-26 1.193619511904e-09 3.355721258852e-09 -4.288302303269e-02 3.960380323496e-02
7 6 1.021840372198e-15 -9.787225346766e-26 -3.525119767234e-09 1.460394168128e-09 -4.094635605897e-01 4.752456388196e-02
7 7 5.177313862791e-13 -3.296736587269e-23 -4.274425949568e-08 -9.062768556222e-08 -3.805784425992e-01 5.544532452895e-02
8 1 6.046842989244e-32 -7.242056071363e-43 4.698603505786e-19 4.869430763851e-18 -7.545695248918e-02 7.920760646993e-03
8 2 1.885465453042e-25 -8.572208325413e-37 -1.702706140184e-14 2.927474661239e-15 2.913180209672e-01 1.584152129399e-02
8 3 2.393411759160e-23 -1.237510257406e-34 -6.828103842394e-14 -2.838859882069e-13 2.202054481045e-01 2.376228194098e-02
8 4 5.755029967063e-20 -1.956136734108e-31 1.825859610893e-11 -5.573034782247e-12 -1.924683017535e-01 3.168304258797e-02
8 5 2.169009648256e-19 -9.481312199114e-31 1.599594102459e-11 4.347700711641e-11 -3.429056320763e-01 3.960380323496e-02
8 6 1.082150949014e-16 -3.248682456539e-28 -1.141055238510e-09 4.897404740627e-10 2.948450425616e-03 4.752456388196e-02
8 7 6.880816692303e-17 -2.777753354174e-28 -5.085271477156e-10 -1.037211709205e-09 4.079460646251e-01 5.544532452895e-02
8 8 3.587505461918e-14 -1.010026858637e-25 2.640086248771e-08 -1.455005318356e-08 4.052934465329e-01 6.336608517594e-02
9 1 6.463422777629e-35 -3.490312883651e-47 1.565517779849e-20 1.591721544515e-19 3.155188439023e-01 7.920760646993e-03
9 2 6.329176834631e-30 -1.902134551455e-42 -9.858713155349e-17 1.733189021521e-17 1.335442868461e-01 1.584152129399e-02
9 3 2.544289277447e-25 -4.574797651852e-38 -7.202492395324e-15 -2.923016188631e-14 -2.650700519326e-01 2.376228194098e-02
9 4 6.628669690472e-24 -1.400981393185e-36 1.954986616647e-13 -6.128676796937e-14 -2.579287168207e-01 3.168304258797e-02
9 5 8.144464268703e-21 -1.192700574119e-33 3.177662459456e-12 8.395690901391e-12 1.570953596354e-01 3.960380323496e-02
9 6 1.995007362444e-20 -3.674476352379e-33 -1.541666491049e-11 6.824650251255e-12 3.594856170493e-01 4.752456388196e-02
9 7 8.714657567158e-18 -1.146187761081e-30 -1.857577121438e-10 -3.667408433173e-10 3.164521764926e-02 5.544532452895e-02
9 8 4.617879448602e-18 -7.929129334431e-31 2.970043475975e-10 -1.695835784618e-10 -4.054473143835e-01 6.336608517594e-02
9 9 2.497723923297e-15 -3.106087585261e-28 4.802967052883e-09 7.550083101122e-09 -4.271972478406e-01 7.128684582294e-02
10 1 4.709295975747e-40 -2.136433215436e-53 4.297382045607e-23 4.295779534178e-22 6.075700579780e-02 7.920760646993e-03
10 2 2.262035053132e-32 -2.612594282390e-46 -5.890360100635e-18 1.055595458054e-18 -3.008149312822e-01 1.584152129399e-02
10 3 1.547026787893e-29 -1.726360874884e-43 -5.730603425794e-17 -2.276428337691e-16 -1.790733562748e-01 2.376228194098e-02
10 4 1.075677478381e-25 -8.054491757858e-40 2.485191424307e-14 -7.971885883242e-15 2.379981132291e-01 3.168304258797e-02
10 5 1.153917257368e-24 -1.016921970081e-38 3.866023687132e-14 9.961318571723e-14 2.866857869388e-01 3.960380323496e-02
10 6 9.452199349677e-22 -5.996475795121e-36 -3.340769788860e-12 1.518810986514e-12 -1.247546152677e-01 4.752456388196e-02
10 7 1.690447729749e-21 -1.323216536216e-35 -2.646998491920e-12 -5.077058909746e-12 -3.713417193733e-01 5.544532452895e-02
10 8 6.803848444083e-19 -3.924802976098e-33 1.131300314200e-10 -6.660059250582e-11 -6.201446008097e-02 6.336608517594e-02
10 9 3.094986567063e-19 -2.274996890110e-33 5.472815447134e-11 8.322718028847e-11 4.024004045068e-01 7.128684582294e-02
10 10 1.743775849506e-16 -9.571314256319e-31 -2.123728804790e-09 1.546373725506e-09 4.468782417754e-01 7.920760646993e-02
11 1 3.382753774244e-43 -8.257906337872e-58 1.168895084823e-24 1.151155588667e-23 -3.164132386578e-01 7.920760646993e-03
11 2 5.477607043991e-37 -4.134942871636e-52 -2.897019049171e-20 5.281707657891e-21 -1.101662098151e-01 1.584152129399e-02
11 3 1.067500991993e-31 -4.487285156588e-47 -4.844991295367e-18 -1.888838076807e-17 2.824262505554e-01 2.376228194098e-02
11 4 9.453728951000e-30 -4.232418708652e-45 2.325255933275e-16 -7.613948829277e-17 2.153365380776e-01 3.168304258797e-02
11 5 2.560853539057e-26 -8.139787768359e-42 5.870200772910e-15 1.479606874152e-14 -2.114267513257e-01 3.960380323496e-02
11 6 1.541343590239e-25 -5.730824372812e-41 -4.248321724866e-14 1.978101270703e-14 -3.089996213299e-01 4.752456388196e-02
11 7 9.691819980625e-23 -2.672822791850e-38 -6.465231213744e-13 -1.208949250343e-12 9.524280317982e-02 5.544532452895e-02
11 8 1.357915354302e-22 -4.545508193116e-38 1.586717366040e-12 -9.601596749222e-13 3.798970648939e-01 6.336608517594e-02
11 9 5.198213254278e-20 -1.316113994300e-35 2.288701912353e-11 3.380284027276e-11 8.898181288431e-02 7.128684582294e-02
11 10 2.073686898723e-20 -6.556525131806e-36 -2.290160774547e-11 1.721155852260e-11 -3.990590932451e-01 7.920760646993e-02
11 11 1.219325719875e-17 -2.952378783879e-33 -4.876417710048e-10 -5.883292540650e-10 -4.647593110012e-01 8.712836711692e-02
12 1 1.800586454086e-48 -4.003203011394e-64 2.733117032871e-27 2.655492571410e-26 -5.088410158963e-02 7.920760646993e-03
12 2 1.350354051390e-39 -4.286337700915e-56 -1.437681290161e-21 2.661554413373e-22 3.060405445646e-01 1.584152129399e-02
12 3 4.857703500384e-36 -1.240508072126e-52 -3.320737765986e-20 -1.272810124918e-19 1.507805323879e-01 2.376228194098e-02
12 4 1.014683306813e-31 -1.714584034756e-48 2.404646728535e-17 -8.019457197948e-18 -2.624381023757e-01 3.168304258797e-02
12 5 2.889097945666e-30 -5.344065520557e-47 6.342983080484e-17 1.567250841878e-16 -2.446223011382e-01 3.960380323496e-02
12 6 4.375909396090e-27 -5.961734389398e-44 -7.130597000022e-15 3.391564533227e-15 1.859416982674e-01 4.752456388196e-02
12 7 1.743467144565e-26 -2.756494646613e-43 -8.827272870973e-15 -1.613048905134e-14 3.265602505683e-01 5.544532452895e-02
12 8 9.146715145094e-24 -1.099171411107e-40 4.090574321714e-13 -2.536866134836e-13 -6.827322223197e-02 6.336608517594e-02
12 9 1.051625937753e-23 -1.512431308983e-40 3.314677914183e-13 4.767182046001e-13 -3.860818878154e-01 7.128684582294e-02
12 10 3.909148090085e-21 -4.346303649765e-38 -9.840262520030e-12 7.608221939100e-12 -1.131651531109e-01 7.920760646993e-02
12 11 1.389759370450e-21 -1.896910192080e-38 -5.300634896851e-12 -6.201434375674e-12 3.955766682691e-01 8.712836711692e-02
12 12 8.533338116024e-19 -9.110796146236e-36 1.606396153304e-10 -1.510901864446e-10 4.811541299226e-01 9.504912776391e-02
13 1 9.273076654249e-52 -1.308409467597e-68 6.277732289591e-29 6.025510392228e-28 3.169369901554e-01 7.920760646993e-03
13 2 2.456708759018e-44 -5.143183862778e-62 -6.129314417153e-24 1.150668483804e-24 9.376870634270e-02 1.584152129399e-02
13 3 2.357542699533e-38 -2.414583296026e-56 -2.346703863481e-21 -8.858265979865e-21 -2.924576984680e-01 2.376228194098e-02
13 4 6.901801672797e-36 -6.820681691623e-54 1.979841239173e-19 -6.713925111288e-20 -1.845074225492e-01 3.168304258797e-02
13 5 4.303478726540e-32 -3.025953272110e-50 7.861388098186e-18 1.907891574356e-17 2.419801022028e-01 3.960380323496e-02
13 6 5.900071847081e-31 -4.578547874484e-49 -8.249714681566e-17 4.000831891241e-17 2.685548766222e-01 4.752456388196e-02
13 7 6.056864143719e-28 -3.557556473554e-46 -1.671694388527e-15 -2.991924659621e-15 -1.617747436511e-01 5.544532452895e-02
13 8 1.764011021799e-27 -1.192716143250e-45 5.644764351339e-15 -3.580329860425e-15 -3.405364066403e-01 6.336608517594e-02
13 9 8.142350099450e-25 -4.271021689332e-43 9.372912438239e-14 1.315966066889e-13 4.355431703770e-02 7.128684582294e-02
13 10 7.934766221060e-25 -4.920515131578e-43 -1.388122519484e-13 1.101602650099e-13 3.905259666902e-01 7.920760646993e-02
13 11 2.904755372927e-22 -1.418749452918e-40 -2.462337916470e-12 -2.801346892179e-12 1.350373659191e-01 8.712836711692e-02
13 12 9.319198449658e-23 -5.506542315059e-41 1.654577883361e-12 -1.604239318343e-12 -3.920475961332e-01 9.504912776391e-02
13 13 5.974366137589e-20 -2.811684969214e-38 4.610754645896e-11 4.324518374879e-11 -4.963015059666e-01 1.029698884109e-01
14 1 3.754661032977e-57 -5.317899353866e-75 1.277297775852e-31 1.212312035687e-30 4.378568167383e-02 7.920760646993e-03
14 2 4.428963495264e-47 -4.225756180316e-66 -2.601333377966e-25 4.945954905453e-26 -3.092257682077e-01 1.584152129399e-02
14 3 8.276505249269e-43 -5.114066205939e-62 -1.408774493522e-23 -5.243695723965e-23 -1.301669772385e-01 2.376228194098e-02
14 4 5.289498082841e-38 -2.072493984833e-57 1.730481878429e-20 -5.958075925941e-21 2.771390476821e-01 3.168304258797e-02
14 5 3.873195332683e-36 -1.552662252624e-55 7.563556619277e-20 1.805615670637e-19 2.127757546353e-01 3.960380323496e-02
14 6 1.137617509363e-32 -3.383346102779e-52 -1.141629697794e-17 5.635276289536e-18 -2.216737120054e-01 4.752456388196e-02
14 7 9.314149648747e-32 -3.061108021714e-51 -2.103320569908e-17 -3.693118562581e-17 -2.883114282850e-01 5.544532452895e-02
14 8 7.266588218043e-29 -1.847214233645e-48 1.138852419665e-15 -7.373131822765e-16 1.389837382476e-01 6.336608517594e-02
14 9 1.650046778974e-28 -4.791658557225e-48 1.353937092153e-15 1.859190264435e-15 3.517585274366e-01 7.128684582294e-02
14 10 6.944371545391e-26 -1.592045185180e-45 -4.068300279403e-14 3.306551921463e-14 -2.081774863267e-02 7.920760646993e-02
14 11 5.873392265984e-26 -1.574898307473e-45 -3.552356817540e-14 -3.938018490273e-14 -3.936682164353e-01 8.712836711692e-02
14 12 2.138389670991e-23 -4.589428360450e-43 7.817565109991e-13 -7.794684426313e-13 -1.549666330678e-01 9.504912776391e-02
14 13 6.253561404674e-24 -1.603186401883e-43 4.783999211394e-13 4.352161759783e-13 3.885306908716e-01 1.029698884109e-01
14 14 4.183238562137e-21 -8.675729765702e-41 -1.147707321137e-11 1.388458490432e-11 5.103872727353e-01 1.108906490579e-01
15 1 1.452910064464e-60 -1.528412268378e-79 2.538300298054e-33 2.384508510555e-32 -3.172700739017e-01 7.920760646993e-03
15 2 6.258575180299e-52 -4.029578384113e-72 -9.774687776322e-28 1.880410200007e-28 -8.162700795346e-02 1.584152129399e-02
15 3 2.982776265268e-45 -7.800764315895e-66 -8.559167964398e-25 -3.145168336491e-24 2.987879060563e-01 2.376228194098e-02
15 4 2.844612131591e-42 -6.445288338165e-63 1.267120419510e-22 -4.424313295796e-23 1.612759310885e-01 3.168304258797e-02
15 5 4.169694267393e-38 -6.619144285325e-59 7.948963090908e-21 1.869179419497e-20 -2.609748209848e-01 3.960380323496e-02
15 6 1.257483941011e-36 -2.091286019909e-57 -1.196379447519e-19 6.002866989068e-20 -2.366663358673e-01 4.752456388196e-02
15 7 2.218964791836e-33 -2.817339993749e-54 -3.289598918163e-18 -5.675498623467e-18 2.018586763477e-01 5.544532452895e-02
15 8 1.233934435110e-32 -1.728656980689e-53 1.475629117681e-17 -9.736814450037e-18 3.047618833760e-01 6.336608517594e-02
15 9 7.873700742728e-30 -8.686605971969e-51 2.997106892874e-16 4.032236044023e-16 -1.175411326055e-01 7.128684582294e-02
15 10 1.457390381310e-29 -1.823766745513e-50 -5.841147453026e-16 4.854011032063e-16 -3.608305584932e-01 7.920760646993e-02
15 11 5.733810347225e-27 -5.750904830399e-48 -1.124531477751e-14 -1.217089600553e-14 -1.735821979042e-04 8.712836711692e-02
15 12 4.285209585690e-27 -4.979709662135e-48 1.092147167706e-14 -1.117786979925e-14 3.958220761066e-01 9.504912776391e-02
15 13 1.562552249911e-24 -1.473906624809e-45 2.421799445410e-13 2.141558259635e-13 1.732441023519e-01 1.029698884109e-01
15 14 4.199692527228e-25 -4.679564418109e-46 -1.128630920584e-13 1.408547158158e-13 -3.850625563834e-01 1.108906490579e-01
15 15 2.928869733598e-22 -2.676176772235e-43 -4.132152815007e-12 -3.001161064542e-12 -5.235587679057e-01 1.188114097049e-01
