2. 1. 1.6004090789941567e-6 -0.00012897150935029214 -0.00012737110027129798
2. 2. 0.029642799756384664 -0.006437247027330491 0.023205552729054172
3. 1. 3.1147718019102955e-10 -6.009856099268487e-7 -6.006741327466576e-7
3. 2. 4.8854282859554725e-6 -0.0000778028018311534 -0.00007291737354519794
3. 3. 0.022656607322078855 -0.0028132267245341135 0.019843380597544744
4. 1. 8.185916131728283e-15 -2.683177388013508e-9 -2.683169202097376e-9
4. 2. 2.721045350243747e-9 -8.927207059800476e-7 -8.899996606298038e-7
4. 3. 7.76591697026213e-6 -0.000036511251986942715 -0.00002874533501668059
4. 4. 0.014968137582627602 -0.001115287897719139 0.013852849684908462
5. 1. 1.249334745441342e-18 -1.5492886083129976e-11 -1.549288483379523e-11
5. 2. 1.9538300160034562e-13 -6.9939328783165775e-9 -6.9937374953149775e-9
5. 3. 8.880738165490592e-9 -6.575971521814368e-7 -6.487164140159462e-7
5. 4. 9.249355525862782e-6 -0.000016052414836642357 -6.803059310779574e-6
5. 5. 0.009862545379184098 -0.0004519022594186777 0.00941064311976542
6. 1. 2.7943912354731477e-23 -5.929141539150232e-14 -5.929141536355841e-14
6. 2. 7.379279294131802e-17 -7.708838402963549e-11 -7.708831023684255e-11
6. 3. 1.11253191463942e-12 -6.848652925938097e-9 -6.847540394023457e-9
6. 4. 1.9048879783105318e-8 -3.845344140903619e-7 -3.6548553430725657e-7
6. 5. 9.374048258524552e-6 -6.904241880673624e-6 2.4698063778509274e-6
6. 6. 0.006593713733371865 -0.00018833151927100109 0.006405382214100864
7. 1. 2.435884540616009e-27 -3.537627647790314e-16 -3.5376276477659553e-16
7. 2. 4.616274794305716e-21 -4.808435266542016e-13 -4.808435220379268e-13
7. 3. 6.686405925085316e-16 -1.1124930566155443e-10 -1.1124863702096192e-10
7. 4. 3.654932664294747e-12 -4.722748409281017e-9 -4.719093476616723e-9
7. 5. 3.158043742516096e-8 -2.0283080603768403e-7 -1.7125036861252307e-7
7. 6. 8.604060816242448e-6 -2.94691300970313e-6 5.657147806539318e-6
7. 7. 0.004471782364353529 -0.00008023442876510664 0.004391547935588422
8. 1. 0. -1.1826340394956244e-18 -1.1826340394955857e-18
8. 2. 1.1210498398296898e-24 -4.799657055097448e-15 -4.799657053976398e-15
8. 3. 6.956498576200369e-20 -9.389775642867256e-13 -9.389774947217398e-13
8. 4. 3.0796287440473054e-15 -9.926825998012576e-11 -9.926518035138172e-11
8. 5. 8.74121623746988e-12 -2.762208688153165e-9 -2.7534674719156954e-9
8. 6. 4.3793088995103725e-8 -1.0134144018232976e-7 -5.7548351187226035e-8
8. 7. 7.403703650322519e-6 -1.2552836118045202e-6 6.148420038517999e-6
8. 8. 0.0030683607341812883 -0.00003473230607162314 0.003033628428109665
9. 1. 0. -7.05908365753331e-21 -7.059083657533309e-21
9. 2. 5.340650654818769e-29 -2.411999185956784e-17 -2.4119991859514432e-17
9. 3. 2.8019028488041043e-23 -1.3446224903653366e-14 -1.3446224875634338e-14
9. 4. 4.478141443709772e-19 -1.0165805261021398e-12 -1.0165800782879954e-12
9. 5. 9.849628026729267e-15 -6.995970007736729e-11 -6.994985044934057e-11
9. 6. 1.677739709225002e-11 -1.476329002454889e-9 -1.4595516053626389e-9
9. 7. 5.3331592376992275e-8 -4.905802450711268e-8 4.273567869879599e-9
9. 8. 6.096739794271714e-6 -5.349245745389328e-7 5.561815219732781e-6
9. 9. 0.0021249424871439384 -0.0000152081663804584 0.00210973432076348
10. 1. 0. -2.1677016643446277e-23 -2.1677016643446277e-23
10. 2. 0. -2.1698850098952447e-19 -2.169885009895157e-19
10. 3. 2.3123940000079363e-27 -9.131658982999017e-17 -9.131658982767778e-17
10. 4. 2.502481298567541e-22 -1.8776207150676612e-14 -1.8776206900428482e-14
10. 5. 1.8585330900266915e-18 -8.163789718658733e-13 -8.163771133327832e-13
10. 6. 2.4720420283373448e-14 -4.315575895800579e-11 -4.313103853772242e-11
10. 7. 2.7282798487946022e-11 -7.472969510443134e-10 -7.200141525563674e-10
10. 8. 5.8950319794674904e-8 -2.3282422871767337e-8 3.566789692290757e-8
10. 9. 4.866919603078423e-6 -2.2828835857119152e-7 4.6386312445072315e-6
10. 10. 0.0014824007921035774 -6.714202090427271e-6 0.00147568659001315
11. 1. 0. -1.2948125561401425e-25 -1.2948125561401425e-25
11. 2. 0. -9.287530714457556e-22 -9.287530714457554e-22
11. 3. 0. -1.143087175317068e-18 -1.1430871753164045e-18
11. 4. 2.921870585992067e-26 -1.5762048862970904e-16 -1.5762048860049032e-16
11. 5. 1.3322885278426299e-21 -1.8202243860575503e-14 -1.8202242528286975e-14
11. 6. 5.8375614973414424e-18 -5.521291294544031e-13 -5.521232918929058e-13
11. 7. 5.177949881778491e-14 -2.4513213604900688e-11 -2.4461434106082905e-11
11. 8. 3.8961840227441235e-11 -3.652125634988715e-10 -3.2625072327143024e-10
11. 9. 6.053561090041117e-8 -1.0905771999928386e-8 4.962983890048279e-8
11. 10. 3.798296406652021e-6 -9.761348030280395e-8 3.700682926349217e-6
11. 11. 0.001040212951370663 -2.9819532018765804e-6 0.0010372309981687864
12. 1. 0. -3.765850688370905e-28 -3.765850688370905e-28
12. 2. 0. -7.70409000508681e-24 -7.70409000508681e-24
12. 3. 0. -6.484914007358664e-21 -6.484914007358621e-21
12. 4. 1.1933270724837798e-29 -2.5327177932485344e-18 -2.532717793236601e-18
12. 5. 1.999869911628952e-25 -1.7797588815905997e-16 -1.7797588795907298e-16
12. 6. 5.165565071630873e-21 -1.424030610573564e-14 -1.4240300940170568e-14
12. 7. 1.4996760783607222e-17 -3.352792594689598e-13 -3.352642627081762e-13
12. 8. 9.395722377315687e-14 -1.31842376518893e-11 -1.3090280428116143e-11
12. 9. 5.015163408203962e-11 -1.742747555254734e-10 -1.2412312144343379e-10
12. 10. 5.872640726528627e-8 -5.062457419757777e-9 5.3663949845528495e-8
12. 11. 2.91469519644054e-6 -4.182486289365558e-8 2.872870333546884e-6
12. 12. 0.0007333791907203334 -1.3301358660901515e-6 0.0007320490548542434
13. 1. 0. -2.2560785295175002e-30 -2.2560785295175002e-30
13. 2. 0. -2.935361118401738e-26 -2.935361118401738e-26
13. 3. 0. -7.231248526513199e-23 -7.231248526513199e-23
13. 4. 0. -1.7826343664255648e-20 -1.782634366425452e-20
13. 5. 1.0543641296872381e-28 -3.463598077355624e-18 -3.4635980772501875e-18
13. 6. 9.475397227385834e-25 -1.558809541081807e-16 -1.5588095316064096e-16
13. 7. 1.6051978892684747e-20 -9.71891136505471e-15 -9.718895313075818e-15
13. 8. 3.2932297083360073e-17 -1.8946810353839347e-13 -1.8943517124131012e-13
13. 9. 1.5155473795952294e-13 -6.826999392170755e-12 -6.6754446542112326e-12
13. 10. 5.935065223745154e-11 -8.177278930576351e-11 -2.242213706831197e-11
13. 11. 5.448541782684607e-8 -2.3348971668692333e-9 5.215052065997684e-8
13. 12. 2.208058721407972e-6 -1.7957977597926715e-8 2.190100743810045e-6
13. 13. 0.0005190483948518352 -5.952199804083594e-7 0.0005184531748714268
14. 1. 0. 0. 0.
14. 2. 0. -2.293470815669125e-28 -2.293470815669125e-28
14. 3. 0. -3.5562298908616377e-25 -3.5562298908616377e-25
14. 4. 0. 0. 0.
14. 5. 0. -2.8722287759586565e-20 -2.872228775957357e-20
14. 6. 6.117890422375504e-28 -3.5281396896173985e-18 -3.528139689005609e-18
14. 7. 3.4960331815668185e-24 -1.1590881375982158e-16 -1.159088102637884e-16
14. 8. 4.2143162443291516e-20 -6.048572363105819e-15 -6.048530219943375e-15
14. 9. 6.360062781766272e-17 -1.0181162895488892e-13 -1.0174802832707126e-13
14. 10. 2.2156413978017918e-13 -3.439539671447598e-12 -3.217975531667419e-12
14. 11. 6.557678520240509e-11 -3.790205686716989e-11 2.7674728335235198e-11
14. 12. 4.878779603758078e-8 -1.071816265546851e-9 4.771597977203393e-8
14. 13. 1.6561270982233384e-6 -7.725853318169886e-9 1.6484012449051684e-6
14. 14. 0.0003685240359706018 -2.669812720182813e-7 0.0003682570546985835
15. 1. 0. 0. 0.
15. 2. 0. 0. 0.
15. 3. 0. -3.609713648597284e-27 -3.609713648597284e-27
15. 4. 0. 0. 0.
15. 5. 0. -4.922140672390154e-22 -4.9221406723901e-22
15. 6. 0. -3.3202418713355045e-20 -3.3202418713262655e-20
15. 7. 2.6817745734875357e-27 -2.964639722912609e-18 -2.9646397202308345e-18
15. 8. 1.0711352278484624e-23 -7.708684730719692e-17 -7.708683659584463e-17
15. 9. 9.656374026737317e-20 -3.5266537359373907e-15 -3.5265571721971235e-15
15. 10. 1.1023470252884346e-16 -5.2743917994428685e-14 -5.263368329189984e-14
15. 11. 2.9811338054449714e-13 -1.6978657725246906e-12 -1.3997523919801933e-12
15. 12. 6.84742394282859e-11 -1.7408114508857613e-11 5.1066124919428295e-11
15. 13. 4.2453443857526106e-8 -4.902624464086334e-10 4.196318141111747e-8
15. 14. 1.2324299944279647e-6 -3.3300831040210452e-9 1.2290999113239435e-6
15. 15. 0.0002623432006356852 -1.1996062017285232e-7 0.00026222324001551236