2 1 1.514418253531e-05 -4.628161255394e-05 7.996910236837e-04 2.288939008502e-03 2.974285728390e-01 2.435878532113e-01
2 2 2.235539166165e-02 -1.922056888093e-03 -1.339386222874e-01 -1.295089732172e-01 1.243037983727e-01 4.871757064226e-01
3 1 3.632264866568e-08 -2.496404314877e-07 7.103838350884e-05 9.514968568186e-05 -3.195821037195e-01 2.435878532113e-01
3 2 1.923310118612e-05 -1.124192868728e-05 -5.050747593141e-03 2.086616790507e-03 -3.630054641036e-01 4.871757064226e-01
3 3 9.511180949682e-03 -3.366994327196e-04 8.758053347344e-02 -1.598704075878e-01 -1.844717106035e-01 7.307635596339e-01
4 1 8.264548981547e-12 -1.112579089421e-09 1.357475931059e-06 1.168518160482e-06 -1.199281203115e-01 2.435878532113e-01
4 2 1.517912619307e-07 -1.331986630574e-07 -3.295722295897e-04 3.564752875499e-04 2.637484156550e-01 4.871757064226e-01
4 3 1.494230324881e-05 -2.484340645659e-06 -2.759344189542e-03 -6.677533103311e-03 3.974291680459e-01 7.307635596339e-01
4 4 4.391738470301e-03 -6.736451490660e-05 1.498404295092e-01 6.946057636560e-02 2.311806424029e-01 9.743514128452e-01
5 1 1.067951033621e-14 -1.004994410305e-11 5.387790011699e-08 3.525336478828e-08 3.188490533024e-01 2.435878532113e-01
5 2 1.074114719887e-10 -8.002108512047e-10 -5.224481236031e-06 1.181046021642e-05 1.933989149048e-01 4.871757064226e-01
5 3 2.206370093992e-07 -4.536498408578e-08 -6.843420183664e-04 -5.500074503122e-04 -2.148603728143e-01 7.307635596339e-01
5 4 9.834221936050e-06 -5.402734161839e-07 7.300075808263e-03 -2.790857153779e-03 -4.178583360659e-01 9.743514128452e-01
5 5 2.159033647986e-03 -1.460758692936e-05 -6.072034448441e-02 1.313988677553e-01 -2.697842540052e-01 1.217939266057e+00
6 1 1.672574847328e-18 -4.716799283727e-14 7.179492129983e-10 3.658110554140e-10 7.809296271498e-02 2.435878532113e-01
6 2 4.098254954982e-13 -1.037975504426e-11 -1.474692096778e-07 7.839678558709e-07 -2.959800283679e-01 4.871757064226e-01
6 3 2.777443301642e-10 -3.242794635708e-10 -2.998133178941e-05 -8.453749933950e-06 -2.445502536171e-01 7.307635596339e-01
6 4 2.203037851723e-07 -1.316317369669e-08 7.185103077432e-04 -9.230610154592e-04 1.716257755050e-01 9.743514128452e-01
6 5 5.993150584512e-06 -1.176317781573e-07 2.420017008519e-03 7.232207585055e-03 4.305781200022e-01 1.217939266057e+00
6 6 1.101359926197e-03 -3.304618749735e-06 -1.110680927488e-01 -5.527220990172e-02 3.027386070002e-01 1.461527119268e+00
7 1 1.166500868061e-21 -5.102167215547e-16 1.970766699514e-11 8.026595401378e-12 -3.185986487115e-01 2.435878532113e-01
7 2 1.996365288810e-16 -5.805427144148e-14 1.169631064965e-10 1.760596781656e-08 -1.351750519504e-01 4.871757064226e-01
7 3 1.892184039622e-12 -5.529857545996e-12 -2.569895413052e-06 7.936066631026e-08 2.711465019153e-01 7.307635596339e-01
7 4 3.988688508956e-10 -1.040385314104e-10 1.029436968644e-05 -4.869687570881e-05 2.824042589212e-01 9.743514128452e-01
7 5 1.826320970592e-07 -3.548663239888e-09 1.038808046156e-03 8.326192219871e-04 -1.330948909194e-01 1.217939266057e+00
7 6 3.503508883571e-06 -2.575189761743e-08 -6.742413294770e-03 1.870891117497e-03 -4.386069007450e-01 1.461527119268e+00
7 7 5.749487974575e-04 -7.653144631715e-07 5.078322951013e-02 -9.141776450826e-02 -3.314834637870e-01 1.705114972479e+00
8 1 1.215876209018e-25 -2.383479306848e-18 2.066737839876e-13 6.696612489096e-14 -5.840169565948e-02 2.435878532113e-01
8 2 4.343452855895e-19 -7.810968786455e-16 1.335728870507e-10 8.102986666131e-10 3.059471525877e-01 4.871757064226e-01
8 3 1.662112084982e-15 -3.557462700912e-14 -7.300124220458e-08 2.185599317278e-08 1.794345086980e-01 7.307635596339e-01
8 4 4.023019927629e-12 -2.184950584578e-12 -7.723909597633e-07 -4.938647678602e-06 -2.461708490768e-01 9.743514128452e-01
8 5 4.258658025840e-10 -2.970295460519e-11 6.318865553389e-05 1.183485740156e-05 -3.114538368885e-01 1.217939266057e+00
8 6 1.358976977419e-07 -9.200114444002e-10 -8.963778593696e-04 1.046724333213e-03 9.850554489623e-02 1.461527119268e+00
8 7 1.998200758741e-06 -5.672875650758e-09 -1.294851392995e-03 -6.027543937112e-03 4.436027107473e-01 1.705114972479e+00
8 8 3.047740156937e-04 -1.796638139211e-07 7.361403940306e-02 4.639756432435e-02 3.569616532318e-01 1.948702825690e+00
9 1 5.211540102744e-29 -2.813967644271e-20 4.357079169762e-15 1.116372899517e-15 3.184893428054e-01 2.435878532113e-01
9 2 1.465784177856e-22 -4.105297655321e-18 4.466265855023e-12 1.441009225113e-11 1.046155694136e-01 4.871757064226e-01
9 3 6.639733257445e-18 -5.824778610748e-16 -4.206239078874e-09 2.346181668368e-09 -2.907949339621e-01 7.307635596339e-01
9 4 5.170670933107e-15 -1.556088401973e-14 -8.111624641920e-08 -1.597967502997e-07 -2.149790166977e-01 9.743514128452e-01
9 5 5.773463792332e-12 -7.351620635796e-13 7.299133590974e-06 -1.658908877841e-06 2.218055118725e-01 1.217939266057e+00
9 6 3.817045333325e-10 -7.941129761159e-12 -1.374101795512e-05 7.173129191698e-05 3.342970124264e-01 1.461527119268e+00
9 7 9.437875563634e-08 -2.331045168130e-10 -9.778672347470e-04 -9.159481640154e-04 -6.724253580978e-02 1.705114972479e+00
9 8 1.122079355178e-06 -1.257137794714e-09 5.222405697260e-03 -7.766936486310e-04 -4.465549816976e-01 1.948702825690e+00
9 9 1.632814022466e-04 -4.252337427426e-08 -4.188447209140e-02 5.813560283641e-02 -3.798312271482e-01 2.192290678902e+00
10 1 3.802531577354e-33 -1.304434409273e-22 3.769312273375e-17 7.437403939253e-18 4.677868838534e-02 2.435878532113e-01
10 2 2.048238065406e-25 -5.612446540091e-20 2.296250125820e-13 5.150831334596e-13 -3.104125517827e-01 4.871757064226e-01
10 3 4.166078078128e-21 -3.428057001326e-18 -9.217849413238e-11 7.783324396874e-11 -1.424913429268e-01 7.307635596339e-01
10 4 3.101961020319e-17 -3.005320486854e-16 -9.352266749605e-09 -1.025654736364e-08 2.745254454571e-01 9.743514128452e-01
10 5 9.744722049117e-15 -5.627981174464e-15 2.567814667534e-07 -1.692105201751e-07 2.441982391525e-01 1.217939266057e+00
10 6 6.557224145772e-12 -2.247510619860e-13 2.416965720695e-06 9.262467369366e-06 -1.983725958807e-01 1.461527119268e+00
10 7 3.054278785038e-10 -2.039668779576e-12 -7.451926975890e-05 -1.601389863284e-05 -3.525780966531e-01 1.705114972479e+00
10 8 6.253411543436e-08 -5.821068348045e-11 8.989665837554e-04 -8.633929800078e-04 3.880819935438e-02 1.948702825690e+00
10 9 6.236872578275e-07 -2.800886731517e-10 3.540406443064e-04 4.414210505944e-03 4.480889929095e-01 2.192290678902e+00
10 10 8.814590740761e-05 -1.011527829469e-08 -4.508148739733e-02 -3.727402793948e-02 4.005714853192e-01 2.435878532113e+00
11 1 1.097150326586e-36 -1.623448098528e-24 6.457510738980e-19 9.435607513033e-20 -3.184321442349e-01 2.435878532113e-01
11 2 5.000121357045e-29 -2.829527264528e-22 4.425797276781e-15 7.619136612213e-15 -8.554645834385e-02 4.871757064226e-01
11 3 1.099527873812e-23 -5.434881232080e-20 -3.995730834726e-12 4.737929434500e-12 3.001490237842e-01 7.307635596339e-01
11 4 2.915472377871e-20 -1.943961578446e-18 -3.533034196630e-10 -2.371826509137e-10 1.742719007448e-01 9.743514128452e-01
11 5 7.919288659812e-17 -1.247752728809e-16 1.731901995609e-08 -2.164692148418e-08 -2.578503728901e-01 1.217939266057e+00
11 6 1.361471681242e-14 -1.810339207570e-15 2.644047656148e-07 3.469167855947e-07 -2.686226677879e-01 1.461527119268e+00
11 7 6.388733411690e-12 -6.461313084268e-14 -1.064795474533e-05 2.853355160303e-06 1.759968750242e-01 1.705114972479e+00
11 8 2.259812227386e-10 -5.104801378661e-13 1.831280812988e-05 -7.265593770472e-05 3.674025150844e-01 1.948702825690e+00
11 9 4.006635901653e-08 -1.439561646410e-11 7.285045175803e-04 8.538663482786e-04 -1.279801089554e-02 2.192290678902e+00
11 10 3.442652186388e-07 -6.270051332454e-11 -3.655492474908e-03 3.522814296832e-05 -4.486170656176e-01 2.435878532113e+00
11 11 4.785223071731e-05 -2.413738440687e-09 3.268834239348e-02 -3.433818758056e-02 -4.195426807997e-01 2.679466385324e+00
12 1 5.878051747312e-41 -7.477515657060e-27 4.753084362617e-21 4.753061550494e-22 -3.906377529368e-02 2.435878532113e-01
12 2 4.856616197492e-32 -3.911851226702e-24 1.599935299787e-16 2.231876597313e-16 3.128151203177e-01 4.871757064226e-01
12 3 5.123111254885e-27 -3.000309295326e-22 -6.967926533380e-14 1.142070210677e-13 1.184403952755e-01 7.307635596339e-01
12 4 1.176635864285e-22 -3.527068357256e-20 -2.512694572863e-11 -9.972000932905e-12 -2.886595492920e-01 9.743514128452e-01
12 5 9.962838168194e-20 -8.701982072626e-19 3.766021462935e-10 -9.083101913795e-10 -2.013886931782e-01 1.217939266057e+00
12 6 1.408835775975e-16 -4.509644590547e-17 3.738079472319e-08 2.390559126968e-08 2.411638360241e-01 1.461527119268e+00
12 7 1.562275787546e-14 -5.391806949999e-16 -4.209466148528e-07 3.463604959517e-07 2.892991070152e-01 1.705114972479e+00
12 8 5.592091633139e-12 -1.781774943698e-14 -2.919848175971e-06 -1.141943903223e-05 -1.547062393390e-01 1.948702825690e+00
12 9 1.580043236631e-10 -1.255420371663e-13 6.751241367634e-05 2.025349676289e-05 -3.795463290484e-01 2.192290678902e+00
12 10 2.504086443687e-08 -3.535832226987e-12 -7.890474927633e-04 5.911457939895e-04 -1.111903644769e-02 2.435878532113e+00
12 11 1.891127819226e-07 -1.409479549205e-11 1.874605477860e-04 -2.974485381093e-03 4.484202182423e-01 2.679466385324e+00
12 12 2.608747803293e-05 -5.771046928447e-10 2.568054686111e-02 2.826242744786e-02 4.370223562170e-01 2.923054238536e+00
13 1 1.216743092515e-44 -9.643651497106e-29 6.860867709159e-23 4.008245032477e-24 3.183985109935e-01 2.435878532113e-01
13 2 8.925838984388e-36 -1.917890899581e-26 2.425628062688e-18 2.824153474445e-18 7.244321474894e-02 4.871757064226e-01
13 3 9.616417616931e-30 -4.653546296071e-24 -2.310182226416e-15 5.315977520317e-15 -3.053825155769e-01 7.307635596339e-01
13 4 8.384423601004e-26 -2.116557322969e-22 -7.094888269782e-13 -1.318296933480e-13 -1.468284328720e-01 9.743514128452e-01
13 5 5.511364377123e-22 -1.778114256851e-20 1.022427964995e-11 -7.241573934997e-11 2.764964197199e-01 1.217939266057e+00
13 6 2.216488142810e-19 -3.336067501703e-19 1.704736307901e-09 4.374271722272e-10 2.248183439364e-01 1.461527119268e+00
13 7 1.975513327413e-16 -1.484259592056e-17 -2.938153925888e-08 5.379929202495e-08 -2.246926176774e-01 1.705114972479e+00
13 8 1.561459242103e-14 -1.522922906073e-16 -4.025930083460e-07 -4.752320535520e-07 -3.069779911581e-01 1.948702825690e+00
13 9 4.525716366537e-12 -4.770889510071e-15 1.162708784638e-05 -2.667008278132e-06 1.344797811750e-01 2.192290678902e+00
13 10 1.059030126469e-10 -3.049850509269e-14 -2.156211181267e-05 6.038272553361e-05 3.895725637010e-01 2.435878532113e+00
13 11 1.535656176587e-08 -8.641460720846e-13 -4.627283751853e-04 -7.121702323377e-04 3.321582749762e-02 2.679466385324e+00
13 12 0.000000000000e+00 -3.180076470886e-12 0.000000000000e+00 0.000000000000e+00 -4.476951042603e-01 2.923054238536e+00
13 13 1.426790472380e-05 -1.381482303389e-10 -2.410958400788e-02 1.883479690602e-02 -4.532286991624e-01 3.166642091747e+00
14 1 4.975143385629e-49 -4.419648677983e-31 4.393742506000e-25 8.830099368096e-27 3.355472188354e-02 2.435878532113e-01
14 2 6.369767580992e-39 -2.676419282792e-28 7.063071835852e-20 7.001356739745e-20 -3.142610895664e-01 4.871757064226e-01
14 3 3.444310384233e-33 -2.454885515850e-26 -3.065363388753e-17 1.053262908812e-16 -1.014534297706e-01 7.307635596339e-01
14 4 2.446176953940e-28 -3.669788752947e-24 -3.897728432412e-14 -2.877650654433e-16 2.968122224702e-01 9.743514128452e-01
14 5 5.345595203964e-25 -1.146664459418e-22 -2.067394706806e-13 -2.268250678907e-12 1.716418667167e-01 1.217939266057e+00
14 6 1.573661849053e-21 -7.563751384174e-21 1.481964357494e-10 -5.405277604426e-12 -2.639975085345e-01 1.461527119268e+00
14 7 3.715501154485e-19 -1.149475032617e-19 -3.989290463763e-10 2.628333720035e-09 -2.452612057711e-01 1.705114972479e+00
14 8 2.343130913813e-16 -4.573321514906e-18 -6.842898309514e-08 -3.374483983864e-08 2.085685490603e-01 1.948702825690e+00
14 9 1.410076432844e-14 -4.141410049471e-17 5.093087611954e-07 -4.289229940720e-07 3.222164536674e-01 2.192290678902e+00
14 10 3.451576243235e-12 -1.250238262189e-15 2.191746957762e-06 1.136579634313e-05 -1.152724049224e-01 2.435878532113e+00
14 11 6.871590786895e-11 -7.344205072960e-15 -5.233066009509e-05 -2.211597433099e-05 -3.979004183028e-01 2.679466385324e+00
14 12 0.000000000000e+00 -2.104008859105e-13 0.000000000000e+00 0.000000000000e+00 -5.371907285821e-02 2.923054238536e+00
14 13 0.000000000000e+00 -7.198080425052e-13 0.000000000000e+00 0.000000000000e+00 4.465823385190e-01 3.166642091747e+00
14 14 7.822956832360e-06 -3.309404489446e-11 -1.351762142726e-02 -2.030955682360e-02 4.683361815311e-01 3.410229944958e+00
15 1 7.739641174737e-53 -5.848842591987e-33 5.480615230219e-27 -8.365542005692e-29 -3.183770702348e-01 2.435878532113e-01
15 2 9.108164554603e-43 -1.287027490919e-30 9.044745319076e-22 7.721319128479e-22 -6.285995168487e-02 4.871757064226e-01
15 3 4.837362998274e-36 -3.753642707807e-28 -6.825317242432e-19 4.053922166021e-18 3.086215544360e-01 7.307635596339e-01
15 4 1.363063644965e-31 -2.080883411558e-26 -9.090308798917e-16 1.423259358703e-16 1.269931362352e-01 9.743514128452e-01
15 5 2.162808223647e-27 -2.203376156518e-24 -4.311982649056e-14 -1.383110050041e-13 -2.875242250100e-01 1.217939266057e+00
15 6 1.935681472243e-24 -5.181272952077e-23 4.967353453126e-12 -1.541396773486e-12 -1.935462707991e-01 1.461527119268e+00
15 7 3.241469405998e-21 -2.855270024323e-21 4.149656300632e-11 2.448147610031e-10 2.513783692628e-01 1.705114972479e+00
15 8 5.102794267377e-19 -3.669407415598e-20 -3.548739494801e-09 -2.894044658885e-10 2.632389432831e-01 1.948702825690e+00
15 9 2.456478875857e-16 -1.342929889346e-18 3.722314928980e-08 -7.961371722372e-08 -1.928667754137e-01 2.192290678902e+00
15 10 1.178824301677e-14 -1.095147138526e-17 4.273212692149e-07 5.244031650762e-07 -3.354394368448e-01 2.435878532113e+00
15 11 2.513558822288e-12 -3.223651897150e-16 -1.074742034852e-05 1.598700133401e-06 9.702795485242e-02 2.679466385324e+00
15 12 4.346631777969e-11 -1.757128146900e-15 2.192370919236e-05 -4.414816274026e-05 4.048486679374e-01 2.923054238536e+00
15 13 0.000000000000e+00 -5.107843798266e-14 0.000000000000e+00 0.000000000000e+00 7.281855979562e-02 3.166642091747e+00
15 14 0.000000000000e+00 -1.633927837389e-13 0.000000000000e+00 0.000000000000e+00 -4.451842762546e-01 3.410229944958e+00
15 15 4.297634805436e-06 -7.930983335487e-12 1.690808061336e-02 -9.459355707389e-03 -4.824863755579e-01 3.653817798170e+00
16 1 2.490842079102e-57 -2.670010032434e-35 3.105882040579e-29 -1.502565898777e-30 -2.941790784595e-02 2.435878532113e-01
16 2 4.974884056974e-46 -1.810790207837e-32 2.233167785835e-23 1.654589701387e-23 3.152005461601e-01 4.871757064226e-01
16 3 1.370488673747e-39 -1.916249063821e-30 -4.046357817854e-21 6.907718697874e-20 8.878452811690e-02 7.307635596339e-01
16 4 3.016859680507e-34 -3.491588111545e-28 -4.128383801934e-17 1.301557379707e-17 -3.019718567172e-01 9.743514128452e-01
16 5 1.663828919785e-30 -1.334742502564e-26 -1.919105360456e-15 -3.530421878824e-15 -1.497043902528e-01 1.217939266057e+00
16 6 1.013659355173e-26 -1.092646991173e-24 3.220431633036e-13 -1.947914838909e-13 2.777921480808e-01 1.461527119268e+00
16 7 4.824403250695e-24 -2.056176953540e-23 4.271783059913e-12 8.574217425298e-12 2.130359910563e-01 1.705114972479e+00
16 8 5.304670307291e-21 -9.880989613696e-22 -3.503897686331e-10 9.494976628716e-11 -2.387802646251e-01 1.948702825690e+00
16 9 6.049306981929e-19 -1.107154819597e-20 1.585968267388e-10 -4.358403800577e-09 -2.791517633200e-01 2.192290678902e+00
16 10 2.343672532909e-16 -3.803520408069e-19 8.658349646759e-08 4.001359813635e-08 1.776274161282e-01 2.435878532113e+00
16 11 9.278628881743e-15 -2.835400640043e-18 -5.226822844125e-07 4.032669393049e-07 3.469780899007e-01 2.679466385324e+00
16 12 1.764462650888e-12 -8.208811829872e-17 -9.780779833204e-07 -9.883039848711e-06 -7.968637267114e-02 2.923054238536e+00
16 13 2.694130457936e-11 -4.183726415257e-16 3.637212566174e-05 2.108333291329e-05 -4.106640307872e-01 3.166642091747e+00
16 14 0.000000000000e+00 -1.237134555415e-14 0.000000000000e+00 0.000000000000e+00 -9.067433324399e-02 3.410229944958e+00
16 15 0.000000000000e+00 -3.718318221931e-14 0.000000000000e+00 0.000000000000e+00 4.435765407698e-01 3.653817798170e+00
16 16 0.000000000000e+00 -1.900998767472e-12 0.000000000000e+00 0.000000000000e+00 4.957956343892e-01 3.897405651381e+00
17 1 3.016574542825e-61 -3.603271854659e-37 3.411231358764e-31 -2.709179260643e-32 3.183625670208e-01 2.435878532113e-01
17 2 5.684334366777e-50 -8.587235756630e-35 2.496315249381e-25 1.610809751454e-25 5.553580002278e-02 4.871757064226e-01
17 3 1.494837601608e-42 -2.903428396245e-32 9.643078561341e-23 2.283235773270e-21 -3.107711109820e-01 7.307635596339e-01
17 4 1.348498986304e-37 -1.896706450173e-30 -8.258933903041e-19 3.942687720157e-19 -1.119516235027e-01 9.743514128452e-01
17 5 5.160734495049e-33 -2.448260363392e-28 -1.405820162054e-16 -1.741255738012e-16 2.946342531718e-01 1.217939266057e+00
17 6 1.000804421026e-29 -7.016623042599e-27 8.490561730730e-15 -8.232220141641e-15 1.700630296098e-01 1.461527119268e+00
17 7 3.123780697699e-26 -4.714505905387e-25 5.164453518296e-13 5.722419600413e-13 -2.678010249027e-01 1.705114972479e+00
17 8 9.240726173872e-24 -7.414425578979e-24 -1.262535248559e-11 8.377094670539e-12 -2.304896901592e-01 1.948702825690e+00
17 9 7.324231044032e-21 -3.203888557363e-22 -1.573646999260e-10 -4.533565444532e-10 2.262971477201e-01 2.192290678902e+00
17 10 6.408282758746e-19 -3.200931019753e-21 4.987307461518e-09 5.262597039564e-11 2.933139693701e-01 2.435878532113e+00
17 11 2.076612589783e-16 -1.047749013351e-19 -4.219518979017e-08 8.929445813708e-08 -1.628684675322e-01 2.679466385324e+00
17 12 6.960354268666e-15 -7.222172623169e-19 -3.635565752739e-07 -5.068541743150e-07 -3.570950316410e-01 2.923054238536e+00
17 13 1.202335927951e-12 -2.069894228195e-17 8.872432078345e-06 -3.964240698020e-07 6.318761256258e-02 3.166642091747e+00
17 14 0.000000000000e+00 -9.925012151518e-17 0.000000000000e+00 0.000000000000e+00 4.155403399401e-01 3.410229944958e+00
17 15 0.000000000000e+00 -2.990701201169e-15 0.000000000000e+00 0.000000000000e+00 1.074222988951e-01 3.653817798170e+00
17 16 0.000000000000e+00 -8.480829229942e-15 0.000000000000e+00 0.000000000000e+00 -4.418157057628e-01 3.897405651381e+00
17 17 0.000000000000e+00 -4.556691369227e-13 0.000000000000e+00 0.000000000000e+00 -5.083606688464e-01 4.140993504592e+00
18 1 7.833265123545e-66 -1.639764716584e-39 1.733541988378e-33 -1.886524817568e-34 2.619474495390e-02 2.435878532113e-01
18 2 2.452036655295e-53 -1.216941796313e-36 5.377563206277e-27 3.025820134518e-27 -3.158460151569e-01 4.871757064226e-01
18 3 3.429561384750e-46 -1.446686766855e-34 4.718583709623e-24 3.429153599548e-23 -7.895846822172e-02 7.307635596339e-01
18 4 2.344907087850e-40 -3.107688121050e-32 -3.200547477109e-20 2.078611906120e-20 3.054556873980e-01 9.743514128452e-01
18 5 3.222808852959e-36 -1.411520256640e-30 -4.196929506335e-18 -3.696207536567e-18 1.328234273154e-01 1.217939266057e+00
18 6 4.050135356531e-32 -1.398479496375e-28 4.189937594062e-16 -6.248497147348e-16 -2.868286362311e-01 1.461527119268e+00
18 7 3.770211343603e-29 -3.184528702209e-27 2.235725890328e-14 1.474068156851e-14 -1.884325771355e-01 1.705114972479e+00
18 8 7.163121746712e-26 -1.832958343827e-25 -8.458153761374e-13 1.031596708804e-12 2.576794348170e-01 1.948702825690e+00
18 9 1.456999654427e-23 -2.486509228095e-24 -1.345034055135e-11 -1.664970742180e-11 2.462047397886e-01 2.192290678902e+00
18 10 8.878632303355e-21 -9.882532575019e-23 5.448038295598e-10 -2.187330620889e-10 -2.139917409121e-01 2.435878532113e+00
18 11 6.213961711403e-19 -8.953465787769e-22 -7.240437800272e-13 5.402520880878e-09 -3.059771223964e-01 2.679466385324e+00
18 12 1.733979541718e-16 -2.824021469706e-20 -8.819841179771e-08 -4.374648504190e-08 1.485937904606e-01 2.923054238536e+00
18 13 5.021257949324e-15 -1.816146985151e-19 4.798944737431e-07 -3.148211860836e-07 3.660015985711e-01 3.166642091747e+00
18 14 7.995190979507e-13 -5.178496776871e-18 -1.043750236412e-07 7.798715024486e-06 -4.747374100650e-02 3.410229944958e+00
18 15 0.000000000000e+00 -2.347887924643e-17 0.000000000000e+00 0.000000000000e+00 -4.196318643293e-01 3.653817798170e+00
18 16 0.000000000000e+00 0.000000000000e+00 0.000000000000e+00 0.000000000000e+00 -1.231786235754e-01 3.897405651381e+00
18 17 0.000000000000e+00 -1.938231931724e-15 0.000000000000e+00 0.000000000000e+00 4.399445369233e-01 4.140993504592e+00
18 18 0.000000000000e+00 -1.092159811759e-13 0.000000000000e+00 0.000000000000e+00 5.202626749699e-01 4.384581357804e+00
19 1 7.591771732812e-70 -2.247239835203e-41 1.700866650784e-35 -2.325210969903e-36 -3.183523008735e-01 2.435878532113e-01
19 2 2.288281615107e-57 -5.711623661216e-39 5.353321449831e-29 2.621646746089e-29 -4.975125625785e-02 4.871757064226e-01
19 3 2.989555318220e-49 -2.179405425230e-36 2.285005472768e-25 9.961116978644e-25 3.122729356300e-01 7.307635596339e-01
19 4 8.586608949152e-44 -1.633564025642e-34 -5.591116593418e-22 4.697927985769e-22 1.001361885815e-01 9.743514128452e-01
19 5 7.926024862674e-39 -2.498921037609e-32 -2.344766872928e-19 -1.481209697194e-19 -2.995053470100e-01 1.217939266057e+00
19 6 3.279263786391e-35 -8.516182299331e-31 8.210805555746e-18 -1.976989813421e-17 -1.517526792265e-01 1.461527119268e+00
19 7 1.898223070429e-31 -6.851369505539e-29 1.787499373920e-15 6.445698442443e-16 2.787099143190e-01 1.705114972479e+00
19 8 1.021022687194e-28 -1.293026841110e-27 -1.996660397768e-14 4.623795471933e-14 2.050978439542e-01 1.948702825690e+00
19 9 1.320185135086e-25 -6.579620004102e-26 -1.716179759850e-12 -1.098082558231e-12 -2.475184726846e-01 2.192290678902e+00
19 10 1.979131286053e-23 -7.883627051255e-25 2.029839257717e-11 -1.887444652966e-11 -2.604194815610e-01 2.435878532113e+00
19 11 9.714643424694e-21 -2.931481937363e-23 2.703844315011e-10 6.190258762342e-10 2.019055799195e-01 2.679466385324e+00
19 12 5.612185034624e-19 -2.440001993934e-22 -5.601000550952e-09 -1.265043115254e-11 3.173457337476e-01 2.923054238536e+00
19 13 1.379391561611e-16 -7.480447928147e-21 4.460119350582e-08 -8.402378950592e-08 -1.347982009751e-01 3.166642091747e+00
19 14 3.507576615325e-15 -4.520532103419e-20 2.626957473219e-07 4.448173250105e-07 -3.738699838781e-01 3.410229944958e+00
19 15 5.209521130452e-13 -1.287320291051e-18 -6.726597598192e-06 -5.036985518639e-07 3.249000049522e-02 3.653817798170e+00
19 16 0.000000000000e+00 -5.542146291094e-18 0.000000000000e+00 0.000000000000e+00 4.230627831555e-01 3.897405651381e+00
19 17 0.000000000000e+00 -1.739958624444e-16 0.000000000000e+00 0.000000000000e+00 1.380432157661e-01 4.140993504592e+00
19 18 0.000000000000e+00 -4.437725697066e-16 0.000000000000e+00 0.000000000000e+00 -4.379956419277e-01 4.384581357804e+00
19 19 0.000000000000e+00 -2.617347363980e-14 0.000000000000e+00 0.000000000000e+00 -5.315704403898e-01 4.628169211015e+00
20 1 1.623320305378e-74 -1.020070525804e-43 7.834355066754e-38 -1.279754796733e-38 -2.361133394537e-02 2.435878532113e-01
20 2 7.991368461591e-61 -8.146223841823e-41 1.025366654036e-30 4.352879608405e-31 3.163088783727e-01 4.871757064226e-01
20 3 5.663383265429e-53 -1.066167154703e-38 4.282662199162e-27 1.339845308644e-26 7.110779861711e-02 7.307635596339e-01
20 4 1.204949837155e-46 -2.630206252058e-36 -1.877588401988e-23 1.989613248491e-23 -3.079237289672e-01 9.743514128452e-01
20 5 4.095694945210e-42 -1.385297347617e-34 -5.772090697098e-21 -2.535778571658e-21 -1.194130732553e-01 1.217939266057e+00
20 6 1.059934679976e-37 -1.623654662943e-32 2.522179787709e-19 -1.190634087255e-18 2.930977513643e-01 1.461527119268e+00
20 7 1.895419225446e-34 -4.382328340849e-31 5.958702776969e-17 7.394403487782e-18 1.690152393950e-01 1.705114972479e+00
20 8 6.183952762661e-31 -2.983744955794e-29 -5.709941105020e-16 3.877794079093e-15 -2.703899611915e-01 1.948702825690e+00
20 9 2.166258308142e-28 -4.816589929437e-28 -7.961202845131e-14 -2.175525624971e-14 -2.202867200756e-01 2.192290678902e+00
20 10 2.058035586598e-25 -2.218949084579e-26 1.299916789000e-12 -2.509821883780e-12 2.373835100654e-01 2.435878532113e+00
20 11 2.390495294551e-23 -2.391376217708e-25 2.401140175305e-11 2.337259091383e-11 2.733281943029e-01 2.679466385324e+00
20 12 9.787576976118e-21 -8.429274658755e-24 -6.731580479334e-10 3.065465143702e-10 -1.900655297585e-01 2.923054238536e+00
20 13 4.782404059617e-19 -6.512157716651e-23 8.243243604247e-11 -5.600656488281e-09 -3.275882536420e-01 3.166642091747e+00
20 14 1.054111957139e-16 -1.953748515829e-21 7.760135703188e-08 4.470085378617e-08 1.214707864238e-01 3.410229944958e+00
20 15 2.385204743332e-15 -1.115923747814e-20 -4.044801726369e-07 2.114794439752e-07 3.808419991033e-01 3.653817798170e+00
20 16 0.000000000000e+00 -3.183361201141e-19 0.000000000000e+00 0.000000000000e+00 -1.818527640420e-02 3.897405651381e+00
20 17 0.000000000000e+00 -1.305980909707e-18 0.000000000000e+00 0.000000000000e+00 -4.259340607083e-01 4.140993504592e+00
20 18 0.000000000000e+00 -4.189291426231e-17 0.000000000000e+00 0.000000000000e+00 -1.521024987114e-01 4.384581357804e+00
20 19 0.000000000000e+00 -1.017714646102e-16 0.000000000000e+00 0.000000000000e+00 4.359940581046e-01 4.628169211015e+00
20 20 0.000000000000e+00 -6.271257366792e-15 0.000000000000e+00 0.000000000000e+00 5.423427172282e-01 4.871757064226e+00
